1,0.194973267720757,0.177702577102774,0.396397430080574,0.0958515513408319,0.303631802655268,0.478740740227466,0.220196230428672,0.240301895957038,0.153460309258171,0.0800190167843895,0.129923350661029,0.0109081373733223,0.15903285457954,0.0877466773676517,0.308072385953623,0.0154847467854633,0.0338194365144057,0.0771883649772876,0.125108904100876,0.168475614148831,0.0343028762155196,0.242459304832122,0.0816567136218499,0.0604042018456022,0.134690417997043,0.0768498970804739,0.0784252699194463,0.159880954987282,0.0944256281627906,0.00697623203906182,0.148219128780052,0.0153465891842074,0.0519797965272996,0.0208533200065596,0.0445010933744592,0.0171481824348641,0.219518170299612,0.0666887610833634,0.130320920616208,0.172989289872596,0.0944445554910274,0.117119404633074,0.199111546825417,0.108087888223322,0.156202165528258,0.105240098907878,0.0235633363846699,0.45240157164261,0.103144668973969,0.00643138847720106,0.334831492020914,0.163563278366158,0.23520381137527,0.202906753514777,0.237231285340282,0.161939126470471,0.11700103325693,0.0125604026458099,0.0568625049071054,0.13541090524421,0.119293699688748,0.013163089769766,0.042172166183932,0.152122232547109,0.0145808747106384,0.133218909066229,0.0764063753600884,0.198189285728654,0.197799605455907,0.302045992967517,0.0648881301483794,0.0429546719444441,0.00643953357433918,0.166509227125523,0.14621781911453,0.00649774513844352,0.0611856014166622,0.0834040804505141,0.152744132779538,0.155734767358267,0.302181404544978,0.118847455765811,0.0402352196056435,0.0367490148131239,0.0140265804674712,0.206290191277132,0.0920809997360552,0.00279191347096242,0.0315332604477776,0.053673325718398,0.0546064551035276,0.151482305697532,0.0222127779744661,0.229390186602319,0.135633182430768
0.194973267720757,1,0.0307350661802328,0.225752904775309,0.0241955552476974,0.251836948552064,0.360999819930813,0.38324399703615,0.0133187978958028,0.198243446700345,0.0233342957488342,0.00707452381766374,0.0225958629336303,0.142281923863778,0.371453254985471,0.352528197375189,0.151841970481553,0.390980645447581,0.170258566252624,0.231083711229698,0.0459183066204199,0.191827052879982,0.0952188587310607,0.287561622670002,0.107645685770455,0.310204100347191,0.467281623795054,0.150313831140011,0.295681765815105,0.129713501881724,0.224151384245424,0.287970670999153,0.316577726639871,0.468797780199854,0.266286923371844,0.0882584077016315,0.19910679256245,0.172809826824381,0.00646955328058812,0.278729771248845,0.166924280923682,0.0714642404135678,0.374627322222208,0.0977345377474744,0.00391093235089499,0.0114162184792057,0.250221633495563,0.00474286507096891,0.183449210575966,0.358101932486157,0.0738464834922034,0.15568286996165,0.153811701141162,0.142199565876127,0.109651220475956,0.278154370766783,0.15123479663715,0.116403311799388,0.0273814178866443,0.0750130274438705,0.0324992539195918,0.379318969037747,0.23132321569968,0.00956202358897204,0.142100636041665,0.0979686700637009,0.0796841704493549,0.0916022284424814,0.0276537041900606,0.166783130677428,0.0178070627464314,0.0548988623313044,0.168716896382414,0.383229497266539,0.334913384958294,0.126947440776827,0.359936501868147,0.363370216976026,0.161325249315879,0.309173779076925,0.0555120496393811,0.138686624717002,0.0855036339087324,0.0863011037276595,0.0276189066401505,0.121355687245647,0.0751045651666987,0.15881412602681,0.094179630614403,0.133867836719818,0.264158305540692,0.260108064625354,0.100890849750469,0.271736482608397,0.498348977776445,0.046463454621973
0.177702577102774,0.0307350661802328,1,0.104063277085793,0.00251383869057582,0.198236961826419,0.187799820716806,0.11659235486465,0.0842650743542232,0.364187970594537,0.112965451654255,0.0878085516367426,0.142716663545446,0.284336865192913,0.0647041877368006,0.267445436680585,0.0520107962640301,0.0192175248252063,0.226765887238903,0.113571455433549,0.178279756235414,0.134799911603845,0.181696915696645,0.113521493617933,0.0392229340300849,0.063978479085608,0.142415101117655,0.0769139430191656,0.0250147391866672,0.03656381261963,0.171600614115624,0.172924616472382,0.118053407881779,0.153514951504605,0.217338374256892,0.212285750191014,0.249000154159384,0.0234235763133857,0.129575480026739,0.065395836333653,0.0719612274415171,0.195593526046682,0.131150781448979,0.286408932527739,0.0685854050501843,0.33718123438047,0.105017432608264,0.0575591567750136,0.325982751773026,0.0034710759359622,0.25349769000595,0.0642304937363914,0.202158824950114,0.0511451623485339,0.161952573354356,0.397554741965435,0.0592870987986808,0.48161831627943,0.0719784030510467,0.0283170952457201,0.151337787638733,0.0475080882217701,0.119126468868097,0.27401778937235,0.242270046573788,0.010664043899176,0.0434676694963142,0.169665638752446,0.0172883819641515,0.271891389064641,0.0734459397330914,0.00214073585638079,0.0903025703465808,0.0936205334969621,0.137605926236093,0.108262273792824,0.0482189553207236,0.0356630118748236,0.0920372362643015,0.188360598330628,0.153163090349734,0.225246448633904,0.089555415653217,0.0327270585680654,0.193333938725072,0.0901851528301406,0.0964660939708114,0.0720647880009035,0.126325953318064,0.353778007963297,0.159506290788196,0.299386827880145,0.00571883635782773,0.085599869935949,0.0724232115288341,0.187839905936902
0.396397430080574,0.225752904775309,0.104063277085793,1,0.176791809808885,0.873281020440095,0.269389922685157,0.683874202040892,0.0203972280704791,0.00201908350745336,0.0815207851638285,0.147443104155416,0.0633109213082871,0.0354341901034052,0.011001853996059,0.143759817149199,0.579107937275871,0.338726483003747,0.152066825596549,0.287284728214587,0.0712115630797345,0.134781120028993,0.356145396702004,0.0193734719573705,0.0331571985498369,0.0240512500335897,0.0725681832237967,0.069104586926089,0.167704953351765,0.280635603467234,0.0377983291696827,0.256094944789171,0.0381896884862344,0.0524150827396079,0.0798199076797776,0.037815589943422,0.0248303218536384,0.123307422494939,0.24371777567769,0.218923084055198,0.277342261445741,0.0287354713872985,0.194209546358831,0.112507310956527,0.384078905882004,0.11915567163569,0.0359129025096905,0.275294567425979,0.152476555558542,0.0166841409272135,0.162809361637599,0.688664001339799,0.0772750752618967,0.687066207716898,0.136450893902718,0.282037376383117,0.0904833599403394,0.198763382096163,0.115017897178447,0.0711821559825347,0.225130318359409,0.00140200312729622,0.0234145735221291,0.125192738975278,0.394192051117119,0.20213326306537,0.248467607478751,0.154053762795847,0.139737025253227,0.257494700666277,0.341802627963682,0.0167676208160169,0.139971176881414,0.133396163315703,0.159184830196764,0.0148492608222639,0.0618140629911417,0.0602499602797694,0.298774037720252,0.173815002647492,0.0119383606015845,0.394145448127533,0.00992670502344687,0.106412549252224,0.153674394928011,0.0943622684835903,0.150171725207508,0.204085533397406,0.0775696776083116,0.0921603277015699,0.0833285000517783,0.248285718349603,0.278178296896009,0.235112949988481,0.176242131551867,0.188699059234215
0.0958515513408319,0.0241955552476974,0.00251383869057582,0.176791809808886,1,0.140976013833007,0.0396844020567991,0.217956416442906,0.0328104663238619,0.0167907416334386,0.24980863164186,0.240907462789623,0.19761796169091,0.226940378408836,0.0255234091810636,0.0358955910684511,0.108180848572347,0.122803640315424,0.0542538237800537,0.167523025435159,0.0744302743754732,0.177649128948698,0.0625238068117917,0.0603317863890657,0.35029758449077,0.222699757003575,0.190320972767024,0.194978186529439,0.0967609722466948,0.237517795434602,0.312900545992341,0.0684271095985642,0.215016227315259,0.0555275710021011,0.13216159762799,0.0468573963060282,0.130683692291183,0.139692365049453,0.0277686493880804,0.20882330121602,0.172627500171919,0.231927051201624,0.110332050896205,0.0283901814301599,0.105687780886406,0.128320194948016,0.0215120374376427,0.0714774859037279,0.125746016027287,0.0977078359800385,0.0260259616691678,0.135455517325701,0.174226473750871,0.0991076891676217,0.23397996284412,0.0474718993851516,0.0311049457384279,0.00660365017842245,0.101159756282249,0.318616097273392,0.245585089568071,0.0754996242461356,0.00749657812046237,0.174137303075954,0.116138362782896,0.202072414399521,0.00888094182480803,0.166022734507718,0.180451612688078,0.150897625803567,0.067069077807976,0.227376086845748,0.160122359780012,0.222973911891572,0.218277940093438,0.235173623304344,0.240305113289231,0.224840879818904,0.033582219408842,0.236804880241531,0.214261958400718,0.0514842869622386,0.123788790196039,0.168430187662188,0.0455292640812635,0.177089901588927,0.0334778311826297,0.220878195552817,0.140897959573484,0.182831160752982,0.0109219505687564,0.120627216232342,0.180106385917805,0.219931574547009,0.0139469013218861,0.290168097295998
0.303631802655268,0.251836948552064,0.198236961826419,0.873281020440095,0.140976013833007,1,0.283076245464636,0.682276855750083,0.0469575585382106,0.0813758168841937,0.0151841912248137,0.0137007604449832,0.217086044343446,0.0728661413898861,0.00391778256628679,0.0882493153869588,0.596979835900129,0.247534562931731,0.218105777730577,0.290563264151026,0.160979373911752,0.133969751927039,0.293298563606038,0.0219622193131736,0.126098130005474,0.126078905742218,0.0199556051609207,0.0280159063282848,0.211388209632199,0.312012794248033,0.12669563467246,0.343646430937444,0.0229411008574843,0.0573710189278571,0.0790182223900881,0.088310413687148,0.00619853355829365,0.119384073510224,0.166411597598388,0.299096444428741,0.297684167597327,0.0262810862579342,0.142014959907163,0.30267998913411,0.323775683776383,0.0900713371628827,0.115292831808362,0.250499692071114,0.094649313747961,0.0366726515072499,0.172951410620024,0.704168018880456,0.0852316407477211,0.807874079796919,0.192274508418428,0.323559726809938,0.0376801887159655,0.183145566891059,0.0277481982891637,0.0607502892073318,0.209435517381613,0.0886978526607113,0.0556273163005451,0.0779633793023057,0.493027927520098,0.0406254473144654,0.196186610935145,0.206793963249587,0.202959043894089,0.263212967132865,0.285352807627533,0.00647085236481994,0.143640752799088,0.00665744251168748,0.0442239123190211,0.00290485074900155,0.0973917777494931,0.0655449143326918,0.28534116999619,0.224955610746074,0.000473787351979481,0.186011233199626,0.0208156730931726,0.1362335222377,0.141184583548693,0.0908642348315986,0.183308276627802,0.315820503338967,0.0818421770512374,0.213490324326252,0.0363203906653693,0.369784857674636,0.176656538830692,0.0877856226806725,0.17141595939466,0.221203264370962
0.478740740227466,0.360999819930813,0.187799820716806,0.269389922685157,0.0396844020567991,0.283076245464636,1,0.187123090014186,0.207992503910693,0.087141529885503,0.130278465348165,0.207181139074532,0.0719984661140032,0.0681831503481535,0.103403673212338,0.314014370866907,0.105489380509345,0.00742398404615689,0.121318301134018,0.108067760755246,0.0797640367004196,0.00543740574335324,0.0211024845964147,0.0276444691301503,0.143921690967523,0.103837699688093,0.234280036319626,0.321668516434788,0.196641896903394,0.0955632660752151,0.124584061712203,0.273343765983247,0.0964805439680945,0.313638760914223,0.0989726829912111,0.340470620725067,0.34563768792821,0.279646171844663,0.147439101157464,0.128009233862941,0.0232041730899082,0.198364576184142,0.209290955936068,0.0967279255992348,0.24479776064994,0.144196918801133,0.180642264311062,0.0626101734193826,0.204143523035343,0.00720958591883849,0.0974287445213401,0.153126313234382,0.0635803822971222,0.236002330726183,0.337304463841594,0.197035831779678,0.181154121000285,0.0311380970798214,0.19898928353439,0.100743283182035,0.133748529297543,0.151415858617936,0.0748447655428837,0.00351425527077,0.0209766415385876,0.0177488047909758,0.0824816712880869,0.00911895245229952,0.0471277657511142,0.282681084242956,0.145965778618833,0.0944848001023913,0.0531375271898168,0.0669839524723047,0.145541833551263,0.162573393474387,0.0379269281682217,0.0110656049026069,0.147808859028511,0.080830816284337,0.110754304313398,0.109919108759345,0.220832189389187,0.368581171476638,0.29208190354532,0.0259985132076736,0.0252577705716865,0.0334173027095484,0.252979702316857,0.0752384152121006,0.302928991898219,0.251422376675442,0.152446926478289,0.0476243315321331,0.268451271464701,0.156393309718845
0.220196230428672,0.38324399703615,0.11659235486465,0.683874202040892,0.217956416442906,0.682276855750083,0.187123090014186,1,0.134747258306387,0.103723264560425,0.156142798499637,0.290221451800785,0.0301567981910604,0.0610681565329289,0.232420982333882,0.148143448730152,0.52781466616452,0.644640308167713,0.026507120757745,0.544129078955984,0.105613442899729,0.07194898743568,0.231076611285256,0.353410372900483,0.0502675003165002,0.137729075000584,0.089856250048914,0.322180387738318,0.202317685186554,0.222787725081506,0.0563928942074823,0.160522262378744,0.258963907933639,0.224935177543936,0.298647369005571,0.0905445765513968,0.054592975983621,0.0295245000686019,0.353734947944488,0.118069400093185,0.159669232363477,0.0195919913032675,0.0843410400043234,0.268433269460905,0.3982277041167,0.125165764425096,0.196518719672615,0.2875986342456,0.0177422781319383,0.132284366889015,0.18282816910038,0.552685432460668,0.221995613839229,0.58174856005453,0.299084185204976,0.396459555352891,0.302693587164554,0.154473086437,0.0554715948994084,0.195310011543248,0.308942919937134,0.10201838617185,0.194104838426129,0.023221540576593,0.40639026913771,0.197622804116065,0.0256862210463677,0.40533893045355,0.00652951282920727,0.0122309473998142,0.110682676802106,0.249425101090083,0.163497900115454,0.10630673235433,0.0657096208510491,0.209389803578659,0.128932009312545,0.101040145907234,0.242335424603246,0.043785893793739,0.0904009464429704,0.160968735559877,0.230116810633483,0.118124510509497,0.209577978550721,0.195924211678614,0.0634822269730823,0.0236593645558368,0.162666539185127,0.15858802238734,0.100942805277335,0.421857407705485,0.182352828363651,0.166408367791803,0.241254647948336,0.204079301725344
0.240301895957038,0.0133187978958028,0.0842650743542232,0.0203972280704791,0.0328104663238619,0.0469575585382106,0.207992503910693,0.134747258306387,1,0.329932871567739,0.00170379316847422,0.0311314856439193,0.0235948487794848,0.00144196736528786,0.177650884312258,0.223770910141895,0.208974619711996,0.00735237939450777,0.359123657616938,0.00501311496739657,0.684297804374906,0.163263743098428,0.473329634215888,0.0279523367948517,0.0960973707917688,0.370498932847423,0.0827024091592097,0.131023680367225,0.0754919119227777,0.242250973526768,0.0273762826938265,0.1709607602094,0.278677270738529,0.0394395527304537,0.199362492265218,0.373960052322779,0.276999366843502,0.303528136775202,0.211940669209357,0.331718421559115,0.282610666101874,0.0168411507065567,0.0571899530775489,0.00668746515830555,0.159797299982745,0.00921136539175944,0.245085069895844,0.0278072436029644,0.0783588185979197,0.400990699762626,0.0869214540451659,0.06683812967711,0.13829967405002,0.128884880829594,0.134882034667732,0.191524631393156,0.126288028977327,0.0195610999649205,0.133635377991129,0.166737795998828,0.206757859207212,0.233385491717452,0.386364779162076,0.11424097044189,0.27819993422007,0.210833699631228,0.306990328473027,0.0242842707056093,0.448354751379282,0.0533288894955255,0.531732322212832,0.0429279827861084,0.236034462217193,0.216510446874634,0.116449957679113,0.349169652076251,0.350593404367547,0.462716749604856,0.195276155845208,0.335879315090009,0.365427208480688,0.222566591001501,0.184940436190719,0.379640600868801,0.444746514307175,0.270359809465354,0.264487512100848,0.124890418948832,0.277261401658344,0.0702846615696664,0.0872439053953706,0.0385881405826064,0.14629784368044,0.0472932061085893,0.129747938073402,0.040496419630589
0.153460309258171,0.198243446700345,0.364187970594537,0.00201908350745336,0.0167907416334386,0.0813758168841937,0.087141529885503,0.103723264560425,0.329932871567739,1,0.0162157772420441,0.0166062832014334,0.10393950386915,0.0382672467686996,0.446546561698019,0.606335759822072,0.080174910443229,0.178902271101744,0.0621376799022917,0.104176917697746,0.213523550558897,0.376288373034296,0.311630541978115,0.212918057839192,0.02906894471488,0.531936739166615,0.226487762512808,0.018841418142265,0.230430938246037,0.143204896077318,0.0275393777876459,0.112005660401994,0.0267246492908945,0.291608891580094,0.227159106713617,0.0799245193125527,0.0804146818991521,0.300429385194743,0.0703811566686863,0.0560359146813946,0.0851601289952134,0.0128500638629112,0.100595150388978,0.276850273992232,0.147738760502878,0.268024593142964,0.0521268314411532,0.075600931295029,0.0632657426285714,0.189168908167342,0.123795117408534,0.0593045776358501,0.118027573695221,0.0975958532124845,0.0269375527278155,0.139024219379502,0.139604334092058,0.440442186218429,0.100123162980988,0.0877055240769165,0.0775437810641272,0.217670447408288,0.4752108193455,0.416181364485595,0.027630950976601,0.0031869520953717,0.107866767537368,0.132768838100921,0.0423526720150993,0.265951482542588,0.0654447263781613,0.0442386239011514,0.120021919888535,0.393818961128423,0.281473278513546,0.0115602486470326,0.369059221417408,0.287435865011796,0.21599442030839,0.117574511019526,0.127590532228233,0.0368752212125578,0.00655506621754006,0.101426438431995,0.0646301861567673,0.226896813948984,0.0367080320071768,0.000839631645386286,0.194805627136884,0.274346441761974,0.21190324390691,0.222584668179723,0.0270514210067351,0.135418939740285,0.206696209260991,0.0523524193966224
0.0800190167843895,0.0233342957488342,0.112965451654256,0.0815207851638285,0.24980863164186,0.0151841912248137,0.130278465348165,0.156142798499637,0.00170379316847422,0.0162157772420441,1,0.516808203216121,0.293294987772653,0.326701857010815,0.14007922805213,0.232542239293419,0.189027897462802,0.151087415330332,0.147971716018564,0.158838314913058,0.210015217386987,0.03808025309403,0.100058328875978,0.0770249227022737,0.24550812947328,0.314090464267477,0.291694857088541,0.292898478015007,0.089630992780628,0.122780456061575,0.197895034514605,0.102226956975652,0.0142287397362949,0.283002716908442,0.0908905024498176,0.275095951753093,0.235148535877568,0.134018142998532,0.172359326679178,0.217391958805171,0.0560610636700596,0.0673859186784153,0.00815794945320221,0.0359574470990179,0.00111812707427034,0.14907271224948,0.0279877090810234,0.113908429242814,0.217220021927792,0.47588458317685,0.00754077732969628,0.00792221685308554,0.202081031538574,0.0305618337476434,0.19592824264688,0.276217353023183,0.339713951325303,0.21742988279131,0.444197115713196,0.558038428163789,0.0656327542729078,0.333960717788502,0.0754605911145405,0.169052523919045,0.0429633474271754,0.091969940843473,0.231317196282817,0.364624475165001,0.120219556036318,0.0609723762193299,0.0206831693737373,0.198159623665654,0.119987829991651,0.308628531146797,0.278330978390979,0.220112531859933,0.0569703510245268,0.140226614616541,0.142926483257862,0.0018949008547117,0.114303135103062,0.251623841037848,0.111688373265883,0.235197734087599,0.291326595117259,0.113023530900147,0.132101079233193,0.203664117174333,0.0579365835534352,0.0923756038304712,0.105403115302723,0.113366401668509,0.0908559405989083,0.213498374086444,0.0449434873155253,0.0293963527971718
0.129923350661029,0.00707452381766374,0.0878085516367426,0.147443104155416,0.240907462789623,0.0137007604449832,0.207181139074532,0.290221451800785,0.0311314856439193,0.0166062832014334,0.516808203216121,1,0.335571573894491,0.394836101932534,0.13844649893236,0.175718342361693,0.220490759442416,0.352952665758287,0.0018144118343639,0.176280702281457,0.0795817039704236,0.249497547806618,0.147817628210876,0.0964717686724381,0.494491988921927,0.397138509970739,0.258110489732552,0.449070865170027,0.378232531784695,0.00646398108264757,0.300019347625631,0.276326520649242,0.191375972562554,0.148193507726389,0.0355421921471275,0.190430064984661,0.063601344523843,0.275485392979743,0.0177362703849533,0.318386998703035,0.0176632053986839,0.0262637416791168,0.183984746297635,0.132095795635517,0.0692918556692301,0.138687516295379,0.21132684221871,0.170033585596242,0.0101907974404622,0.175347532062398,0.0602933962877348,0.108006985498705,0.00849497357230347,0.00210743215173095,0.233716597017846,0.10707784533352,0.27011801290523,0.148840725513164,0.196955731492913,0.645313213152113,0.178655662255698,0.295986980461134,0.0517513959575125,0.215849521806513,0.10356392855135,0.299782318585236,0.259118149825331,0.296348476439286,0.1077483841151,0.333411259199477,0.0658422565072321,0.118691526256157,0.265939605155905,0.328435012331783,0.279770779163218,0.375318274789801,0.362032976354874,0.0890567750286652,0.232213286270273,0.191209508874035,0.0836160075092175,0.144019655057798,0.105769383470637,0.150770853441902,0.204752247337936,0.254772915072696,0.0710406033566043,0.192801433583288,0.00482365876890788,0.141941233719652,0.353385254086989,0.088519478386258,0.0922933218085667,0.0638048679977411,0.061571296293479,0.0261338294710668
0.0109081373733223,0.0225958629336303,0.142716663545446,0.0633109213082871,0.19761796169091,0.217086044343446,0.0719984661140033,0.0301567981910604,0.0235948487794848,0.10393950386915,0.293294987772653,0.335571573894491,1,0.139231070914395,0.257162202236423,0.0285244432862382,0.04896538048692,0.227100173660955,0.359819224845855,0.200758043524977,0.085142866236746,0.394214956542432,0.134670720382269,0.155440123833063,0.179735126757085,0.200341946748108,0.0250484105291148,0.15442213076332,0.129596112135532,0.212786228324839,0.0486227492030841,0.286682191830615,0.173526608900371,0.0640624456780139,0.152005742361742,0.269276727161135,0.215023121795623,0.208319265514334,0.231767472633099,0.416965520939596,0.280941217880452,0.146024962976715,0.0316719782908688,0.180076111260224,0.053464632526333,0.0686734630290766,0.126484882330262,0.0760014854989109,0.0621603156482573,0.150324466878324,0.0887528844274281,0.26243205151695,0.0521176168555388,0.239451386797165,0.252011024842039,0.0950190941440308,0.367274621774182,0.05887999510039,0.237320601191331,0.309437519978406,0.220603927340156,0.0850787758614965,0.154184734643006,0.137461920710689,0.159821315225045,0.404781248135589,0.0404282048109423,0.263505604621017,0.273867844240739,0.298177575339645,0.0293823714754424,0.348735588033578,0.0445666205894322,0.249111561922904,0.105708870191166,0.244784414256884,0.147740520628881,0.250798233636481,0.115347310483916,0.455086188407594,0.217784078367248,0.0141842281379228,0.134664140160092,0.145239203705875,0.156130130539577,0.423097096539724,0.248980126351836,0.453736286560206,0.220339643097266,0.297808103049999,0.0356308191072194,0.0461770886002388,0.0724315126910604,0.210623654204376,0.0261185488406133,0.132760064456967
0.15903285457954,0.142281923863778,0.284336865192913,0.0354341901034052,0.226940378408836,0.0728661413898861,0.0681831503481535,0.0610681565329289,0.00144196736528786,0.0382672467686996,0.326701857010815,0.394836101932534,0.139231070914395,1,0.216875254355809,0.0385444789741304,0.0572461056802618,0.0757890906276695,0.340379495998241,0.0841160040469743,0.199810992348207,0.013983791572784,0.0568163809941815,0.22778733636646,0.509859762778075,0.29268777968413,0.243898069597534,0.302905880709319,0.307353875151557,0.0200434705806561,0.410047536289733,0.0658780786954588,0.139123302693625,0.426870174665429,0.390210096776724,0.22204490321465,0.141689726182474,0.0275049344724455,0.274558682203543,0.0981082032988395,0.104874820510536,0.0568448923811088,0.160166253757673,0.134819005669987,0.0445994635003709,0.0700878552238179,0.0257321731594539,0.336536599843958,0.169385233604886,0.0892485813614819,0.293453720139266,0.290746652424865,0.29688560959991,0.0901754644643347,0.0474462472816669,0.200669294205242,0.198481040059126,0.0121477445235495,0.0121571938553711,0.31959017101619,0.0510415823518587,0.503663393560349,0.151383253290219,0.0747686036944701,0.0419975333286355,0.0326141560122459,0.115009505101147,0.038279220468056,0.0309708832325839,0.0167430999063537,0.0595854109305727,0.0566621806155085,0.480289410645144,0.270259215949231,0.273847816555689,0.237434416916735,0.402785518405369,0.186065282862261,0.549846323005198,0.120164975046513,0.0740016410063324,0.341886199276514,0.242303694664427,0.197002453735347,0.142604533739093,0.0664825563105558,0.370114160123829,0.0113185271132328,0.173207324380353,0.0286328494697118,0.223306055761154,0.182843637418635,0.130945799562824,0.0967175301277688,0.0751144011991698,0.0453906305391516
0.0877466773676517,0.371453254985471,0.0647041877368006,0.011001853996059,0.0255234091810636,0.00391778256628679,0.103403673212338,0.232420982333882,0.177650884312258,0.446546561698019,0.14007922805213,0.13844649893236,0.257162202236423,0.216875254355809,1,0.211105583598236,0.0902387015532903,0.407857709924539,0.0482107605486589,0.11639852123243,0.1490639182673,0.386446087597144,0.185593801096108,0.407226526688973,0.0481460875179692,0.44950977745488,0.315717259761576,0.12674424732771,0.252037020135371,0.0699549671226377,0.030324431512328,0.154487330547023,0.0729709314060083,0.417769913569836,0.401882081338614,0.0773190690900085,0.00703504441380677,0.171854336364681,0.17715360458195,0.0809475139477725,0.0255985093533904,0.0895688938962589,0.200837795062703,0.023475437809771,0.121901291440377,0.0771540401928408,0.157395161312649,0.08263472721061,0.193801051042089,0.271185916413293,0.253059332961113,0.0360232432887701,0.229677208743096,0.0322852333116935,0.209405155100145,0.325730699433216,0.0233753257041382,0.0330405042806255,0.0651565320095647,0.0981576934531819,0.116440081115114,0.390667486233457,0.732019450520513,0.0111668161203685,0.149748221807496,0.12158017637938,0.0326534942410366,0.11056205381799,0.169630722500632,0.237068852005466,0.0636230415752231,0.110550257411282,0.323149485351077,0.316628450587677,0.346213459600954,0.193395119281223,0.482607130334018,0.411910567098362,0.159047542389674,0.259904925985222,0.239288718017261,0.159692672936134,0.160452393861043,0.18841699978631,0.241444519531901,0.109660098342148,0.04953751963589,0.0366926658265179,0.1732571374438,0.138106804915424,0.0169931254273385,0.146888384138883,0.119937571688713,0.205920928331686,0.454411728254776,0.272802237896858
0.308072385953623,0.352528197375189,0.267445436680585,0.143759817149199,0.0358955910684511,0.0882493153869588,0.314014370866907,0.148143448730152,0.223770910141895,0.606335759822071,0.232542239293419,0.175718342361693,0.0285244432862382,0.0385444789741304,0.211105583598236,1,0.00471414354707662,0.0899676933014146,0.0560415292218631,0.0193816527943682,0.0570719991835149,0.173589889116441,0.192650115685273,0.0645372102179746,0.0244800935831618,0.384775255212483,0.231230306386848,0.264288787241622,0.218401045756754,0.0706981008749999,0.041057235420079,0.097116516265976,0.0125577060025212,0.265923827222625,0.0465597240088716,0.222707688857735,0.303070576077345,0.348706694095083,0.0163393053841428,0.197667894194425,0.132253087070028,0.091294985688107,0.279150731397133,0.221182311086807,0.142366808207184,0.418203058130642,0.208215609974899,0.27174788918538,0.159991563973287,0.05040273475266,0.143131062964539,0.127097046103326,0.0950331244753666,0.0923951064730673,0.020416520668782,0.0883411752066594,0.0827005327229421,0.366027011388056,0.0590078727393972,0.203765154072228,0.174496980593539,0.117661361674331,0.210949685683576,0.443988733956233,0.0126920919115105,0.209033961154851,0.0221298990546803,0.0289670975412309,0.110419658598959,0.0890948369243491,0.263321373214017,0.132485142893859,0.0880455645502197,0.275843033283694,0.206142134500078,0.170998930203103,0.11694741629602,0.240785307078141,0.122636843620672,0.195333950368607,0.172971551429556,0.0238039079750962,0.260317614525976,0.102399777263376,0.130399851996674,0.359706933805169,0.255981828465104,0.182527061479592,0.239211868188563,0.239333005286136,0.41704057289929,0.108908521370854,0.226709764765472,0.0507547715078095,0.254220293268943,0.136236466144186
0.0154847467854633,0.151841970481553,0.0520107962640301,0.579107937275871,0.108180848572347,0.596979835900129,0.105489380509345,0.52781466616452,0.208974619711996,0.080174910443229,0.189027897462802,0.220490759442415,0.04896538048692,0.0572461056802618,0.0902387015532903,0.00471414354707662,1,0.132987474601881,0.147880668994055,0.616807558880589,0.0249731549730072,0.152443165253953,0.105938982005557,0.182001714742084,0.0633092327720066,0.0691651517229079,0.0229038953354094,0.362641672483998,0.0872378386879811,0.206274852336823,0.0302948145188581,0.184889708323035,0.160040461013725,0.0781966864018285,0.195843696322132,0.0638631791893653,0.124091024052285,0.0892522214310475,0.270654762071381,0.0443948343535077,0.0705524443477061,0.0492654799730174,0.0270345407219639,0.237655895744811,0.376769392597107,0.115397163481952,0.0347972527353391,0.466503782393269,0.15305942219811,0.0053819046067971,0.12604493906286,0.432989491123331,0.089356892835213,0.618369340311591,0.247840021048804,0.0238505077609492,0.261421401276762,0.0939187239318226,0.159277911777803,0.124000072487626,0.284101741437266,0.119036761151973,0.147817207038633,0.137675400645541,0.712255868588957,0.0282070945606125,0.0176094048094774,0.545568235707996,0.0122372233983263,0.0448817217031769,0.0374069406056407,0.214075485553098,0.0929978128135454,0.0871726423548169,0.0188943930934,0.42027642517316,0.166207114362979,0.167442292315871,0.0382515237742772,0.0817400516338527,0.361143064823063,0.0164168140434465,0.15540428137431,0.292044189857612,0.0350094885090286,0.285260716199942,0.117156781543002,0.01774464419457,0.283688722157304,0.123189176617003,0.0984104211846885,0.283740391103662,0.201431691916386,0.210999608613068,0.139855110484086,0.326799204859637
0.0338194365144057,0.390980645447581,0.0192175248252063,0.338726483003747,0.122803640315424,0.247534562931731,0.00742398404615689,0.644640308167713,0.00735237939450778,0.178902271101744,0.151087415330332,0.352952665758287,0.227100173660955,0.0757890906276695,0.407857709924539,0.0899676933014146,0.132987474601881,1,0.201673748738719,0.336741067320399,0.126009946072034,0.35837553244379,0.0925893529466328,0.536914018707568,0.0906642502141455,0.134187054637979,0.150436476311635,0.290045453203683,0.136079809895271,0.211945876162492,0.103113985132015,0.199093136581464,0.583639922203447,0.261225733767637,0.336723825667139,0.142819859516774,0.276224848480823,0.218921546563727,0.482928133490016,0.119214834239449,0.163784898116079,0.226065318035753,0.143281301374781,0.256256038484895,0.126932821553777,0.0477191891986873,0.0761329206431296,0.031353107616433,0.147908473025925,0.139401012123601,0.290427597660355,0.128169571663019,0.044772842375101,0.0869582208750479,0.0770655954353747,0.198649267045862,0.139640836420754,0.102662229640221,0.0735170130922269,0.287547769643452,0.0723686647881058,0.27009879582718,0.139246644208108,0.067944553449858,0.0946584718734352,0.36327102220832,0.137162940909441,0.194232666022543,0.277421108611158,0.342238585102822,0.00103985730980675,0.23751291655406,0.208620293226682,0.0464129331884891,0.114057359789762,0.239598054649399,0.228416820502252,0.0160508855317332,0.262594309084511,0.221367767668701,0.207297389171955,0.0449270941538658,0.266660031749699,0.160295512089445,0.0294778762111444,0.24187670717685,0.245946037656082,0.230801590275281,0.139863199640409,0.116925434202606,0.172278475010913,0.248908567669967,0.0623161829614937,0.084953702602314,0.162519890041997,0.0482911732019568
0.0771883649772876,0.170258566252624,0.226765887238903,0.152066825596549,0.0542538237800537,0.218105777730577,0.121318301134018,0.026507120757745,0.359123657616939,0.0621376799022917,0.147971716018564,0.0018144118343639,0.359819224845855,0.340379495998241,0.0482107605486589,0.0560415292218631,0.147880668994055,0.201673748738719,1,0.221543554919792,0.56424124770363,0.124059263891615,0.478104667364623,0.239098076935866,0.0925967352182863,0.076287532021376,0.0816687508431122,0.0233228765757385,0.0281083563311815,0.241678601934017,0.144085555690529,0.229709861148419,0.340167614060963,0.261395704028191,0.155182410082884,0.414913091112391,0.359223023249855,0.249115439723148,0.329691410810979,0.31695890210997,0.387658867344112,0.0133532298878588,0.00783046901936368,0.160658479622134,0.0379663423854499,0.0669155143207347,0.222599051063573,0.200499920161784,0.0645055916474432,0.115537805168411,0.343843368582259,0.199959278660249,0.0723134990458373,0.314916025558377,0.0885243656158416,0.00608303181427792,0.134637218808146,0.0360932654274975,0.047797330024335,0.152206775694274,0.327369983957278,0.135019142492023,0.0787995914937689,0.180711039169557,0.0683825105083237,0.333225420855152,0.553832628887529,0.0238236191006175,0.488319810664376,0.241150271924717,0.430117124051841,0.29322212635019,0.0949031441729467,0.086655823233706,0.0717669504905994,0.170220627470449,0.0408434011173607,0.306548198444611,0.152778931869383,0.350131908722162,0.262992476402097,0.392603020951848,0.0461684061693346,0.406872488242543,0.429659744468031,0.391058741016411,0.478450008603295,0.338977832012623,0.43830180466085,0.11374473732956,0.0836693661913412,0.100001198375893,0.0413484358287733,0.167889069733284,0.0418862894321455,0.0498075553267491
0.125108904100876,0.231083711229698,0.113571455433549,0.287284728214588,0.167523025435159,0.290563264151026,0.108067760755246,0.544129078955984,0.00501311496739657,0.104176917697746,0.158838314913058,0.176280702281457,0.200758043524977,0.0841160040469743,0.11639852123243,0.0193816527943682,0.616807558880589,0.336741067320399,0.221543554919792,1,0.00579015454635719,0.199907579864564,0.00528602553518129,0.566236881365956,0.105491631626999,0.0865746760389721,0.0903594638634743,0.526885560553121,0.232595639671863,0.139117705038423,0.0627016230867421,0.155662075722583,0.242241523820989,0.19078937113344,0.567775042890299,0.150239403207634,0.170114329859562,0.136641715118593,0.32893831967811,0.18425362693137,0.150431401535516,0.095107993963067,0.0671689500170897,0.28406405687803,0.498947025072759,0.000673930040181016,0.0399594251490749,0.272563972220085,0.206249451575872,0.090988430734956,0.0578228565369894,0.153058796134283,0.297224230850752,0.300789920051186,0.322732878562753,0.160584487886255,0.500390105866145,0.0890552571777655,0.220261302986017,0.192010806437046,0.331134517125125,0.00602317735577826,0.190349854952702,0.0175146286478586,0.572360052149461,0.093969152753091,0.183522650100247,0.743253648437711,0.219232273601112,0.2725210455892,0.156104365074686,0.637156799286459,0.0317878848076232,0.193391720086087,0.205569355357739,0.519871203851421,0.0745378189342512,0.203784405078176,0.0258200447862365,0.257148973240856,0.470457091989891,0.178126369427989,0.363718619413263,0.458103310043812,0.104155604181801,0.45768029696788,0.465148182073321,0.319006497400967,0.533786144713356,0.0346549132566022,0.103252191093743,0.382368586968053,0.245224785391739,0.130588389774198,0.157031722990155,0.44097591089479
0.168475614148831,0.0459183066204199,0.178279756235414,0.0712115630797346,0.0744302743754732,0.160979373911752,0.0797640367004196,0.105613442899729,0.684297804374906,0.213523550558897,0.210015217386987,0.0795817039704236,0.085142866236746,0.199810992348207,0.1490639182673,0.0570719991835149,0.0249731549730072,0.126009946072034,0.56424124770363,0.00579015454635719,1,0.223726075320748,0.501849722672983,0.0182520537335341,0.0306698763503042,0.147164396840484,0.0556187776304461,0.011134417221253,0.0168497873958979,0.325251415425608,0.166453700979882,0.21822541027887,0.257444687412132,0.0998126806353956,0.0568535397754097,0.322617719901234,0.247016203494455,0.233434231181071,0.1733954196611,0.174895877828671,0.353432834027611,0.0347802808983306,0.0730422722918916,0.0354003238528729,0.0884525710372359,0.0639688981226757,0.220673120765343,0.197699459386599,0.0754421648544593,0.302795886120734,0.0846660114256978,0.0881221769848189,0.0785964580485817,0.178088185712755,0.0923539788511631,0.171593469308396,0.0809563918086649,0.137522760235999,0.00682564183920234,0.0144921325437121,0.214330695234259,0.0566441783400657,0.300608265861141,0.119636594188044,0.218623662722002,0.126592467645426,0.50547310852174,0.135096088192594,0.475132516682317,0.0144580214419244,0.563797261192152,0.01433557578993,0.0900638483322672,0.0322928325428696,0.0688270884520354,0.097374966626408,0.099140977730184,0.355639758220027,0.0196930119746021,0.221186989490891,0.294315441702011,0.307522520280689,0.145656180645333,0.400132824356212,0.414673691637577,0.207088917208926,0.374408906125426,0.0968528680799976,0.282645408768227,0.0623356877260618,0.0292845784384424,0.0501025272198412,0.0881114717901446,0.150600830277627,0.0614815729293305,0.00778939928817078
0.0343028762155196,0.191827052879982,0.134799911603845,0.134781120028993,0.177649128948698,0.133969751927039,0.00543740574335324,0.07194898743568,0.163263743098428,0.376288373034296,0.03808025309403,0.249497547806618,0.394214956542432,0.013983791572784,0.386446087597144,0.173589889116441,0.152443165253953,0.35837553244379,0.124059263891615,0.199907579864564,0.223726075320748,1,0.120752375874749,0.4284432328758,0.00945398533136314,0.114071678862421,0.0813377047659827,0.182452377236919,0.0381786267064603,0.192307967692075,0.0864509482169176,0.173134213457625,0.286697099174756,0.23567026357342,0.199089929771617,0.316088398179285,0.296735124511587,0.0989403494616642,0.165765465802532,0.123036462966615,0.18521559148412,0.0787496678745714,0.16539860061119,0.0280081961439521,0.0390326234048312,0.0714101665099448,0.129768891056969,0.101770602168323,0.0278425080427225,0.0501084766428398,0.035594047906797,0.247822097765962,0.0191425633744269,0.0584482520740091,0.256908742973512,0.0737173835940066,0.0298343191319095,0.115884854886063,0.0482067249531429,0.0831167100102396,0.164871312200637,0.162613099600549,0.357025968455047,0.164648763967335,0.0621574951696203,0.0755153897052778,0.0717026179960781,0.286379141623109,0.17428609315332,0.777471605853726,0.0913611735087162,0.335968011538717,0.0936588359090337,0.161761708645222,0.167977857193593,0.257800359020682,0.0451149314698411,0.138456556901578,0.0374599980584461,0.268714693284653,0.24907939588893,0.234074724698776,0.25131409939366,0.183595768218565,0.176705500756066,0.237836591960258,0.197452403098984,0.332698331389704,0.173962528999394,0.288913908529912,0.0676845837559936,0.123176374337556,0.0953112309235948,0.0270695511579654,0.0282250150586073,0.0576108591486089
