0.000000000000000000e+00 3.324008802324223133e-01 1.789600013523378885e-01 6.488314848394288736e-02 2.527176667956863160e-02 1.190375245153333511e-02 1.120597998724142952e-01 2.410112757683106552e-02 9.186627095454284742e-02 1.646926098421563067e-01 5.796642670349800262e-03 6.204156254978885829e-03 1.099685572499726344e-02 7.154919112401246549e-04 1.354135637581746531e-03 2.523822873188648619e-01 1.050530761385278948e-04 4.271364192479315080e-04 3.714727462231851886e-03 3.105954980136818241e-04 5.598285945111688977e-02 7.633190833114316884e-03 8.822448327818407932e-03 7.056694196632561002e-04 4.864404856553300092e-05 1.597331971221876588e-03 1.461150520796942499e-03 2.180658426163997298e-04 3.202071833921806655e-05 9.648579867811726244e-05 1.009377113383331189e-05 1.894646735698664552e-05 3.070238440833944309e-03 1.565958991182949409e-04 3.344808002292707153e-04 1.376547671203837402e-03 2.222031164639465056e-04 9.303347193364392646e-06 2.178453647797867928e-04 2.174930513973121938e-05 1.732257087785837396e-05 8.900983206661477977e-04 2.868611739064153704e-03 1.083517675387987711e-02 4.640555307458460801e-03 5.736964399511626511e-02 4.785113409292192366e-02 4.845403840738898502e-03 4.208394052885544400e-05 3.560440154192203387e-05 2.448612506285155260e-04 3.425617734512280475e-05 1.331324816616554951e-05 1.269291397588812806e-05 5.126313682203647540e-05 8.825725621411724300e-05 4.954519639360913986e-05 1.112142050846267672e-04 9.569273555751692516e-06 4.481403073525483588e-06 7.233188583773637111e-05 1.651885388556699014e-05 1.424406814523034113e-04 4.059045589642537978e-04 1.561886419696052720e-04 1.287203596632055875e-05 1.536726868726816589e-04 1.864162603691649884e-04 5.636798491543926974e-05 1.864590511564916250e-04 6.313796020695893341e-04 4.957955701644478332e-05 1.815538646706125233e-05 7.872444247885700824e-04 1.483564350308212492e-04 1.118851482550166788e-04 4.323457166503351056e-06 3.833078222505210020e-06 1.087365465707755256e-06 2.634960193981072619e-06 6.048217949637424055e-05 1.545915124101413201e-04 1.565647604037283198e-05 9.088818349564897455e-05 1.612132496827763019e-04 0.000000000000000000e+00 0.000000000000000000e+00 1.296756164454616805e-05 5.530514614384868581e-06 4.640831330312449911e-05 3.139684684888082670e-04 9.470800905580786333e-05 1.618566485709073920e-04 2.817435340137825102e-04 1.087365465707755256e-06 2.006874816644783552e-03
3.324008802324223133e-01 0.000000000000000000e+00 3.611179911586338831e-02 1.943492909176130004e-02 1.565535454477564870e-01 2.913451018163354129e-03 4.561501232895432967e-01 6.297360703900375598e-03 1.245745165205147838e-02 1.675031821705400686e-02 1.149022433917214377e-02 3.921345472667743179e-03 6.251715954505739775e-03 2.390454309427259005e-01 3.265161473760379708e-04 1.736840545365951616e-02 2.965221169580901494e-05 1.371895479589442740e-03 3.265402026404092169e-03 1.252940809441628546e-04 1.382751177472707309e-02 2.881521687328491427e-02 1.088614063166308543e-02 3.404636298658241531e-04 2.829472020068348748e-01 6.669318135141716862e-03 4.805172095142255968e-03 1.560083165032633912e-04 4.578747730423054357e-02 6.478655090730887044e-03 2.494089541274135263e-02 1.638436780734687896e-03 1.994174652076267651e-01 2.087532819194839150e-03 1.444910145719589107e-04 1.166950568502966856e-02 5.278090613154877604e-03 5.548787524275850501e-04 2.546340560708779989e-03 7.244336843351195448e-05 1.845434859398423590e-04 1.986918318499032547e-03 1.875693175151396663e-02 1.864693097440931271e-02 4.209231950986184675e-03 3.138784431948660192e-02 9.101699882247342444e-03 7.371138713036302264e-04 5.398507242750429384e-05 1.368264425431440189e-03 2.021995493276384376e-04 1.955081560096834831e-05 1.617683904357326271e-05 7.628122528177759448e-06 4.979551322495421673e-04 3.568917351369827232e-05 5.411113776959042461e-05 7.784752041626635984e-04 1.522755578494844251e-05 9.807064274119900357e-06 6.171412999954752987e-05 6.627478393269468004e-04 4.930369810284568484e-05 4.625972812492447350e-03 3.316865896681315520e-05 5.790757701876891155e-06 1.616267421030399083e-04 5.500611672825093414e-05 5.543355113859210336e-05 6.293545533407921781e-04 8.104837778227279646e-04 3.459123863605752377e-05 2.381130353191606135e-03 4.419848691537543901e-03 9.079000514300006710e-04 1.161910886178270109e-04 1.658384551722855713e-04 9.003312603106669934e-04 1.957190115128593110e-04 4.193787628305440074e-05 6.101236607975009212e-03 4.131572892692180615e-03 3.189054388977480574e-05 5.680823004257749310e-03 5.137614359320957086e-03 6.411602435767765266e-06 1.288278441337513546e-05 3.586302911184782553e-05 1.150157313946118593e-05 9.680423678098897628e-04 1.712720070973944991e-02 6.685830117844177370e-03 6.033516461768397010e-04 3.354039148363983274e-04 1.202175456706455987e-06 3.549110008558416739e-04
1.789600013523378885e-01 3.611179911586338831e-02 0.000000000000000000e+00 1.404793086805197766e-01 1.744499472856811048e-02 9.559908708451039794e-02 2.621869984264398046e-02 2.521515132052227701e-02 5.679645605217842515e-03 4.099786721788600818e-02 7.902723524596318161e-03 1.897048327609588206e-02 4.224751663938356230e-03 1.472404821850365614e-03 1.494758282130165912e-03 2.178509589054056228e-01 8.060385506899027733e-05 3.225513011699614966e-04 2.039362238491942633e-03 6.119832695697931084e-04 2.658220121864542790e-02 4.063997678947288764e-03 4.745922283209473742e-03 8.040781696933307389e-04 2.773677438678505847e-03 8.856818054766261864e-04 5.728014043389105048e-04 2.689306123002107012e-03 6.778308869947959406e-03 1.259636188195022675e-02 1.539727018697084528e-04 3.783844899774024828e-02 7.053322741163370151e-03 1.780954923111566256e-04 6.105670605212396148e-04 2.809328387351270676e-03 1.949398227146065601e-03 1.256357543185310753e-02 8.168373860288990693e-03 1.453940232399705086e-03 2.396720182029329904e-02 3.421131678360968265e-02 7.435617649940914724e-03 8.297847369044574969e-03 3.646221915459288421e-02 1.280408754073236177e-01 2.504886118580695875e-01 2.590459947778685212e-02 1.396272749690181730e-04 1.045909894338179717e-04 9.663685966384453563e-04 3.940564901437345284e-05 5.975857535556352040e-06 3.786153335694578961e-05 6.350181431152202201e-05 2.930440462368194760e-05 2.368523273109681595e-05 4.337742497945250688e-04 1.484333915757688904e-05 4.660659196466503134e-05 6.249132607293179356e-05 7.141817285311109656e-05 9.685294232574183815e-05 6.490635713077460818e-04 1.044443276534706038e-04 2.062317337607240538e-05 9.233678828256473002e-05 1.096933139353096956e-04 7.799744970202821188e-05 2.189853716481012012e-04 4.043178686476592938e-04 6.969339609834163812e-05 1.991845151614566342e-04 7.580436718207638619e-04 3.860645390923829121e-04 1.219232898100510625e-03 4.883641808244097281e-06 7.120836920945989353e-05 6.987046016685066094e-06 8.738167968799026922e-04 1.241223841178582638e-04 7.588899914390649648e-04 1.333310521426906521e-04 4.542754518751615533e-04 1.008467528724844809e-03 4.812937175126741005e-05 2.118431686559396078e-04 1.383325176912067814e-03 3.335948569470906450e-04 1.500197071785269883e-04 2.386226318098472882e-03 3.748010529631637128e-04 9.070429296881032423e-04 1.439875548032792506e-03 0.000000000000000000e+00 1.007497686700140407e-02
6.488314848394288736e-02 1.943492909176130004e-02 1.404793086805197766e-01 0.000000000000000000e+00 1.389433180408456980e-01 4.853632868483916396e-01 8.975781704505223640e-03 2.326102685093233979e-01 2.795410078779349706e-03 1.282483268042635197e-02 1.159161628480628314e-01 2.465818974962955684e-03 4.586630531006867344e-03 1.308581370696871790e-02 9.750364293606253452e-02 1.072514333556572746e-02 2.953203269355322153e-02 2.816672751244647535e-04 1.357424134060451412e-03 2.116432075463581600e-02 1.361545912921911447e-02 1.737094811666837699e-03 3.403215483092983384e-03 7.187857889975412563e-03 1.438985646323484688e-05 3.260236914615418247e-04 2.974143996559786896e-04 2.653483769029653210e-03 1.401185307224880880e-05 1.709298720782051779e-05 6.124778895481873223e-06 1.530945986813958754e-04 3.461377470426371108e-04 7.687906143888652397e-05 4.334202297006999396e-03 3.288928256300932725e-04 8.159123680447179564e-05 0.000000000000000000e+00 7.109184173771983673e-05 2.092216700538147823e-04 2.159675616722368316e-05 8.669181482997136839e-03 1.188726956243887434e-03 6.302117020260907844e-04 4.776064247922361117e-02 1.284769517791893023e-01 2.222975938575595112e-01 1.102056656118445832e-01 1.792540520576164931e-04 2.225788329157481817e-05 1.052105457801853512e-03 1.567531520103857164e-03 9.650724872845476313e-06 3.292791924970678817e-03 2.967093933177411232e-05 4.690281709930919419e-04 2.368523273109681595e-05 2.721156257729077411e-04 5.465909824118342894e-06 7.498920082032051837e-06 4.767409377021316334e-05 1.026093310386013633e-05 2.509872080383528624e-03 1.698985352854053888e-04 7.114354485226579219e-03 1.693784977991344637e-05 5.291546561634442809e-05 2.672763466366939299e-03 7.687842291543672520e-05 9.434569840873474058e-05 2.435816315805391539e-04 1.156900152074372910e-04 1.294169196506441059e-05 3.519032792323978191e-04 6.429658690954229692e-05 4.323550900439868507e-04 0.000000000000000000e+00 8.291736455448499661e-07 0.000000000000000000e+00 1.811729775488007428e-05 9.789961564096610235e-06 5.464375919789979662e-05 1.413357345664382494e-04 3.670656145517394906e-05 6.159664414044105721e-05 0.000000000000000000e+00 2.367663847319568466e-05 6.012292260474877480e-05 5.530514614384868581e-06 2.755195715843858362e-04 3.375878498932994464e-05 1.060014353848251338e-04 1.697132769620805955e-03 1.772183418478062841e-03 1.224955779096374687e-06 1.466026334286261654e-02
2.527176667956863160e-02 1.565535454477564870e-01 1.744499472856811048e-02 1.389433180408456980e-01 0.000000000000000000e+00 1.495793478109781055e-02 1.541614721890527742e-02 5.212532959650399006e-02 2.034887292683056591e-03 1.598189907179024469e-02 2.585180286354323287e-01 3.162362626258698184e-02 2.343387068192154254e-02 3.895892063945191608e-01 2.002414424769395542e-03 9.757893127087358121e-03 5.509293464163109166e-05 1.645529121985055479e-03 6.581272618618403888e-03 1.363172971556115675e-03 1.107087240196947403e-02 1.160558873322825937e-02 1.299609353780609503e-02 2.349297158100100043e-03 2.655400709781471046e-03 2.391237542736899743e-03 1.387667152172584843e-03 7.385944415698251619e-04 5.690828483945634640e-03 9.321885391732941464e-04 2.832437210860782543e-03 3.139066043399462227e-04 1.425968623159523012e-03 2.183631936027291272e-04 1.171942272824253242e-03 1.370548739350366165e-03 1.877503299109836601e-04 7.917612294799199950e-05 1.460005094969848288e-03 3.489040406811633318e-04 1.722733444096184686e-04 8.128284325184599894e-04 2.052193361407726561e-03 3.286345695499238474e-03 2.057835491060854352e-03 5.132422583400494259e-02 7.561531979340118141e-04 3.973192070183143108e-04 1.723004743408285857e-05 7.309190116043137416e-05 2.986606515124220454e-05 9.505568432575919657e-06 1.456785877065383325e-05 9.674782196465802370e-06 2.089954030476901805e-04 8.689753843478264541e-05 6.419774880039286181e-05 7.590759836907472451e-05 6.857097744563096737e-06 3.585122458820387124e-06 1.523054708917405712e-04 1.161189725094967865e-05 1.189894411273957695e-04 3.172326556138522981e-04 6.128141962698350923e-05 1.538287007520499860e-05 3.404593330655606874e-04 1.990261612626076663e-04 9.230371972472723135e-05 5.778591685959777935e-04 1.395699360427127408e-03 9.449714681075514896e-05 4.405278482486441689e-05 2.577779005913752655e-03 2.219690766129762190e-04 3.902709733149803319e-04 1.522944473279348214e-05 1.212292208925421363e-05 2.616143699541128319e-06 0.000000000000000000e+00 2.495181342409501755e-04 1.717344612356149608e-04 8.353486067938339823e-05 2.241467269630701635e-04 2.164002278805704808e-04 0.000000000000000000e+00 2.189340745719672144e-05 1.107068826141793409e-04 8.146658313925996900e-06 1.078731805704538822e-04 8.458504814914684280e-04 2.400453965471589161e-04 2.989736641353331120e-04 4.232130316432356409e-05 0.000000000000000000e+00 1.149910655256824793e-04
1.190375245153333511e-02 2.913451018163354129e-03 9.559908708451039794e-02 4.853632868483916396e-01 1.495793478109781055e-02 0.000000000000000000e+00 1.357171903952257563e-03 9.352655606452667247e-03 7.614158772247245962e-04 1.405359384770497704e-03 3.740470059503839869e-03 7.924533857030577463e-05 3.496206610550934538e-04 2.804816887521385067e-04 1.234256957025524071e-01 1.122304482774261940e-03 3.487217107772662139e-01 4.015592614488503712e-05 1.048552682495981374e-04 1.325902401572139344e-01 1.962347149294526531e-03 1.706082893195724130e-04 2.180239688761857926e-04 5.487989603101518787e-03 4.021542892062091100e-05 4.017689152954960995e-05 9.946183049526954845e-05 4.887867094357411374e-03 6.331403762662807461e-05 7.174796472373854653e-05 8.225334688868489444e-06 6.813759458976736787e-04 1.396917563056664514e-04 3.636056288824940260e-05 4.749871241341148582e-03 5.733980307636650270e-05 2.999272046610180353e-05 5.751187209359646046e-05 3.308568228152739687e-05 4.111674998389836140e-04 1.301710763579865275e-04 1.102086406179971778e-01 2.536796985115955319e-02 3.256793649337515629e-04 5.374141394389798931e-02 3.909196769673362049e-02 1.250448219615509227e-01 2.233527713143701465e-01 2.624284607334390410e-03 4.322969093329057772e-04 2.080071180042824402e-02 1.145803764558486759e-02 3.840682747441946762e-05 6.339159197306416804e-02 1.598457994071084468e-04 1.091060124510975782e-03 0.000000000000000000e+00 5.081707265962498096e-04 7.531087920569364535e-06 1.718814083591945662e-05 7.491777005154267395e-05 1.645646739321319956e-05 2.988796764519923658e-03 1.090533328667084301e-03 3.680488834969013884e-02 2.393822868968556303e-05 5.476120529319149016e-05 7.555307605798160589e-03 3.484598503132494102e-04 2.402048797767212884e-05 5.857793505977654090e-05 3.235568686232399220e-04 5.021458365414873103e-06 2.646473738026033614e-05 5.240710840870383617e-05 8.189237811669597238e-04 0.000000000000000000e+00 3.303414228863397991e-06 0.000000000000000000e+00 6.783165297485675650e-05 9.011930297859418432e-06 2.454774684461397832e-05 1.869701586210190504e-04 1.048758898719255615e-05 2.850885283730165282e-05 0.000000000000000000e+00 2.954932209036679282e-05 1.243738005012545267e-04 2.765257307192434291e-06 1.533303125714380929e-03 6.227394357504228073e-04 1.045539219599281880e-04 6.946258235890115894e-03 2.884195014285179798e-03 1.645066937773698058e-06 5.182027241157251274e-02
1.120597998724142952e-01 4.561501232895432967e-01 2.621869984264398046e-02 8.975781704505223640e-03 1.541614721890527742e-02 1.357171903952257563e-03 0.000000000000000000e+00 1.371167878205385368e-02 2.839681268632627820e-01 6.194284354229705886e-03 3.162948102204397351e-03 2.956494897589329301e-03 6.545177311040338564e-02 1.218599379668333128e-02 9.042210630806964567e-04 9.866644555144802459e-03 6.590784359167424890e-05 9.076309656269880739e-04 1.943357048610749481e-03 4.801770479751582771e-04 4.352641507560137124e-02 2.041565307464389689e-01 2.643769573166618574e-03 7.844595367704462795e-04 6.062220387573705876e-04 9.666324049613800058e-04 4.830091097590653447e-04 2.108895008827084308e-04 5.864703970751841081e-04 7.091701092748266266e-03 2.771227496223688789e-04 1.621636663053678019e-03 6.643157974850062708e-02 3.174262929480597918e-04 1.591932145085746047e-04 1.165592662509037231e-02 1.466844694236521919e-03 4.388551306416016342e-04 9.109774845923762632e-03 8.090312290211480338e-05 3.182996530505283368e-04 1.264623281286483348e-03 3.035739410288698821e-03 4.754665332077151300e-03 2.647273683348078978e-03 2.556289878975724975e-02 5.622601381513404710e-03 3.516955216504403050e-04 7.192795276025260425e-06 7.380537422137613875e-05 3.906832664964298227e-05 2.662691003308033795e-05 8.352889138604237184e-06 6.889495858138167876e-06 6.575506723609903610e-05 8.571930474018661411e-05 2.931643933912052251e-05 7.104154413975426424e-05 4.802957207924014579e-06 3.576640247217373827e-06 3.637960589176690541e-05 3.176266692592431557e-05 1.010822034797718424e-04 4.376395446184666192e-04 1.006463290531456643e-04 7.329072120928194304e-06 7.391867279301611560e-05 1.692668861587193229e-04 3.602341471498055449e-05 1.982368930573885288e-04 4.279110053706748282e-04 6.988597066294611061e-05 5.282625374300901140e-05 9.784746867759210823e-04 1.028024596878956954e-04 1.548686224852417466e-04 9.128658890676549887e-06 1.959088517760749609e-05 5.364960370826060740e-06 8.941600618043434567e-07 3.967543545004285541e-04 1.815848874837210222e-04 2.020034386141210877e-05 2.474985702480501904e-04 2.560018527151229086e-04 7.153280494434747654e-06 1.772757149233992346e-05 4.577401956682830678e-05 8.130217678018495454e-06 7.785010908301813947e-05 1.728160960566415541e-03 3.529168687769199185e-04 3.727088899971776502e-04 5.897895704955695141e-05 8.941600618043434567e-07 2.341065101276583612e-04
2.410112757683106552e-02 6.297360703900375598e-03 2.521515132052227701e-02 2.326102685093233979e-01 5.212532959650399006e-02 9.352655606452667247e-03 1.371167878205385368e-02 0.000000000000000000e+00 1.608160073784730250e-03 9.828643807831206197e-03 1.807726602768171265e-01 5.545064896758782058e-02 9.208635162583023170e-03 2.256616183810792806e-02 2.508352116521740671e-02 1.037883159265342789e-02 4.925330819342421283e-04 2.672607509901070433e-01 2.532217392039421561e-03 5.958785564288179848e-03 1.539087225119989584e-02 2.718993873503545815e-03 6.973274363361947961e-03 2.735504336393254077e-01 2.590622141952031806e-05 6.363767910571689005e-04 8.416623547078279626e-04 1.444403325299613468e-02 5.453248234056885205e-05 1.458210023840003579e-04 4.410285962941836737e-06 1.673464874410872209e-03 8.946885950803871307e-04 4.788925657973520803e-04 1.132705725294619326e-02 4.344014887734164382e-04 9.336538108414465305e-05 2.000757071382739272e-03 3.300404845000725045e-03 4.159493226398834793e-03 1.838130235424595773e-04 3.689137023755531541e-02 3.316177602647152681e-03 2.218255450674309209e-03 1.038305123014262588e-01 9.267786716947135073e-02 1.165462899447370021e-03 8.170337368728115487e-03 1.127578772653057492e-05 2.183784038227078595e-05 1.280545768417695690e-05 5.881586225295766914e-04 5.956762285229571429e-05 3.181752769926056868e-04 5.047916346701609617e-05 2.067215197139126055e-03 2.842227927731617778e-05 1.364105080851636738e-05 7.014507366078234849e-05 2.236814484788673127e-04 1.040828065435666044e-04 6.050936684833717544e-05 7.238458980962759505e-03 9.229516983138162027e-05 5.326350057675780913e-04 1.076677830905291462e-03 1.561619618361479573e-04 5.534930795212062403e-03 3.039286193867477164e-05 1.824436885234918706e-04 5.462915597740927113e-04 1.494060047410814603e-03 6.695277820553163855e-06 6.083853702480488236e-04 9.014203623029748110e-05 2.623767953771823612e-03 4.297452470175680242e-06 7.274310839794562644e-06 6.987046016685066094e-06 5.563591081054672632e-05 1.855531170874210478e-05 4.737329818038050821e-05 1.096798673285078038e-03 3.168718164351075583e-05 3.648001750937493448e-05 2.940190641961224915e-06 8.180385384301875240e-05 2.530923447880336361e-04 8.295771921577303295e-06 1.940856703994548339e-03 3.573566780301117365e-04 3.851783764713983984e-05 1.053488441076253987e-02 5.270785377919043769e-04 0.000000000000000000e+00 3.913028404157597859e-05
9.186627095454284742e-02 1.245745165205147838e-02 5.679645605217842515e-03 2.795410078779349706e-03 2.034887292683056591e-03 7.614158772247245962e-04 2.839681268632627820e-01 1.608160073784730250e-03 0.000000000000000000e+00 1.172411032192311776e-02 2.902255027020738364e-04 1.677627023866968300e-04 1.010424166965056131e-01 1.361981381355022820e-03 1.481593997472996089e-04 8.396270343199355168e-03 6.901470013112793230e-05 5.854875041901949520e-05 7.462346615154837569e-03 1.112265903281005390e-04 3.056127261408678741e-01 1.815528118018118475e-02 8.522868418166511251e-03 1.546891155854810556e-04 7.668300014569770444e-06 7.418033301100064678e-04 1.149066587069595864e-03 7.266060277458964028e-05 1.292123216869960672e-06 7.668300014569770444e-06 3.834150007284885222e-06 8.306125082115444779e-06 1.674245374195508767e-03 5.355273208614083223e-05 1.750331965079294111e-05 1.579220029250156003e-03 8.900862196851469139e-06 0.000000000000000000e+00 9.101645864211566246e-04 0.000000000000000000e+00 6.533744528187845194e-06 1.398973507062767829e-04 4.280347154766690559e-04 8.123651796369273006e-04 8.222064060491860501e-04 5.545248004420536871e-03 8.672610545592657726e-04 1.486659895945641988e-04 0.000000000000000000e+00 6.773533207114232873e-06 1.516951237048123072e-05 3.834150007284885222e-06 2.987928767778176020e-06 0.000000000000000000e+00 1.630118799435616481e-05 4.882308780798037931e-05 4.737046546219363528e-06 7.668300014569770444e-06 0.000000000000000000e+00 0.000000000000000000e+00 1.093065321207000557e-04 9.408665380815731062e-07 3.067320005827908178e-05 2.965618819810415677e-04 6.773185150411674795e-05 9.820558750510669936e-07 1.441433213239906954e-04 7.668243180264727667e-05 5.618874127493617978e-05 9.912482835577085300e-05 5.758025294888559050e-04 3.834150007284885053e-05 0.000000000000000000e+00 4.863361353405686407e-04 4.636626455982573018e-05 9.585375018212212970e-05 0.000000000000000000e+00 0.000000000000000000e+00 0.000000000000000000e+00 0.000000000000000000e+00 5.872514749554047774e-06 2.485715087655550781e-05 0.000000000000000000e+00 4.195035594877022798e-06 1.054211538076762841e-05 3.834150007284885222e-06 3.834150007284885222e-06 0.000000000000000000e+00 0.000000000000000000e+00 1.718310385878848358e-05 3.105661505900756954e-04 1.104985431218712667e-05 1.687026003205349396e-04 1.086940631690785764e-05 0.000000000000000000e+00 4.254836470912519116e-05
1.646926098421563067e-01 1.675031821705400686e-02 4.099786721788600818e-02 1.282483268042635197e-02 1.598189907179024469e-02 1.405359384770497704e-03 6.194284354229705886e-03 9.828643807831206197e-03 1.172411032192311776e-02 0.000000000000000000e+00 5.493450170256207118e-03 8.359549133065295734e-03 1.952931555787167442e-02 1.291674955600420963e-02 9.824692454261153320e-04 4.976083884520817180e-01 1.489767376581543044e-04 8.743753806054876000e-04 6.784985405867149932e-02 7.525824962171924568e-04 1.642510148227024902e-01 1.915275014853315416e-02 1.668306781794939575e-01 1.646410036103439960e-03 9.745090679835681328e-04 3.028874514843060695e-02 3.857195781212869462e-02 1.248053036944745710e-03 7.182161144048303724e-04 1.829292993210248036e-04 5.640539670861453923e-05 1.892221437242216637e-04 9.428805527258499186e-03 5.241406848984213329e-03 3.104981167811335179e-04 1.752860813669138151e-02 4.909483637992793220e-03 3.286392691062654787e-05 3.070060172136662886e-03 7.993436217935395564e-05 9.983904884758516059e-05 5.666021767354601120e-03 2.010616499756929729e-02 2.041649428216726903e-02 4.432975311710891063e-03 5.407933434622441693e-02 4.035488493635138244e-03 2.777827460900902587e-03 2.709736827179914432e-04 8.767634089762465534e-04 4.488028020060670165e-04 1.413217885464617134e-04 2.789872144023375355e-04 5.569913441691832048e-05 1.214088491533716393e-03 3.695805058185835739e-04 3.982647961288970809e-04 3.067598269645315130e-03 6.180069427782900523e-05 5.489665354685802719e-05 1.323397018456554889e-03 2.633989187161184004e-04 4.166943451872344331e-04 1.272359527605041764e-02 1.631346634126989081e-04 3.715131101130320876e-05 1.880414651355229259e-03 6.119697503590895010e-04 1.297568421615745817e-03 3.971801383667658905e-03 1.065567700329400277e-02 2.862797029729758518e-04 2.448095700046666427e-04 1.587917935822433582e-02 4.148933082717890311e-03 5.489574871090040480e-04 2.427337647521445675e-06 4.565134139204123748e-05 2.670071412273590243e-05 5.684663284570922419e-05 5.475335112108130516e-04 5.596860261343537465e-03 3.543932727229244777e-05 3.604843572892936152e-03 6.811820609561811297e-03 4.854675295042891350e-06 1.787280248939450330e-05 1.028769784627827163e-04 1.038518990942775908e-05 1.382463971889795213e-03 5.927558692366772727e-03 1.988208773649039352e-03 1.672200073658503547e-03 5.430760518832512514e-04 0.000000000000000000e+00 1.122470392537659040e-03
5.796642670349800262e-03 1.149022433917214377e-02 7.902723524596318161e-03 1.159161628480628314e-01 2.585180286354323287e-01 3.740470059503839869e-03 3.162948102204397351e-03 1.807726602768171265e-01 2.902255027020738364e-04 5.493450170256207118e-03 0.000000000000000000e+00 1.873243596685408296e-01 8.760303038607327938e-03 2.343291970257775914e-01 7.745942369682661671e-04 8.694866988646712119e-03 1.340198534215593113e-04 4.822066666170153290e-04 5.221455355749107102e-03 5.501652899756179823e-04 2.336140891820940452e-03 9.443488665254771292e-03 1.662268326207801475e-02 4.374473624142276307e-03 3.202674191561062991e-03 1.134096892655038881e-03 1.990813372419036713e-03 4.999984883276400224e-04 3.456786922541838815e-03 6.828729587447480379e-04 1.945290159578942852e-03 6.546024344406087096e-04 1.849620378840970917e-03 2.203473259914625259e-04 1.060004590515417622e-03 1.128274542946044534e-03 1.261391573115942452e-04 3.543703388479496689e-05 9.660790765089640993e-04 2.350242797576005674e-04 1.473262520988188223e-04 2.663442286658337585e-02 3.388840341636488798e-03 2.911182981245074783e-03 6.903270622166337092e-03 2.219684738458730933e-01 3.700509648789245573e-04 1.216800776321182501e-04 7.808676610649797035e-06 4.822987837334648546e-05 2.712478995172384934e-05 7.592743572566776594e-05 1.042992276088751123e-05 2.303697787245928078e-05 7.856694765341813258e-05 3.107355693563571713e-04 3.538635843620111963e-05 5.489476804787262924e-05 2.195065935619201232e-05 1.208611937442164408e-05 9.958358629824160327e-05 2.474762620439808748e-05 3.232926418454381071e-04 2.938905419219778803e-04 1.982059025272366114e-04 8.996255392997669332e-05 3.290691055237426063e-04 6.991540762313422103e-04 6.575121281000205703e-05 2.956330960463608671e-04 1.291164570235520722e-03 3.010052678187954294e-04 2.173129295168493302e-05 8.392075796522385518e-04 1.854559016424490493e-04 2.714703727339405018e-04 2.227032612665580017e-06 1.584971661262802979e-05 0.000000000000000000e+00 1.355091463548227173e-05 1.281111008797210877e-04 9.127086301282565702e-05 1.716371131282299386e-04 1.066638165312991095e-04 7.755730538691642793e-05 4.454065225331160034e-06 5.463046412818636094e-05 1.099704115232134070e-04 2.948964865917939068e-05 4.942640562108441488e-04 7.225601113178525261e-04 1.962249021862849316e-04 1.643510799070939344e-03 1.050140777695593008e-04 0.000000000000000000e+00 1.688463111172749370e-05
6.204156254978885829e-03 3.921345472667743179e-03 1.897048327609588206e-02 2.465818974962955684e-03 3.162362626258698184e-02 7.924533857030577463e-05 2.956494897589329301e-03 5.545064896758782058e-02 1.677627023866968300e-04 8.359549133065295734e-03 1.873243596685408296e-01 0.000000000000000000e+00 6.513859535029676261e-03 8.772185364298157317e-02 7.681828018985583642e-05 2.486485907081701849e-02 8.352306990713905207e-07 2.383927333669029758e-01 3.342403519256105862e-03 5.065277120404963317e-04 2.323771895027044749e-03 3.159408171429596048e-03 1.207521407139899167e-02 1.017959983471449122e-02 9.531865366999691530e-04 6.638313719197417835e-04 1.044021570455679667e-03 1.544175177549553463e-03 1.214319689003885011e-01 3.921627359411668234e-02 4.211505814350704644e-04 1.064430161417951604e-01 2.184039338852723083e-02 2.107478334092480058e-04 1.427636141550852776e-03 3.380065952360040028e-03 6.099947199599009291e-04 2.025918122354360695e-01 8.759660554386664022e-03 1.924979638458370213e-03 3.158462211981638741e-03 5.536748891238770648e-02 1.290664220796221631e-02 9.749229059321152038e-03 1.064435111872459039e-01 1.464589813507058136e-01 2.644698817598394383e-04 9.192182918048535760e-05 3.633270869867229288e-06 3.554553196977253962e-05 5.691518338831970034e-05 1.346748075537408192e-05 4.976084791577604899e-05 1.903631298244654141e-05 9.373391788321713803e-05 1.213273417927800450e-04 3.482978722167832171e-05 4.595525108931173289e-05 1.359517905229285168e-04 9.285217554799225130e-05 6.751001413334647993e-05 2.406619331845807213e-04 6.140092835700186992e-05 2.008717145299915253e-04 5.698417790993465348e-06 3.490156632871085516e-04 1.607536087869060836e-04 7.380123871741580983e-04 4.759333918351980213e-05 2.119089091861910330e-04 6.819440482414164785e-04 6.259395812782645070e-04 1.504758481126707012e-05 5.531297984539733717e-04 1.202552073139714569e-04 1.236044445531277614e-03 6.324879730444793254e-06 1.667432871379510563e-05 2.505692097214171456e-06 3.047350252109832597e-05 6.786581418392733788e-05 8.896051198363229035e-05 1.195679072355856389e-03 8.493641380166673440e-05 6.695558477549722965e-05 1.451647691223372785e-04 5.979539067954421465e-04 7.059352826121466666e-04 6.952717816376707848e-05 1.527353145611009535e-03 3.603850452929778340e-03 1.638677430233197055e-04 1.548352981911915380e-02 4.805226118954906479e-04 0.000000000000000000e+00 7.391558263568142684e-06
1.099685572499726344e-02 6.251715954505739775e-03 4.224751663938356230e-03 4.586630531006867344e-03 2.343387068192154254e-02 3.496206610550934538e-04 6.545177311040338564e-02 9.208635162583023170e-03 1.010424166965056131e-01 1.952931555787167442e-02 8.760303038607327938e-03 6.513859535029676261e-03 0.000000000000000000e+00 2.444844336548907329e-02 1.293463264457577920e-03 2.390339209408637311e-02 1.378261515926463589e-04 1.022947670176160406e-03 3.018547907654504092e-01 1.139169347738337246e-03 2.993686627456498273e-01 1.800684991870165341e-01 1.548614202244453786e-01 2.032246275883369240e-03 5.506629479358751308e-06 3.482661256327863192e-03 9.502501980876513696e-03 5.736046986928683379e-04 2.584246433739921344e-06 8.351595488802180804e-07 0.000000000000000000e+00 1.913475202637023851e-06 4.778805826969267055e-05 6.771480052077994988e-05 1.705702834449223065e-04 5.425560472904623725e-04 2.857567728290842528e-06 4.107990863828318483e-06 1.126543536487301285e-05 8.261403920156752803e-06 5.399189041805920791e-06 4.813069291630982715e-04 3.913264647825401461e-03 2.442833085121891463e-03 1.909447534181706778e-03 3.785048217682820959e-02 6.072102828256062054e-04 2.106621028378306956e-04 1.888577697242951981e-05 1.603166819213699994e-05 3.237501879460309533e-05 6.082722734461954892e-05 1.398065433163629313e-05 1.857829805305554767e-05 1.408410919410889675e-04 3.067152035757325450e-04 4.339273515168396784e-05 4.758473911737666094e-05 2.120477022510984209e-06 1.093338601700887838e-05 3.842873008664124878e-04 2.343396004647868683e-05 3.716361092773095903e-04 1.350965847743511869e-03 1.446836095414145724e-04 3.396417021457156572e-05 6.333778030411825596e-04 5.289824250702505892e-04 2.201163572557582793e-04 4.083536953444576569e-04 2.520617512149157455e-03 2.734591735476271548e-04 0.000000000000000000e+00 1.909241470637681060e-03 1.655907246303100122e-04 4.832165563476302538e-04 0.000000000000000000e+00 0.000000000000000000e+00 0.000000000000000000e+00 5.669866814720111649e-06 4.076729484538324257e-06 4.264966527998862133e-05 8.105775455324530480e-06 4.195035594877022798e-06 5.030974030112056329e-06 0.000000000000000000e+00 2.748181390964529383e-06 7.364162497583335874e-06 0.000000000000000000e+00 1.036155127093720723e-04 1.157926751531854204e-03 1.025200777502867904e-05 1.327494151908344220e-03 6.684688724453423402e-05 0.000000000000000000e+00 1.116113277462341634e-04
7.154919112401246549e-04 2.390454309427259005e-01 1.472404821850365614e-03 1.308581370696871790e-02 3.895892063945191608e-01 2.804816887521385067e-04 1.218599379668333128e-02 2.256616183810792806e-02 1.361981381355022820e-03 1.291674955600420963e-02 2.343291970257775914e-01 8.772185364298157317e-02 2.444844336548907329e-02 0.000000000000000000e+00 1.102446029674302710e-03 8.893903092919335299e-03 1.348802357460614486e-05 1.241064606323043912e-03 8.567914233739877539e-03 6.985224248973983304e-04 6.441418948556210979e-03 1.587484616377098784e-02 1.330103709308201598e-02 2.793797868275596594e-03 1.896459211966437519e-01 3.961178555190553348e-03 1.921102044312885445e-03 7.108483312593294641e-04 1.504007275556189516e-01 5.414525770615106343e-03 2.592994181200913850e-01 1.425389421278702457e-03 1.186083230225916385e-02 7.054092623763465013e-04 1.780703962006186317e-03 4.096221563503082454e-03 1.142514258588500295e-03 2.657673928485408937e-04 3.625588178776098860e-03 8.673819439472215710e-04 6.466430224908582651e-04 8.753315814161356399e-04 1.115184617010028453e-02 1.489802692290476474e-02 3.314537049371421226e-03 3.175343659946557873e-01 2.604642376679735909e-04 3.167013412388726239e-04 2.818828247868293655e-05 3.738530652165455970e-04 6.584137132893466411e-05 1.676340736350823672e-05 2.389668840154636167e-05 1.464904535886355629e-05 3.749953553589055336e-04 8.147961057697770070e-05 9.099873701064745612e-05 3.118184489396705426e-04 3.638910322740686743e-05 2.658356993309452971e-05 1.784738897175765335e-04 1.486184873780227250e-04 1.401823893689980701e-04 1.394769839096077690e-03 3.109458575243036937e-05 6.114339940173582643e-05 2.613071282528539856e-04 3.182564766042787177e-04 1.112620456449415547e-04 7.654653298250494375e-04 1.042447448843217966e-03 1.308894007333372199e-04 4.444191760041953641e-04 3.767649454914433899e-03 5.138539671064991463e-04 4.816852714212319325e-04 4.572249428235221743e-05 3.692746946977603652e-04 4.483760122956441624e-05 2.376603947027430759e-05 1.876708337065944969e-03 1.027602601872952158e-03 2.248178429258673565e-04 2.047714454750779092e-03 1.579176428059557262e-03 1.399067775342187304e-05 6.704044282610927268e-05 1.682520140207782733e-04 1.404558712620838951e-05 4.878318200739947537e-04 7.541443594339553372e-03 1.613953501000698395e-03 8.984094649243056212e-04 1.162315044415060823e-04 9.948526324795507834e-07 1.221466541588492739e-04
1.354135637581746531e-03 3.265161473760379708e-04 1.494758282130165912e-03 9.750364293606253452e-02 2.002414424769395542e-03 1.234256957025524071e-01 9.042210630806964567e-04 2.508352116521740671e-02 1.481593997472996089e-04 9.824692454261153320e-04 7.745942369682661671e-04 7.681828018985583642e-05 1.293463264457577920e-03 1.102446029674302710e-03 0.000000000000000000e+00 1.549165060040723829e-03 1.472221484384982765e-02 1.743770095691388796e-03 3.394513359081226061e-04 3.247472082052673681e-01 7.686827061660536078e-04 2.360985662291270777e-04 6.779842961901217649e-04 2.125693007629281261e-01 4.523918949493884947e-05 1.370075745371845900e-04 9.237949934797246737e-05 9.377846984131549268e-03 5.502007947178587382e-05 4.565564915337951089e-05 2.542614214230503197e-06 1.234687953693428203e-04 6.847103776373086534e-05 4.460335916221458354e-05 4.278156067522248529e-02 9.225982550861639212e-05 5.064867659414027258e-05 0.000000000000000000e+00 2.528073833302544411e-04 2.325014843556038311e-04 0.000000000000000000e+00 2.147158790329806513e-02 1.219785609298394864e-02 4.087744446945379938e-03 1.795548564748493947e-01 1.196902408692940983e-02 5.268709147519137314e-05 1.333655964262877441e-02 1.722338616176474646e-05 1.520939948520089351e-05 2.855120910967270110e-05 8.343189766094626092e-03 1.734723542282774159e-04 7.339818803007210762e-03 4.858943237784184169e-05 1.309935930361017832e-02 7.279660760449866725e-06 3.127096019955893274e-05 5.722350641605640541e-05 2.883200847818439844e-04 5.789338903166945088e-05 2.158194771954759933e-04 2.222487090744554306e-02 2.954518502860159748e-05 2.147187408843953538e-02 6.941174200910806913e-04 3.537421321132475224e-05 2.651803982522969033e-02 3.684206852458641338e-05 3.669092469409020190e-05 6.463828052386307716e-05 7.422610866853614556e-03 0.000000000000000000e+00 1.553898249064629064e-04 3.812928545523667839e-05 5.743425871615312830e-03 2.148726235087840121e-06 4.975041873269100220e-06 0.000000000000000000e+00 6.997599626620601399e-05 1.374293686949899555e-05 2.098254349739236513e-05 7.068921861854364063e-04 1.287163713628778766e-05 7.573588244342559526e-06 0.000000000000000000e+00 2.620246961345973650e-04 1.652080199214138239e-04 8.295771921577303295e-06 1.867669100916448995e-03 7.460931844683034529e-04 3.132451669008295151e-05 4.208516642343457237e-02 7.329657005625662101e-04 1.394311210262130589e-04 2.935792571745099618e-03
2.523822873188648619e-01 1.736840545365951616e-02 2.178509589054056228e-01 1.072514333556572746e-02 9.757893127087358121e-03 1.122304482774261940e-03 9.866644555144802459e-03 1.037883159265342789e-02 8.396270343199355168e-03 4.976083884520817180e-01 8.694866988646712119e-03 2.486485907081701849e-02 2.390339209408637311e-02 8.893903092919335299e-03 1.549165060040723829e-03 0.000000000000000000e+00 1.606593103247153684e-04 9.567418464869288305e-04 2.889056006419128686e-02 6.139622998153340325e-04 1.111247647359342450e-01 2.383063445598860089e-02 1.506853719174590933e-01 3.053613917857764780e-03 2.910097294432841333e-03 9.109643672339028109e-02 1.733611581714687017e-02 1.030036779614986950e-03 6.136927866877223137e-03 1.013618628026031858e-02 2.579425563028742000e-04 2.671107872424429569e-02 2.349970935867436161e-02 5.956330799037994755e-03 3.333291002870122921e-03 2.785534054740309781e-02 1.065406295911124936e-02 1.148366018660060273e-02 1.155183714904269889e-02 1.629315376595103729e-03 2.195534868712399959e-02 3.160271975611821799e-02 1.952079221820744448e-01 1.747177471188778863e-01 2.494712198613021487e-02 6.636895984780200042e-02 1.032536325045633509e-02 4.021825017784887851e-03 7.324201518274736731e-04 4.238686115562539762e-03 1.296798955121835836e-03 3.970839713884564406e-04 8.864106683434513478e-04 9.897552243763202168e-05 1.929984495567474033e-03 6.323088309664181162e-04 1.197055308857418844e-03 1.107166599986659367e-02 1.871574326864579763e-04 1.528325494858713172e-04 5.827861107539383800e-03 1.228116325066039641e-03 2.874961338588028804e-04 4.176125097469070291e-02 1.530918981078782160e-04 6.268543273814310320e-05 5.359520840849309013e-03 5.338598886636145100e-04 4.892709334000324220e-03 7.681595737116189530e-03 1.721509835068159300e-02 2.673604167560576848e-04 3.455080546700885213e-03 5.510031482035733508e-02 1.149990161738454440e-02 9.084061316741333511e-04 9.463395685889215583e-05 3.242977611887738797e-04 2.001094729320595264e-04 3.323453937963478022e-04 2.447200879156253076e-03 2.805482866070719422e-02 1.937985013100067613e-04 1.502142685051057955e-02 3.447002274025123131e-02 7.786462821124306099e-05 2.615827507055819030e-04 1.237879354608119884e-03 2.516447671620535335e-04 2.126354622944102556e-03 2.564468041120951391e-02 7.130784652876647096e-03 1.849762877726496973e-03 1.324538989450194191e-03 1.659789605069661325e-06 2.191766624641084890e-03
