0 0.190580442426869 0.169864879346935 0.0998233150467065 0.0802563015904631 0.00197993079919096 0.201234812957511 0.0113586137803524 0.0562382525494537 0.213553900021474 0.0128375979168335 0 0.0169146397956712 0.0105148825270082 0 0.329193649236208 0 0 0.00409387824502232 0 0.0817355483444494 0.00772450997356267 0.0130871817840175 0 0 0.00404612110031195 0.00201432874159344 0 0 0 0 0 0.002093071513195 0 0 0 0 0 0 0 0 0 0.00368673370924607 0 0 0.0370912422087627 0 0.00504860511024725 0 0 0 0 0 0 0 0 0 0 0 0 0 0 0 0 0 0 0 0 0 0 0 0 0 0 0 0 0 0 0 0 0 0 0 0 0 0 0 0 0 0 0 0 0 0 0 0
0.190580442426869 0 0 0.00161024459671116 0.186653268995653 0 0.452470734370687 0.00158065645325874 0.00554901385059067 0.0205706977011877 0.0085811460433577 0.0135920099259777 0.0467205757988617 0.289553163444509 0 0.0287602323084801 0 0.00170478450430969 0.0122809737834603 0 0.0363572887414464 0.0498826019746737 0.0304713953228322 0 0.351415717286493 0.00515887215480274 0.00191682329738566 0 0.025896372326891 0.00603100179122539 0.00794541879242574 0.00330413199935906 0.143584923726528 0 0 0.0037579596175854 0.00345864666833819 0.00241573133367783 0.00367788860515836 0 0 0 0.0025202418823176 0.0239422410540094 0 0.0304909171310129 0.00435688811120258 0 0 0 0 0 0 0 0 0 0 0 0 0 0 0 0 0.00270521052903891 0 0 0 0 0 0 0.00243277784222393 0 0 0.00554779682682418 0.00336621055109675 0 0 0 0 0 0 0.00235518308245421 0 0 0.0019142907349284 0 0 0 0 0 0 0.00280636885223149 0 0 0 0
0.169864879346935 0 0 0.166907169059485 0.0615698575587866 0.0932783305171114 0 0.0049961737257581 0 0.0115190944641431 0.0160537171795576 0.00524683143798991 0 0.00949703857630276 0 0.140318378836649 0 0 0 0 0.00836629895655835 0 0.00166844613830229 0.00355195804394775 0 0 0 0.00481898568148491 0 0 0 0.00217255538781758 0.00168888071646685 0 0.00698151396213116 0 0 0 0.0204880714741399 0.0115040061611641 0.014310206162966 0.0697564990623926 0.00697393530728242 0.00195582854582346 0.0259473262305685 0.168961863360351 0.118648135232996 0.0319840869116818 0 0 0 0 0 0.00285710180625423 0 0 0 0 0 0 0 0 0 0 0 0 0 0 0 0 0 0 0 0 0 0 0 0 0 0 0 0 0 0 0 0 0 0.00344446536108116 0 0.0148883855214439 0.00260653846285565 0 0 0 0 0
0.0998233150467065 0.00161024459671116 0.166907169059485 0 0.104310027216509 0.258969082022598 0 0.201041710010504 0 0.00231334640240025 0.134635916027015 0.00797985285772089 0 0.018877354320374 0.120965464855288 0.00396402706573971 0.0876035868279765 0 0 0.0341620196168806 0.00242739458141703 0 0.0020146924799613 0 0 0 0 0 0 0 0 0 0 0 0 0 0 0 0 0 0 0 0.00155333135524683 0 0.0701046217421876 0.154513835534133 0.0112379062938002 0.059234449593822 0 0 0 0.00543634544296065 0 0.00429834965446847 0 0.0115057406378095 0 0 0 0 0 0 0.0195466766432944 0 0.029182855574968 0 0 0.0153725036115037 0 0 0 0.00167472567992327 0 0 0 0.00324951950990201 0 0 0 0 0 0 0 0 0 0 0 0 0 0 0 0 0.015833791650146 0 0 0.0245823819267134
0.0802563015904631 0.186653268995653 0.0615698575587866 0.104310027216509 0 0 0 0.0556916135546598 0 0.0183337593025789 0.177371806693449 0.0255156012246392 0.00954604756579753 0.322226605718835 0 0.0336087271216173 0 0 0.00507199474359098 0 0.0184129971953395 0.00625738914808269 0.018315113039664 0 0.00237214884702972 0 0 0 0 0 0.00331166202425731 0 0.00169608192614061 0 0 0 0 0 0 0 0 0 0 0.00520149792290248 0 0.0976967045466195 0 0 0 0 0 0 0 0 0 0 0 0 0 0 0 0 0 0 0 0 0 0 0 0 0 0 0 0 0 0 0 0 0 0 0 0 0 0 0 0 0 0 0 0 0 0 0 0 0 0
0.00197993079919096 0 0.0932783305171114 0.258969082022598 0 0 0 0 0 0 0.00631894399324223 0 0 0 0.0195748132300028 0 0.37035459845591 0 0 0.116935618291711 0 0 0 0 0 0 0 0 0 0 0 0 0 0 0 0 0 0 0 0 0 0.0288217083280593 0.0149757291619034 0 0.103896915851887 0.0489102742226965 0.00408554488045897 0.206200911710549 0 0 0.0136007171498918 0.0102853259053447 0 0.128378762741697 0 0 0 0 0 0 0 0 0.00159490518159694 0 0.0777185607424144 0 0 0.00963332250385461 0 0 0 0 0 0 0 0 0 0 0 0 0 0 0 0 0 0 0 0 0 0.0180023579175168 0 0 0.0270388764722464 0 0 0.0620735431038321
0.201234812957511 0.452470734370687 0 0 0 0 0 0 0.441515964788937 0.0167643043212298 0.00217724820706243 0.0111519047862761 0.0265567788308773 0.00447725699453049 0 0.00282392851688936 0 0.00199892879958768 0.00214107735751619 0 0.109601565402031 0.164429468197645 0.0113159910490716 0 0.0032342702232747 0 0 0 0.00373998032904702 0.00346446557307685 0 0.00387012683859233 0.0468991528116719 0 0 0.00353058822000499 0.00292386850747603 0.00248525504596342 0.00519988028587534 0 0 0 0 0 0.00156453687591027 0.0141274668349335 0 0 0 0 0 0 0 0 0 0 0 0 0 0 0 0 0 0 0 0 0 0 0 0 0 0 0 0 0 0 0 0 0 0 0 0 0 0 0 0 0 0 0 0 0 0 0 0 0 0
0.0113586137803524 0.00158065645325874 0.0049961737257581 0.201041710010504 0.0556916135546598 0 0 0 0 0 0.161584584926504 0.0764196744373708 0 0.0152521215136885 0.187634205952813 0.0021864084233209 0.0623962061477139 0.286154321468026 0 0.0835458139957612 0 0 0 0.275404000199587 0.00187757946369846 0 0 0.0221253366977026 0.00194838383789055 0.00172836098219815 0 0.00172659475091833 0 0.00209225621473567 0.00587739856461313 0 0 0 0.0213315161095012 0.00354485266019676 0 0.0190365633857662 0.0112362031590852 0 0.148528784957163 0.0853339251320811 0 0.00828947879793256 0 0 0 0 0 0 0 0.0214931228930619 0 0 0 0 0 0 0.022187538659051 0 0.0360649856972909 0.00177358532569783 0 0.0183540753889695 0 0 0 0.00468806063513116 0 0 0 0.01049880510625 0 0 0 0 0 0 0.00617076122185169 0 0 0 0 0 0 0 0 0 0.00762537878580163 0 0 0.00280406268408146
0.0562382525494537 0.00554901385059067 0 0 0 0 0.441515964788937 0 0 0.00861189653561112 0 0 0.0637192256319911 0 0 0 0 0 0.00332995654496847 0 0.316882012193324 0.0179325198134562 0.00756201585523483 0 0 0 0 0 0 0 0 0 0.00226051045477059 0 0 0 0 0 0 0 0 0 0 0 0 0 0 0 0 0 0 0 0 0 0 0 0 0 0 0 0 0 0 0 0 0 0 0 0 0 0 0 0 0 0 0 0 0 0 0 0 0 0 0 0 0 0 0 0 0 0 0 0 0 0 0
0.213553900021474 0.0205706977011877 0.0115190944641431 0.00231334640240025 0.0183337593025789 0 0.0167643043212298 0 0.00861189653561112 0 0.00413020384036141 0 0.015855251007013 0.00721964989620219 0 0.43153945371206 0 0 0.0999445530289336 0 0.279304458772227 0.00396904037575901 0.152793376006089 0 0 0.080218767269302 0.0315796803446857 0 0 0 0 0 0.00156989327703619 0 0 0 0.00182098239203589 0 0 0 0 0.00560713477770108 0.00652745221211395 0.0605964766118285 0.0023103673210544 0.0229321768140484 0 0 0 0 0 0 0 0 0 0 0 0 0 0 0 0 0 0.00158848133517827 0 0 0 0 0 0 0.00242015251547539 0 0 0.00150162686421165 0 0 0 0 0 0 0 0 0 0 0 0 0 0 0 0 0 0 0 0 0 0
0.0128375979168335 0.0085811460433577 0.0160537171795576 0.134635916027015 0.177371806693449 0.00631894399324223 0.00217724820706243 0.161584584926504 0 0.00413020384036141 0 0.251933904187138 0.00230173314645436 0.242283202548202 0 0.00736709544569812 0 0.00324167425216897 0.00220146738077786 0 0.00299676321210515 0.0035633661574318 0.00569405260609032 0 0.00835598789039994 0 0 0 0.00990127294900336 0.0015720520347164 0.00541278937747791 0 0.00326425110109514 0 0 0 0 0 0.00271423395516296 0.00149942121207206 0.00186941469554306 0.00239920606720768 0 0 0.00170989674629996 0.148343327632512 0 0 0 0 0 0 0 0 0 0 0 0 0 0 0 0 0 0 0 0 0 0 0 0 0 0 0 0 0 0 0 0 0 0 0 0 0 0 0 0 0 0 0 0 0 0 0 0 0 0
0 0.0135920099259777 0.00524683143798991 0.00797985285772089 0.0255156012246392 0 0.0111519047862761 0.0764196744373708 0 0 0.251933904187138 0 0 0.0876406508775393 0 0.00404733909590705 0 0.396605366932069 0 0.00444742568481217 0 0 0.00271288714072393 0.0232471777954132 0.00194899205738357 0 0 0.00605408632507167 0.076435505201691 0.0314296210157756 0 0.0487087297499608 0.0168276270064544 0 0.010349486101975 0 0 0.194908296321084 0.0778491792883111 0.00632034530266578 0.00386668800524916 0.0136220542708375 0.00234238254217505 0 0.0215730851998623 0.104612396090787 0 0 0 0 0 0 0 0 0 0 0 0 0 0 0 0 0 0 0 0 0 0 0 0 0 0 0 0 0 0 0 0 0 0 0 0 0 0 0 0 0 0 0 0 0.005806581003714 0 0 0 0 0
0.0169146397956712 0.0467205757988617 0 0 0.00954604756579753 0 0.0265567788308773 0 0.0637192256319911 0.015855251007013 0.00230173314645436 0 0 0.0110864099143501 0 0.0218405421682262 0 0 0.437230555360368 0 0.214625192756846 0.149043996831734 0.195853909240451 0 0 0 0 0 0 0 0 0 0 0 0 0 0 0 0 0 0 0 0 0 0 0.00624218601168191 0 0 0 0 0 0 0 0 0 0 0 0 0 0 0 0 0 0 0 0 0 0 0 0 0 0 0 0 0 0 0 0 0 0 0 0 0 0 0 0 0 0 0 0 0 0 0 0 0 0
0.0105148825270082 0.289553163444509 0.00949703857630276 0.018877354320374 0.322226605718835 0 0.00447725699453049 0.0152521215136885 0 0.00721964989620219 0.242283202548202 0.0876406508775393 0.0110864099143501 0 0 0.0262463165584874 0 0 0.00400862004820184 0 0.0130548644078484 0.0114314644664595 0.023985473813819 0.00198901051515834 0.175873809504668 0.00320056552283495 0 0 0.161984708888431 0.00925046906697191 0.331701896111721 0.0015378254342553 0.00891980683232138 0 0.00480436157512657 0.00386445072736677 0.00231567883748133 0 0.00507596109100109 0.00371801308957659 0.00434946350289912 0 0 0.0243294224385714 0.00159967322913177 0.313778709943656 0.0141760522679884 0 0 0 0 0 0 0 0 0 0 0 0 0 0 0 0 0.00172553819162488 0 0 0 0 0 0 0.00195560279310725 0 0 0.00281155960706281 0.0020604725673551 0 0 0 0 0 0 0.00188035426410829 0 0 0.00182022526260256 0 0 0 0 0 0 0 0 0 0 0
0 0 0 0.120965464855288 0 0.0195748132300028 0 0.187634205952813 0 0 0 0 0 0 0 0 0.138756001095954 0 0 0.455967082373011 0 0 0 0.0971899503376491 0 0 0 0.0573590863308458 0 0 0 0 0 0 0.0175179119651382 0 0 0 0 0 0 0 0 0 0.0470605385515094 0.00165396825102999 0 0 0 0 0 0.00644080807976934 0 0.00195771661685162 0 0.0386761283742656 0 0 0 0 0 0 0.0417407314378371 0 0.0789571103595162 0.00200444470442935 0 0.0494569292395177 0 0 0 0.00816249714324064 0 0 0 0.0362087756831601 0 0 0 0 0 0 0.00381605130775866 0 0 0 0 0 0 0 0 0 0.023479531239396 0 0 0.0048335124188402
0.329193649236208 0.0287602323084801 0.140318378836649 0.00396402706573971 0.0336087271216173 0 0.00282392851688936 0.0021864084233209 0 0.43153945371206 0.00736709544569812 0.00404733909590705 0.0218405421682262 0.0262463165584874 0 0 0 0 0.00580751865002144 0 0.106103034392876 0.00294158950978301 0.0413209165534356 0 0.00620132630236103 0.107758055140303 0.00253059655352469 0 0 0 0 0.00335921928441798 0.0100849465149222 0 0.00240877897370814 0.0039530473948562 0.00182007966159218 0 0.0153207896040537 0.00653454484556102 0.0120342953402548 0.0149758405825825 0.192785657904225 0.217380563045679 0.0132111928080716 0.0781916471637764 0.0100437699085899 0.00246030251883576 0 0.00181774701339919 0 0 0 0 0 0 0 0.00208758230656887 0 0 0 0 0 0.0509855849430509 0 0 0 0 0 0.00620656182097778 0.0130014681463839 0 0.00178969702967892 0.0595333546337616 0.00825767333513345 0 0 0 0 0 0 0.0213834501383327 0 0.0029052026764466 0.0232933447818054 0 0 0.00248531220246326 0 0 0.0286255380526732 0.00355760807706896 0 0 0.00172168679630146 0
0 0 0 0.0876035868279765 0 0.37035459845591 0 0.0623962061477139 0 0 0 0 0 0 0.138756001095954 0 0 0 0 0.326830773464377 0 0 0 0 0 0 0 0.00994394368331268 0 0 0 0 0 0 0 0 0 0 0 0 0 0 0 0 0.0302945628354191 0 0 0.155993623382197 0 0 0 0.00970172922286447 0 0.0361413332866753 0 0.0280478925010604 0 0 0 0 0 0 0.0499843277268168 0 0.276185758228321 0 0 0.067607619091448 0 0 0 0.00372144363518417 0 0 0 0.0617593780733969 0 0 0 0 0 0 0 0 0 0 0 0 0 0 0 0 0.00384584905670067 0 0 0.0345591253325431
0 0.00170478450430969 0 0 0 0 0.00199892879958768 0.286154321468026 0 0 0.00324167425216897 0.396605366932069 0 0 0 0 0 0 0 0.00654477777685854 0 0 0 0.149332284695651 0 0 0 0.0021658831609194 0 0 0 0.00203750912630388 0.00208601702045287 0 0.00299810213661364 0 0 0.0453766859171653 0.0383173951600744 0 0 0.00895934825826231 0.00246009393266326 0 0.0171019831690335 0.0146598852889672 0 0 0 0 0 0 0 0 0 0 0 0 0 0 0 0 0 0 0 0 0 0 0 0 0 0 0 0 0 0 0 0 0 0 0 0 0 0 0 0 0 0 0 0 0 0 0 0 0 0
0.00409387824502232 0.0122809737834603 0 0 0.00507199474359098 0 0.00214107735751619 0 0.00332995654496847 0.0999445530289336 0.00220146738077786 0 0.437230555360368 0.00400862004820184 0 0.00580751865002144 0 0 0 0 0.192159768375572 0.146087608112648 0.535706995846308 0 0 0.0024589176321586 0.00920027253241978 0 0 0 0 0 0 0.00461745998540763 0 0 0 0 0 0 0 0 0 0 0 0.00378265758446099 0 0 0 0 0 0 0 0 0 0 0 0 0 0 0.00249347371094691 0 0 0 0 0 0.0575649766929306 0 0 0 0.0272560226213599 0 0 0.00267045681965099 0 0 0 0 0 0 0 0 0 0 0 0 0 0 0 0 0 0 0 0 0 0
0 0 0 0.0341620196168806 0 0.116935618291711 0 0.0835458139957612 0 0 0 0.00444742568481217 0 0 0.455967082373011 0 0.326830773464377 0.00654477777685854 0 0 0 0 0 0.0991885482576735 0 0 0 0.270751066253032 0 0 0 0 0 0 0.176407466774161 0 0 0 0.0020997605640965 0.00566451327802341 0 0.00292688642782252 0 0 0.0632434600267287 0.00393366352761484 0 0.00291948333085484 0 0 0 0.00726964414096971 0 0.00830247664265602 0 0.0603258387276616 0 0 0 0 0 0 0.0696050001292915 0 0.12890908291137 0.00442745100697204 0 0.100887336756541 0 0 0 0.0251050143842843 0 0 0 0.100088748266509 0 0 0 0 0 0 0.0359694201829048 0 0 0 0 0 0 0 0 0 0.0438674860227841 0 0 0.00513929767700645
0.0817355483444494 0.0363572887414464 0.00836629895655835 0.00242739458141703 0.0184129971953395 0 0.109601565402031 0 0.316882012193324 0.279304458772227 0.00299676321210515 0 0.214625192756846 0.0130548644078484 0 0.106103034392876 0 0 0.192159768375572 0 0 0.0128857543857518 0.160923537019898 0 0 0.00456539933096615 0 0 0 0 0 0 0 0 0 0 0 0 0 0 0 0.00380554004691814 0.00580444242603528 0.00537624787035591 0 0.0192638347060206 0 0 0 0 0 0 0 0 0 0 0 0 0 0 0 0 0 0.00204516375098208 0 0 0 0 0 0.00179674306989626 0.00350575283364849 0 0 0.00172252865717468 0.00213100498427946 0 0 0 0 0 0 0 0 0 0 0 0 0 0 0 0 0 0 0 0 0
0.00772450997356267 0.0498826019746737 0 0 0.00625738914808269 0 0.164429468197645 0 0.0179325198134562 0.00396904037575901 0.0035633661574318 0 0.149043996831734 0.0114314644664595 0 0.00294158950978301 0 0 0.146087608112648 0 0.0128857543857518 0 0.242490439420566 0 0.00522830041654589 0.0463005074825059 0.091178259500407 0 0 0 0 0 0.180376894098601 0.191519549639254 0 0.065836520213681 0.0501194478095238 0 0 0.00148953150322134 0 0.00191181464786273 0.00156874542831654 0.00200648098433078 0 0.0116308486282793 0.00504601644732845 0 0 0 0 0 0 0 0 0 0 0 0 0 0 0 0 0.00169296598861267 0 0 0 0 0 0.00713492713110423 0.0118788254983963 0 0 0.0401530311886113 0.0127359246502857 0 0 0 0 0 0 0.00413873204717609 0 0 0 0 0 0 0 0 0 0 0 0 0 0
0.0130871817840175 0.0304713953228322 0.00166844613830229 0.0020146924799613 0.018315113039664 0 0.0113159910490716 0 0.00756201585523483 0.152793376006089 0.00569405260609032 0.00271288714072393 0.195853909240451 0.023985473813819 0 0.0413209165534356 0 0 0.535706995846308 0 0.160923537019898 0.242490439420566 0 0 0 0.0697104732965911 0.129976286208003 0 0 0 0 0 0.0209017950029648 0.027596498748924 0 0.00288802565635293 0 0 0 0 0 0.00359710429997564 0.00776524863900785 0.00438994857406317 0 0.0166434904689974 0 0 0 0 0 0 0 0 0 0 0 0 0 0 0 0 0 0.00401679905381989 0 0 0.0260456779825924 0 0 0.0142554938532834 0.108597250683675 0 0 0.0498377575888394 0.0149540958299338 0 0 0 0 0 0 0.0071170178090698 0 0 0.00256964362382023 0 0 0 0 0 0.00763084124308865 0 0 0 0 0
0 0 0.00355195804394775 0 0 0 0 0.275404000199587 0 0 0 0.0232471777954132 0 0.00198901051515834 0.0971899503376491 0 0 0.149332284695651 0 0.0991885482576735 0 0 0 0 0 0 0 0.0421625077735476 0 0 0 0 0 0 0.10780808655585 0 0 0.035906820606261 0.264069062252217 0.00190080357476507 0 0.00747779229238259 0.00192159290285107 0 0.078529136748384 0.0267304303425765 0 0 0 0 0 0 0 0 0 0.00316237289683836 0 0 0 0 0 0 0.00499409710673464 0 0 0 0 0.00835488808362709 0 0 0 0.0041082818794122 0 0 0 0.00263106680299438 0 0 0 0 0 0 0.00735820555197299 0 0 0 0 0 0 0 0 0 0.00870582806884098 0 0 0
0 0.351415717286493 0 0 0.00237214884702972 0 0.0032342702232747 0.00187757946369846 0 0 0.00835598789039994 0.00194899205738357 0 0.175873809504668 0 0.00620132630236103 0 0 0 0 0 0.00522830041654589 0 0 0 0.00316217994567454 0.00411917037059873 0.0020140554329403 0.342357387533344 0.00531685283056372 0.428941000186989 0 0.00605777720822825 0.00280071973504106 0 0.00477672490676347 0.00717320358198689 0 0 0 0 0 0.00634489706461998 0.0597789564645655 0.0177541651226317 0.0641202693249726 0.00504737069699907 0 0 0 0 0 0 0 0 0 0 0 0 0 0 0 0 0 0 0 0 0 0 0 0 0 0 0.00444569046863071 0.00345992062783602 0 0 0 0 0 0 0.00219157804818817 0 0.00186166547307188 0.00154964369643319 0 0 0 0 0 0.00171984831455997 0.00444356281611628 0 0 0 0
0.00404612110031195 0.00515887215480274 0 0 0 0 0 0 0 0.080218767269302 0 0 0 0.00320056552283495 0 0.107758055140303 0 0 0.0024589176321586 0 0.00456539933096615 0.0463005074825059 0.0697104732965911 0 0.00316217994567454 0 0.422897345635511 0.0353725657085414 0 0.00296922071741338 0 0 0.0126214470714933 0.0428198806024769 0 0.0119650615747864 0.0170259306121203 0 0 0 0 0.00174022963488848 0.0215478561207161 0.0162308142358613 0 0.00350297184349167 0.0020784680974596 0 0 0.00249521509748728 0 0 0 0 0 0 0 0.0030059309255413 0 0 0 0.00175909507763211 0 0.071164307148694 0 0 0.00199396627554788 0 0 0.0148789318212074 0.0221372914098118 0 0.00229985029119837 0.3284103002846 0.0472070772164316 0 0 0 0 0 0 0.0184318997997535 0 0 0.00649688678428942 0 0 0 0 0 0.035698476094822 0.00163480374685931 0 0 0.00180671579219979 0
0.00201432874159344 0.00191682329738566 0 0 0 0 0 0 0 0.0315796803446857 0 0 0 0 0 0.00253059655352469 0 0 0.00920027253241978 0 0 0.091178259500407 0.129976286208003 0 0.00411917037059873 0.422897345635511 0 0.30298523375299 0 0.0150998351163889 0 0.167592222537806 0.0249642603895425 0.344293446733779 0 0.0104557815272378 0.0363995934914766 0 0 0.0713656258758214 0 0 0.00395805312163133 0.0134229060338468 0.00646164475865011 0 0 0 0 0 0 0 0 0 0 0 0 0 0 0 0 0 0 0.00463344728780179 0 0 0 0 0 0.00224601747932474 0.00251622550468909 0 0 0.0547098586590817 0.0415848857176763 0.00327944406997308 0 0 0 0 0 0.0194260169141759 0 0 0.0095409865834233 0 0 0.0022115454019465 0 0 0.00271423490928417 0.00334445422248072 0 0 0.00155661714384634 0
0 0 0.00481898568148491 0 0 0 0 0.0221253366977026 0 0 0 0.00605408632507167 0 0 0.0573590863308458 0 0.00994394368331268 0.0021658831609194 0 0.270751066253032 0 0 0 0.0421625077735476 0.0020140554329403 0.0353725657085414 0.30298523375299 0 0 0.0227612223480002 0 0.116989144247996 0 0.0242811559173321 0.154725231339472 0 0.00569712370086842 0 0.0435708139174959 0.2763326228414 0.00176888064770497 0.00391714217233521 0.0115718726149854 0.00852326770417695 0.0931477276352358 0.011714200057449 0 0 0 0 0 0 0 0 0 0.0415841368006085 0 0 0 0 0 0 0.0286223173029165 0 0.00815254491114624 0.00472366070466739 0 0.115924526664909 0 0 0 0.0529692652696394 0 0 0.00982755463513441 0.268833594912492 0 0.0101745908875467 0 0.0350368250800697 0 0.0191174144930899 0.0939902348730189 0 0.0016649227673905 0 0.00330028883199393 0.0541181672458909 0.00896941473868112 0.00174517541536329 0.0121351446137162 0.00521184832633557 0.050857668056876 0.00183668099513602 0 0
0 0.025896372326891 0 0 0 0 0.00373998032904702 0.00194838383789055 0 0 0.00990127294900336 0.076435505201691 0 0.161984708888431 0 0 0 0 0 0 0 0 0 0 0.342357387533344 0 0 0 0 0.146590874035233 0.0401763016853317 0.0539071866739048 0.0630639533625847 0 0 0 0.0016534007533023 0 0 0 0 0 0 0 0.00215072279120859 0.028494017492903 0 0 0 0 0 0 0 0 0 0 0 0 0 0 0 0 0 0 0 0 0 0 0 0 0 0 0 0 0 0 0 0 0 0 0 0 0 0 0 0 0 0 0 0 0 0 0 0 0 0
0 0.00603100179122539 0 0 0 0 0.00346446557307685 0.00172836098219815 0 0 0.0015720520347164 0.0314296210157756 0 0.00925046906697191 0 0 0 0 0 0 0 0 0 0 0.00531685283056372 0.00296922071741338 0.0150998351163889 0.0227612223480002 0.146590874035233 0 0 0.403556625773464 0.11311868662313 0.0820033075368407 0 0.0825293799069067 0.233334201194665 0.00651873245032412 0.0215706135932231 0 0.00161377278653597 0.00455163982021194 0.0303463754640719 0.0134533286825982 0.0544002258199363 0.0412022566054552 0.00945656033442713 0 0 0 0 0 0 0 0 0 0 0 0 0 0 0 0 0 0 0 0 0 0 0 0 0 0 0.00493874064368215 0.00696955911840863 0.00606007546443313 0 0.0105042042242433 0 0.00528213898641917 0 0.0125958732779147 0 0.00301857356223135 0.00477726664947331 0 0 0 0 0 0.0119309789354561 0.00875701185067419 0.00279227845930091 0 0 0
0 0.00794541879242574 0 0 0.00331166202425731 0 0 0 0 0 0.00541278937747791 0 0 0.331701896111721 0 0 0 0 0 0 0 0 0 0 0.428941000186989 0 0 0 0.0401763016853317 0 0 0 0.00359178693147124 0 0 0.0037694608884493 0.00545108430809945 0 0 0 0 0 0 0.00411287891615235 0.0016262579374682 0.0989306346606934 0.00584050600327912 0 0 0 0 0 0 0 0 0 0 0 0 0 0 0 0 0 0 0 0 0 0 0 0 0 0 0 0 0 0 0 0 0 0 0 0 0 0 0 0 0 0 0 0 0 0 0 0 0
0 0.00330413199935906 0.00217255538781758 0 0 0 0.00387012683859233 0.00172659475091833 0 0 0 0.0487087297499608 0 0.0015378254342553 0 0.00335921928441798 0 0.00203750912630388 0 0 0 0 0 0 0 0 0.167592222537806 0.116989144247996 0.0539071866739048 0.403556625773464 0 0 0.0305732981525944 0.0379861854696278 0 0.00721063395321287 0.0232082120247062 0.0731377471176357 0.0718170997595375 0.0433615610003412 0.0428148792130082 0.0102094617286393 0.0261302785912739 0 0.218528746101489 0.0739482426606584 0.0279489967592829 0 0 0 0 0 0 0 0 0 0 0 0 0 0 0 0 0 0 0 0 0 0 0 0 0 0 0 0.00164749705295113 0.0388792950527858 0 0.00455653188798971 0 0.0316488179905368 0 0.00311032681284307 0 0 0 0 0 0.00467305936549271 0.00530828325012917 0 0.0398656809457525 0 0.00673306881353836 0 0 0
0.002093071513195 0.143584923726528 0.00168888071646685 0 0.00169608192614061 0 0.0468991528116719 0 0.00226051045477059 0.00156989327703619 0.00326425110109514 0.0168276270064544 0 0.00891980683232138 0 0.0100849465149222 0 0.00208601702045287 0 0 0 0.180376894098601 0.0209017950029648 0 0.00605777720822825 0.0126214470714933 0.0249642603895425 0 0.0630639533625847 0.11311868662313 0.00359178693147124 0.0305732981525944 0 0.00999413201476558 0 0.399542333871529 0.124426060639733 0.00684517246549795 0.00908152705964185 0.00194361130915042 0.0050566381801187 0.00373639231929409 0.00565376898722812 0.0106122709803232 0.00518678617493819 0.014993788310386 0.00423702617891991 0 0 0 0 0 0 0 0 0 0 0 0 0 0 0 0 0 0 0 0 0 0 0.00252173498484941 0.00854177398405299 0 0 0.00951649714693841 0.00291962070936128 0 0 0 0 0 0 0.00158794042390879 0 0 0 0 0 0 0 0 0.00349855502973672 0 0 0 0 0
0 0 0 0 0 0 0 0.00209225621473567 0 0 0 0 0 0 0 0 0 0 0.00461745998540763 0 0 0.191519549639254 0.027596498748924 0 0.00280071973504106 0.0428198806024769 0.344293446733779 0.0242811559173321 0 0.0820033075368407 0 0.0379861854696278 0.00999413201476558 0 0 0.0378129520419848 0.2133219970198 0 0 0.00284305365523581 0 0 0.0265318732632944 0.00949299558032597 0.00655199516476229 0 0 0 0 0.00156347485112483 0 0 0 0 0 0 0 0 0 0 0 0.00159187256236202 0 0.0134407575731153 0 0 0 0 0 0 0.00177920704475714 0 0.00228016143127289 0.0328205239205527 0.0181134905051654 0.00239157104726936 0 0.00384116341351552 0 0 0 0.0206717811274056 0 0.00838652975384778 0.00687963403937986 0 0 0 0 0 0.00511271929400981 0.0190063269441683 0.00189815989895776 0 0 0
0 0 0.00698151396213116 0 0 0 0 0.00587739856461313 0 0 0 0.010349486101975 0 0.00480436157512657 0.0175179119651382 0.00240877897370814 0 0.00299810213661364 0 0.176407466774161 0 0 0 0.10780808655585 0 0 0 0.154725231339472 0 0 0 0 0 0 0 0 0 0 0.270994437462135 0.12409759272924 0 0.00197520415412579 0 0 0.140080807828148 0.0288337412669511 0 0 0 0 0 0 0 0 0 0.00337790883510835 0 0 0 0 0 0 0.00179722619572169 0 0 0 0 0.0293196639199677 0 0 0 0.0128964239634783 0 0 0 0.0169846231773415 0 0 0 0 0 0 0.0104606461399414 0 0 0 0 0.00818690831506994 0 0 0 0 0.0489900822936688 0 0 0
0 0.0037579596175854 0 0 0 0 0.00353058822000499 0 0 0 0 0 0 0.00386445072736677 0 0.0039530473948562 0 0 0 0 0 0.065836520213681 0.00288802565635293 0 0.00477672490676347 0.0119650615747864 0.0104557815272378 0 0 0.0825293799069067 0.0037694608884493 0.00721063395321287 0.399542333871529 0.0378129520419848 0 0 0.33018048620289 0 0.00248690251035745 0 0 0.00540028911303239 0.0412949612726586 0.0487714369690208 0.00373632659410508 0.0106081060267307 0 0 0 0 0 0 0 0 0 0 0 0 0 0 0 0 0 0.00523854007660363 0 0 0 0 0 0.00403114306973275 0.0124512438567551 0 0 0.0168410611703615 0.00619157314067658 0 0 0 0 0 0 0.00488870685428074 0 0.00544780848276806 0.00314278642968384 0 0 0 0 0 0.00386598410859872 0.00503298713085453 0 0 0 0
0 0.00345864666833819 0 0 0 0 0.00292386850747603 0 0 0.00182098239203589 0 0 0 0.00231567883748133 0 0.00182007966159218 0 0 0 0 0 0.0501194478095238 0 0 0.00717320358198689 0.0170259306121203 0.0363995934914766 0.00569712370086842 0.0016534007533023 0.233334201194665 0.00545108430809945 0.0232082120247062 0.124426060639733 0.2133219970198 0 0.33018048620289 0 0 0.00269859969928104 0.00154919455232012 0.00147501072833893 0.0125046328733927 0.0686729301660837 0.020494229671012 0.0449395350625947 0.0462387287180924 0.00691269997102623 0 0 0 0 0 0 0 0 0 0 0 0 0 0 0 0 0.00573706697097699 0 0 0 0 0 0.00272242751108536 0.00785824846848905 0 0 0.0176733768600802 0.00938411485322509 0.00180742491225425 0 0.00721912580745888 0 0 0 0.0144536739010007 0 0.0068540075269012 0.00665480051879709 0 0 0 0 0 0.0100073411196704 0.0109404769276934 0 0 0 0
0 0.00241573133367783 0 0 0 0 0.00248525504596342 0 0 0 0 0.194908296321084 0 0 0 0 0 0.0453766859171653 0 0 0 0 0 0.035906820606261 0 0 0 0 0 0.00651873245032412 0 0.0731377471176357 0.00684517246549795 0 0 0 0 0 0.39675813310061 0 0.00801296314648582 0 0 0 0.0151791568045822 0 0 0 0 0 0 0 0 0 0 0 0 0 0 0 0 0 0 0 0 0 0 0 0 0 0 0 0 0 0 0 0 0 0 0 0 0 0 0 0 0 0 0 0 0 0 0 0 0 0 0
0 0.00367788860515836 0.0204880714741399 0 0 0 0.00519988028587534 0.0213315161095012 0 0 0.00271423395516296 0.0778491792883111 0 0.00507596109100109 0 0.0153207896040537 0 0.0383173951600744 0 0.0020997605640965 0 0 0 0.264069062252217 0 0 0 0.0435708139174959 0 0.0215706135932231 0 0.0718170997595375 0.00908152705964185 0 0.270994437462135 0.00248690251035745 0.00269859969928104 0.39675813310061 0 0.0906726623056113 0.345107349786931 0.00193411124230736 0 0 0.0317845432691021 0.0248046160757501 0.0017762899771509 0 0 0 0 0 0 0 0 0 0 0 0 0 0 0 0 0 0 0 0 0 0 0 0 0 0 0 0 0 0 0 0 0 0 0 0.00229328389485659 0 0 0 0 0.00781246055784968 0 0 0.00538670991647039 0 0.00225655424693304 0 0 0
0 0 0.0115040061611641 0 0 0 0 0.00354485266019676 0 0 0.00149942121207206 0.00632034530266578 0 0.00371801308957659 0 0.00653454484556102 0 0 0 0.00566451327802341 0 0.00148953150322134 0 0.00190080357476507 0 0 0.0713656258758214 0.2763326228414 0 0 0 0.0433615610003412 0.00194361130915042 0.00284305365523581 0.12409759272924 0 0.00154919455232012 0 0.0906726623056113 0 0.113065089902066 0.00363761836010302 0 0 0.145534633523618 0.0273089935055262 0 0 0 0 0.00157324839359707 0 0 0 0 0 0 0 0 0 0 0 0 0 0 0 0 0.00559665523592109 0 0 0 0.00182224425222922 0 0 0.00207752641541595 0.0119135250264085 0 0 0 0 0 0 0.00454666744121479 0 0 0 0.00729970485661686 0.036074890303127 0.00346716972813475 0 0.115176168614153 0 0.0368096178775594 0.00209493463436104 0 0
0 0 0.014310206162966 0 0 0 0 0 0 0 0.00186941469554306 0.00386668800524916 0 0.00434946350289912 0 0.0120342953402548 0 0 0 0 0 0 0 0 0 0 0 0.00176888064770497 0 0.00161377278653597 0 0.0428148792130082 0.0050566381801187 0 0 0 0 0.00801296314648582 0.345107349786931 0.113065089902066 0 0.00218655157629702 0 0 0.184515065756115 0.0113859254323568 0.00713244014750741 0 0 0 0 0 0 0 0 0 0 0 0 0 0 0 0 0 0 0 0 0 0 0 0 0 0 0 0 0 0 0 0 0 0 0 0 0 0 0 0 0.00378082236162831 0.00218820081972636 0 0.0775054071667577 0 0.00374159755176484 0 0 0
0 0 0.0697564990623926 0 0 0.0288217083280593 0 0.0190365633857662 0 0.00560713477770108 0.00239920606720768 0.0136220542708375 0 0 0 0.0149758405825825 0 0.00895934825826231 0 0.00292688642782252 0.00380554004691814 0.00191181464786273 0.00359710429997564 0.00747779229238259 0 0.00174022963488848 0 0.00391714217233521 0 0.00455163982021194 0 0.0102094617286393 0.00373639231929409 0 0.00197520415412579 0.00540028911303239 0.0125046328733927 0 0.00193411124230736 0.00363761836010302 0.00218655157629702 0 0.469044732158387 0.177749240019875 0.254736782574993 0.0334411996608698 0 0.0193257209211554 0 0 0.00304045203789593 0 0 0.0889946724648527 0 0 0 0 0 0 0 0 0 0.00202881045075659 0 0 0 0 0 0 0 0 0 0 0 0 0 0 0 0 0 0.00375116192868829 0 0 0.00245991006555196 0 0.00313669349968572 0.0017037572965253 0 0.09120148755532 0.00357360637898925 0 0.00585833559284884 0.00193369567725363 0 0
0.00368673370924607 0.0025202418823176 0.00697393530728242 0.00155333135524683 0 0.0149757291619034 0 0.0112362031590852 0 0.00652745221211395 0 0.00234238254217505 0 0 0 0.192785657904225 0 0.00246009393266326 0 0 0.00580444242603528 0.00156874542831654 0.00776524863900785 0.00192159290285107 0.00634489706461998 0.0215478561207161 0.00395805312163133 0.0115718726149854 0 0.0303463754640719 0 0.0261302785912739 0.00565376898722812 0.0265318732632944 0 0.0412949612726586 0.0686729301660837 0 0 0 0 0.469044732158387 0 0.336245632474014 0.162725248670782 0.026288032549266 0.00804009042205349 0.114835990426789 0 0 0 0 0 0 0 0 0 0 0 0 0 0 0 0.0339202293307465 0 0 0 0 0 0 0.00396310916534169 0 0 0.0132405305412416 0.0075745517256921 0.0111160279470333 0 0.00924806980158986 0 0.0179769412385574 0 0.0376021570748109 0 0.0116273969157242 0.0154639551816687 0 0 0 0 0 0.0861206696268789 0.0124021236793935 0.00618212598873908 0 0 0
0 0.0239422410540094 0.00195582854582346 0 0.00520149792290248 0 0 0 0 0.0605964766118285 0 0 0 0.0243294224385714 0 0.217380563045679 0 0 0 0 0.00537624787035591 0.00200648098433078 0.00438994857406317 0 0.0597789564645655 0.0162308142358613 0.0134229060338468 0.00852326770417695 0 0.0134533286825982 0.00411287891615235 0 0.0106122709803232 0.00949299558032597 0 0.0487714369690208 0.020494229671012 0 0 0 0 0.177749240019875 0.336245632474014 0 0.0634242774690772 0.0231164500383294 0.0177844183963095 0 0 0 0 0 0 0 0 0 0 0 0 0 0 0.00159411671843319 0 0.0121430260262463 0 0 0 0 0 0 0 0 0.00257107289746257 0.022037471365196 0.0183341068830251 0.00380525624381523 0 0.00548086184574543 0 0 0 0.030264218983644 0 0.0127625865414675 0.0125103517549553 0 0 0 0 0 0.00547218556584204 0.0249990901852038 0.00180228064685808 0 0 0
0 0 0.0259473262305685 0.0701046217421876 0 0.103896915851887 0.00156453687591027 0.148528784957163 0 0.0023103673210544 0.00170989674629996 0.0215730851998623 0 0.00159967322913177 0.0470605385515094 0.0132111928080716 0.0302945628354191 0.0171019831690335 0 0.0632434600267287 0 0 0 0.078529136748384 0.0177541651226317 0 0.00646164475865011 0.0931477276352358 0.00215072279120859 0.0544002258199363 0.0016262579374682 0.218528746101489 0.00518678617493819 0.00655199516476229 0.140080807828148 0.00373632659410508 0.0449395350625947 0.0151791568045822 0.0317845432691021 0.145534633523618 0.184515065756115 0.254736782574993 0.162725248670782 0.0634242774690772 0 0.127584742543594 0.0159600224988091 0.175628058654064 0 0 0 0 0 0 0 0.00325382756401895 0 0 0 0 0 0 0.0135948219955436 0 0.0157698520933963 0 0 0.0198821204300238 0 0 0 0.00963581372877784 0 0 0.00246230612007273 0.0392153328943947 0 0.00485291177798877 0 0.0357109502048314 0 0.00425987655563939 0.0163090873117349 0 0.0017842997151051 0 0.00653534331247395 0.0406834630963788 0.014149850716034 0 0.112045426129367 0.00177744702601287 0.0300114114832143 0 0 0.0461368456576057
0.0370912422087627 0.0304909171310129 0.168961863360351 0.154513835534133 0.0976967045466195 0.0489102742226965 0.0141274668349335 0.0853339251320811 0 0.0229321768140484 0.148343327632512 0.104612396090787 0.00624218601168191 0.313778709943656 0.00165396825102999 0.0781916471637764 0 0.0146598852889672 0.00378265758446099 0.00393366352761484 0.0192638347060206 0.0116308486282793 0.0166434904689974 0.0267304303425765 0.0641202693249726 0.00350297184349167 0 0.011714200057449 0.028494017492903 0.0412022566054552 0.0989306346606934 0.0739482426606584 0.014993788310386 0 0.0288337412669511 0.0106081060267307 0.0462387287180924 0 0.0248046160757501 0.0273089935055262 0.0113859254323568 0.0334411996608698 0.026288032549266 0.0231164500383294 0.127584742543594 0 0.351060430068475 0.270182239556635 0 0 0 0 0 0 0 0 0 0 0 0 0 0 0 0.00156903053582845 0 0 0 0 0 0 0.00172114876466478 0 0 0.00317787768063604 0.00185948174951711 0 0 0 0 0 0 0.00176246054533369 0 0 0.00150542234260743 0 0 0 0 0 0 0 0.00168282398468742 0 0 0
0 0.00435688811120258 0.118648135232996 0.0112379062938002 0 0.00408554488045897 0 0 0 0 0 0 0 0.0141760522679884 0 0.0100437699085899 0 0 0 0 0 0.00504601644732845 0 0 0.00504737069699907 0.0020784680974596 0 0 0 0.00945656033442713 0.00584050600327912 0.0279489967592829 0.00423702617891991 0 0 0 0.00691269997102623 0 0.0017762899771509 0 0.00713244014750741 0 0.00804009042205349 0.0177844183963095 0.0159600224988091 0.351060430068475 0 0.086492842611406 0 0 0 0 0 0 0 0 0 0 0 0 0 0 0 0 0 0 0 0 0 0 0 0 0 0.00229701634984379 0 0 0 0 0 0 0 0 0 0 0 0 0 0 0 0 0 0 0 0 0 0
0.00504860511024725 0 0.0319840869116818 0.059234449593822 0 0.206200911710549 0 0.00828947879793256 0 0 0 0 0 0 0 0.00246030251883576 0.155993623382197 0 0 0.00291948333085484 0 0 0 0 0 0 0 0 0 0 0 0 0 0 0 0 0 0 0 0 0 0.0193257209211554 0.114835990426789 0 0.175628058654064 0.270182239556635 0.086492842611406 0 0 0 0 0 0 0 0 0 0 0 0 0 0 0 0 0 0.00536475766525503 0 0 0 0 0 0 0 0 0 0 0 0 0 0 0 0 0 0 0 0 0 0 0 0 0 0 0 0 0 0 0.0256657450866292
0 0 0 0 0 0 0 0 0 0 0 0 0 0 0 0 0 0 0 0 0 0 0 0 0 0 0 0 0 0 0 0 0 0 0 0 0 0 0 0 0 0 0 0 0 0 0 0 0 0.230124729240176 0.110406614731241 0.0809112222968802 0.0536275492390933 0.00279902870605632 0.13842190718679 0.00217484421036203 0.0753341682537525 0.247660867407946 0.00329975831552768 0 0.0299911742633836 0.0282225195664913 0 0.347570552693511 0 0 0.00446480971521837 0 0.0688171170160137 0.0112450898941628 0.039670881737773 0 0 0.00339265551739299 0.00399774302428047 0 0 0 0 0 0.00159016045704887 0 0 0 0 0 0 0 0 0 0.0017781188304034 0.00279836747030097 0 0.0352097441633172 0.00161744219129388 0
0 0 0 0 0 0 0 0 0 0 0 0 0 0 0 0.00181774701339919 0 0 0 0 0 0 0 0 0 0.00249521509748728 0 0 0 0 0 0 0 0.00156347485112483 0 0 0 0 0 0 0 0 0 0 0 0 0 0 0.230124729240176 0 0 0.00270084267836663 0.123501944740429 0 0.433444508333559 0 0.0139363603513675 0.039676427452809 0.00677867153571966 0.0213320128054869 0.0233758109497012 0.212000664067718 0 0.0201363709288013 0 0 0.00591329042285217 0 0.0289202103354735 0.0544296022933227 0.0588246968455821 0 0.287617689656866 0.00302056756913136 0 0 0.0791326965897407 0.00501733054324909 0.00618101195441383 0.0185198851352566 0.163180882099643 0.00190019985582347 0 0.00969084665253417 0.00456288313102318 0.0109656295103918 0 0 0 0 0 0.0064559896198585 0 0.00644707121620711 0 0
0 0 0 0 0 0.0136007171498918 0 0 0 0 0 0 0 0 0 0 0 0 0 0 0 0 0 0 0 0 0 0 0 0 0 0 0 0 0 0 0 0 0 0.00157324839359707 0 0.00304045203789593 0 0 0 0 0 0 0.110406614731241 0 0 0.151523224289402 0.0403132751966226 0.247797474789437 0 0 0 0.0773955693616506 0.00366921079605868 0.00232422367114916 0.00436415846607226 0.0117966656303101 0 0.173569048861947 0 0 0 0 0.00926915824626258 0 0.00429673971539568 0 0 0 0 0 0 0.0029248313911079 0.00281357798303192 0.0251486775346197 0 0 0 0.00387142296174099 0.00458169723303583 0.00558489543858965 0.037754455038994 0.00596435304856137 0.0479175126853333 0.00631343035605485 0.0143703516072507 0.026575742715059 0.0343687807824444 0.238048405502696 0.0723485152548576 0.00885656465419827
0 0 0 0.00543634544296065 0 0.0102853259053447 0 0 0 0 0 0 0 0 0.00644080807976934 0 0.00970172922286447 0 0 0.00726964414096971 0 0 0 0 0 0 0 0 0 0 0 0 0 0 0 0 0 0 0 0 0 0 0 0 0 0 0 0 0.0809112222968802 0.00270084267836663 0.151523224289402 0 0.219044398101454 0.186251026087441 0 0.112179679513831 0 0.00824326595320216 0.0655237324980864 0 0 0.0402176235267146 0.0224184892221875 0.0038675273210456 0.0530805278978178 0 0 0.0492890563878891 0 0 0.00155382314880501 0 0 0 0 0 0 0 0.00157593474135766 0 0 0 0 0 0 0 0 0 0 0.00418773014811387 0.00287770554046358 0 0.067364379842234 0.158349615413144 0 0.0784511571641399
0 0 0 0 0 0 0 0 0 0 0 0 0 0 0 0 0 0 0 0 0 0 0 0 0 0 0 0 0 0 0 0 0 0 0 0 0 0 0 0 0 0 0 0 0 0 0 0 0.0536275492390933 0.123501944740429 0.0403132751966226 0.219044398101454 0 0 0 0.0182766149709318 0 0.0131784213545509 0.253275974357116 0.0130938054135044 0.00217311083289156 0.373846056689048 0 0 0 0.00379732529977307 0 0 0 0 0.00365223994848057 0.00816407903064134 0.00565468971714762 0 0 0 0 0 0.0138933397919671 0 0 0 0.00175091763174998 0 0 0.00175381791291831 0.00705905504153962 0.00207577745094495 0.00298874019756503 0 0 0 0.00355766520254131 0.221718788514406 0 0
0 0 0.00285710180625423 0.00429834965446847 0 0.128378762741697 0 0 0 0 0 0 0 0 0.00195771661685162 0 0.0361413332866753 0 0 0.00830247664265602 0 0 0 0 0 0 0 0 0 0 0 0 0 0 0 0 0 0 0 0 0 0.0889946724648527 0 0 0 0 0 0 0.00279902870605632 0 0.247797474789437 0.186251026087441 0 0 0 0.00409660285827541 0 0.00194137523874622 0.00840671620181289 0.00731188768947643 0 0 0.004667767609438 0.00248895669054024 0.148191835439596 0.00277915652268689 0 0.0686114590939515 0 0 0 0 0 0 0 0 0 0 0 0 0 0 0 0 0 0 0 0 0 0.0693348252707625 0.0516555687021198 0 0.0446508004121869 0.0271451885362812 0.00340413981474768 0.0862193177710322
0 0 0 0 0 0 0 0 0 0 0 0 0 0 0 0 0 0 0 0 0 0 0 0 0 0 0 0 0 0 0 0 0 0 0 0 0 0 0 0 0 0 0 0 0 0 0 0 0.13842190718679 0.433444508333559 0 0 0 0 0 0 0.2980041411352 0.00315721249231876 0 0.00295537341982998 0.0877283202787111 0.00318113318277547 0 0.00518442480496137 0 0 0 0 0.0178001918258774 0.240099154631824 0.023781516939332 0 0.00294952002143084 0 0 0 0 0 0 0.00623232732562321 0.0641091046061086 0 0 0.00693176358350069 0.00264915532629823 0.00919223678386542 0 0 0 0 0 0 0 0.0053534735990636 0.00733021164739029 0
0 0 0 0.0115057406378095 0 0 0 0.0214931228930619 0 0 0 0 0 0 0.0386761283742656 0 0.0280478925010604 0 0 0.0603258387276616 0 0 0 0.00316237289683836 0 0 0 0.0415841368006085 0 0 0 0 0 0 0.00337790883510835 0 0 0 0 0 0 0 0 0 0.00325382756401895 0 0 0 0.00217484421036203 0 0 0.112179679513831 0.0182766149709318 0.00409660285827541 0 0 0 0 0.134619226987874 0.0835765663342137 0 0.00460940377540431 0.214620333362528 0 0.0388293652942085 0.213573205899915 0 0.0641704917673176 0 0 0 0.395016850719688 0 0 0 0.0288088845268611 0 0 0 0 0 0 0.0192815421817161 0 0 0 0 0 0 0.0230151870923393 0.00681877766573613 0 0.118373024062248 0.0579690616687093 0 0.00160565750548677
0 0 0 0 0 0 0 0 0 0 0 0 0 0 0 0 0 0 0 0 0 0 0 0 0 0 0 0 0 0 0 0 0 0 0 0 0 0 0 0 0 0 0 0 0 0 0 0 0.0753341682537525 0.0139363603513675 0 0 0 0 0.2980041411352 0 0 0.0080528570696591 0 0 0.219046820846688 0 0 0.00208484882937369 0 0 0.00241414953633408 0 0.33318821570814 0.00609216094554276 0.00889948509594546 0 0 0 0 0 0 0 0 0 0 0 0 0 0 0 0 0 0 0 0 0 0 0 0 0
0 0 0 0 0 0 0 0 0 0 0 0 0 0 0 0.00208758230656887 0 0 0 0 0 0 0 0 0 0.0030059309255413 0 0 0 0 0 0 0 0 0 0 0 0 0 0 0 0 0 0 0 0 0 0 0.247660867407946 0.039676427452809 0.0773955693616506 0.00824326595320216 0.0131784213545509 0.00194137523874622 0.00315721249231876 0 0.0080528570696591 0 0.010650783186022 0 0.0506190994361864 0.0664511823417191 0 0.514635776385266 0 0 0.0624477938130048 0 0.201880106364785 0.00939281817167323 0.145165815111623 0 0 0.0345606129348301 0.0432789301363434 0 0 0 0 0 0.00260846667793365 0.00467528187454204 0 0.00642772918112092 0.00310048551420544 0 0 0 0 0.00981767965122382 0.0255769711089278 0.0846944115732778 0 0.0852932147233271 0.016234325182415 0
