1,0.240645594637779,0.100380703820227,0.143268609756342,0.0956006374480799,0.28602697149156,0.0553626543819673,0.0170675659034307,0.179628174532235,0.155775569801477,0.1713894126353,0.0587057071457268,0.148360019103841,0.266397181382542,0.410868595932616,0.0143552656620839,0.220046363338851,0.100877791416546,0.0609322985079515,0.339891347119083,0.272256988318614,0.156096705542646,0.0854970662842211,0.2539089934133,0.01034946960245,0.158564848682901,0.22258368911148,0.208502066698547,0.334386057025661,0.320341910802853,0.0708144033556229,0.0558035672683643,0.09963420143262,0.0212563880650166,0.377375798302999,0.0977491164767988,0.00919292649943986,0.140962925310813,0.139291070998238,0.125077797944971,0.0702236271331605,0.0216050336540069,0.166259041312674,0.12234919542053,0.311729828513675,0.0456892230709346,0.0684546831450102,0.0970270010079109,0.101718842237935,0.0855681617077344,0.0981304580910452,0.067219790468977,0.257050795599702,0.367819671551521,0.421817675931714,0.146768595162781,0.324603345339974,0.158648139100852,0.0217428929106941,0.0914802412997184,0.323840162137814,0.0910272660981032,0.257693330011411,0.0260536290333693,0.0523578662125417,0.218057860100128,0.188514775960046,0.142611452305794,0.305412993690315,0.224765518537309,0.0397732639623195,0.380715883788482,0.0935273250810539,0.0438508478088336,0.231953107032312,0.106717469645595,0.0579015311306854,0.526243983531288,0.454322989956226,0.514418943341238,0.411335283263171,0.129528719238666,0.177098134372861,0.230718259139258,0.266957019058586,0.42329970777523,0.121376576707302,0.442183929244246,0.39340942886221,0.106381375163778,0.109674164964068,0.181332279161721,0.141673992626361,0.178768761573843,0.235728286280844,0.239424972589514
0.240645594637779,1,0.187591655445549,0.0619452982579495,0.321556493711804,0.0228465793659247,0.476134121046439,0.163742959264148,0.157075148357894,0.144585494002628,0.110967229036805,0.513692477808321,0.142071912489767,0.00594270547876986,0.494088378482215,0.119164628779576,0.101760163589041,0.0875351199628704,0.134440717876332,0.501753204205614,0.0383092083705387,0.342028337073989,0.229304401546564,0.25561328128197,0.369513024533772,0.0132639268806523,0.106131320530451,0.0388072295904221,0.0293131956720869,0.25478747242219,0.0166869517750572,0.188969437774272,0.0832946612631605,0.15982030674367,0.375473624586947,0.0220812003947271,0.0382528194997865,0.244517644264995,0.0524352562625708,0.118053433841345,0.00591072832662932,0.176116468888085,0.278851355616584,0.0866636485928906,0.0739479340971794,0.0421005406884595,0.124876652453606,0.213285170280477,0.459123670184499,0.459514747227656,0.156943024956025,0.332774414979991,0.252005866739795,0.170790195064445,0.174552742477467,0.10119132614483,0.0723836693902716,0.24145165929237,0.229644215694261,0.325803296463399,0.0602298876527258,0.0131792111161755,0.432839984919041,0.266031920619761,0.0442276577511819,0.48440695427274,0.141486907814619,0.380119189068,0.0639238563569401,0.419547925101246,0.180166535617431,0.545299821674651,0.330028780315818,0.0108759362257932,0.107002620177947,0.100088822338283,0.0395127934761278,0.364754410819923,0.134167949247147,0.273226680658964,0.493881111147134,0.0478890897647343,0.33701209304955,0.20452003234356,0.158517278782264,0.461015437414426,0.0508095848554714,0.387668460686472,0.0627490019577477,0.0514521153659182,0.0415884245638263,0.180742346472669,0.0382346016334093,0.112535251033067,0.130165346544301,0.441023960304702
0.100380703820227,0.187591655445549,1,0.33011251285349,0.196213656644166,0.285490811792763,0.00809250312807912,0.267006841322366,0.0544797895581748,0.143434531420379,0.5273453267907,0.230553101608655,0.0021142840903552,0.184009987846995,0.265009424761891,0.486142809768621,0.101188538403586,0.176223940828909,0.262944446850129,0.328872703470168,0.0825550531032313,0.00898675113396035,0.00941610484321881,0.0352500182451634,0.00335602647044201,0.035005996871908,0.0681020867056871,0.0420754824592057,0.184026763607755,0.185005275819997,0.0100547528473911,0.141347119011689,0.0984990261609317,0.147157506660472,0.171565595581335,0.0726899455032176,0.0783641753160509,0.0192974841976888,0.0509811805834055,0.0727296607384977,0.0102780200240113,0.0900539019011479,0.203360293608776,0.189349780514893,0.0800150528690877,0.164778803932375,0.244537989383237,0.0177929728947863,0.14882389270904,0.22754124459219,0.0192096575904416,0.170126942815258,0.0470402992298046,0.161748614301393,0.192327619289572,0.0518638442486786,0.314396479096475,0.156522800482496,0.0698132900013888,0.0747681804537958,0.132011120582578,0.00851349239708686,0.0527231694515478,0.0148490417192536,0.0891919502697808,0.170787840828993,0.203968734822398,0.140772947388044,0.0146019020948049,0.149611310753363,0.0115456533116037,0.155051936334129,0.0527345328286895,0.0823586147992815,0.223000945107138,0.122698923167968,0.00207275353924588,0.136101925841252,0.0850754768442039,0.0678789032718752,0.052827494090716,0.152519959226406,0.264883059395695,0.0723875471255774,0.22528398987282,0.0865818559220489,0.211010824189082,0.0299414763934932,0.123624410309974,0.059225448023244,0.14270427095889,0.0503975139298847,0.011506483129281,0.258880794470737,0.110773202410672,0.196687143143264
0.143268609756342,0.0619452982579495,0.33011251285349,1,0.198629325402096,0.238501292536495,0.121861894210082,0.450736480954492,0.0566321711102719,0.20992693499771,0.19773176437977,0.0545319511845597,0.0369398336750185,0.0357783950215422,0.237953186973485,0.180990359103153,0.230643565133536,0.369615848936751,0.079096022974241,0.265522540614935,0.106227461570047,0.00287911191558815,0.0142114264754324,0.340203030376527,0.218901489313199,0.145286706628073,0.13696766015836,0.0156362472522653,0.254586256702702,0.425677921876385,0.18127491442086,0.213908776489798,0.272724767917654,0.0824229871592691,0.0586003750713287,0.275381044521659,0.255867683436308,0.0519478177310905,0.300099957246276,0.0203789094578319,0.291746286342948,0.0826755325039256,0.184092392127743,0.249281871235453,0.113041301004313,0.108810291985821,0.0791641931125457,0.00620840816471628,0.123794722381235,0.153633127891454,0.117565295401184,0.078653525321348,0.270129740952442,0.0317134621971796,0.213689767571004,0.0648861356783073,0.403270325346215,0.277227278322156,0.204830831416057,0.281435159888365,0.175427672869782,0.199660221068437,0.0954633437624016,0.114181436079759,0.339385725852906,0.40844260703556,0.103209815273898,0.161287300223059,0.302697565004183,0.202745735914977,0.075265687183607,0.316440200108936,0.326325447048308,0.0389419467946234,0.0779630689562872,0.141731755934801,0.231914491029119,0.284374681113756,0.139612174655354,0.125610630340592,0.146227862864862,0.0823180653116144,0.066291294472629,0.104550830646381,0.24994766100651,0.453645355860791,0.0308916334370684,0.179487873210527,0.211478049531149,0.229013529579743,0.0851356124217383,0.202211753045074,0.208594700198964,0.0493314789625208,0.219018730547329,0.370776094227908
0.0956006374480799,0.321556493711804,0.196213656644166,0.198629325402096,1,0.0628602972636022,0.349899741914772,0.246630653997449,0.178359224682387,0.245843132939054,0.44654059360078,0.114507351387136,0.315395865585426,0.541621042952009,0.145462584026385,0.184858488889886,0.179342694522094,0.217001499613907,0.206960564156045,0.146682811169683,0.0229180385613602,0.247237225593671,0.353916839042258,0.0454892170219498,0.0507062792007598,0.0552080994124166,0.114544355555578,0.221321156877075,0.447701210368118,0.0944172801436802,0.0306665170107452,0.0898532742378644,0.251025920141898,0.18798048416759,0.0948845613131896,0.0434897643190966,0.0657936459958104,0.126491136381175,0.289644147590358,0.220811713165127,0.189046520016566,0.235772441346393,0.16299216989548,0.0368024255466586,0.160655933358408,0.322850723853312,0.308265312844631,0.123234357958082,0.146457516024824,0.423004682056299,0.0337951093936345,0.118679849283483,0.385425661595307,0.100665848612994,0.0367724377909643,0.14124344616827,0.0507356485956439,0.139511147929743,0.210743459286848,0.323989545193629,0.0520433049732105,0.225182714672602,0.131700899430194,0.140566761030406,0.156529779133531,0.348122022210871,0.314362271975698,0.242768757355759,0.188756821017809,0.268780390521106,0.342448898128016,0.503879941656487,0.00693164314069925,0.176622433538083,0.0542444319154556,0.147519162975438,0.203073110948157,0.426526777125789,0.130990763458128,0.163632483027546,0.300206412744066,0.103660521387699,0.262331115104276,0.275428499661567,0.0244699960701618,0.337125674659663,0.192070179970264,0.0796968949226937,0.16715510357476,0.261851721228614,0.0775887736314312,0.0428740465479321,0.0400684954503538,0.0214624302366333,0.196304971356371,0.194562944698667
0.28602697149156,0.0228465793659247,0.285490811792763,0.238501292536495,0.0628602972636022,1,0.0447409546609704,0.171306934165614,0.140684346178251,0.0817238128299694,0.198170716475756,0.143570083432031,0.0745449377062656,0.262124388054546,0.163553562592482,0.00104533815974384,0.508932432809419,0.158654413423151,0.0323017112682652,0.368380785788082,0.394223074870283,0.0171539417652583,0.0834438811912309,0.443891808620735,0.165176289541676,0.511280182460354,0.484691490115739,0.107423276879311,0.248648674739628,0.018197013597421,0.11069262735409,0.0557796681337939,0.337825903696745,0.129654417036108,0.106941533451083,0.273300467765447,0.0846902499928337,0.147847698035003,0.162004664696713,0.0383088659253019,0.114510793447559,0.00763466762725701,0.0708265636798043,0.00293778496729956,0.373612234866892,0.0740605594854254,0.257752280129278,0.414456644211572,0.177192774529283,0.132374191936789,0.116605329291073,0.328978263950059,0.223171435019319,0.694267978160473,0.411332298691134,0.244210181595196,0.494687464793417,0.0162993524514571,0.185446880773685,0.195897636972592,0.303604449997014,0.144950152699564,0.162832049725931,0.0547995579697449,0.222003308377783,0.152982274827433,0.157983532845685,0.175970917458383,0.264379907201351,0.05801637776866,0.0272825494483488,0.255527081488086,0.0717955298711031,0.259119561074879,0.328963878888077,0.253267956373306,0.13372157631955,0.242819122665296,0.231963033975502,0.305742713892882,0.358640072436103,0.162142016121126,0.173046402915718,0.473851982080071,0.211586134744146,0.158842809738504,0.237126533024448,0.0923491256444115,0.201534011963566,0.132671986359585,0.130716209707403,0.0681020272286905,0.01370450325597,0.313362811928414,0.0204161588716487,0.0141273202372681
0.0553626543819673,0.476134121046439,0.00809250312807912,0.121861894210081,0.349899741914772,0.0447409546609704,1,0.110136194403284,0.582925296826325,0.167544456816514,0.172632947373564,0.041192738307473,0.460424218825749,0.105549972279498,0.0211926491530099,0.100256392390325,0.164129897672701,0.0980102881401849,0.181078750575515,0.130567325466431,0.0841155586731275,0.403799960595958,0.454544899550118,0.137877055172232,0.113353852110493,0.247191226289247,0.107904705630731,0.103597509529889,0.131961905705045,0.106953014746082,0.0762690543258464,0.319934378276455,0.119180774717498,0.106778940884075,0.156238167640863,0.217570947072876,0.0205303527879901,0.25777861296759,0.0211434328996386,0.0264651611042198,0.0593492368971272,0.161661355732923,0.0199507251892827,0.148215850834583,0.162445340323067,0.117790036955677,0.036455105445789,0.0375790145385577,0.138855175068932,0.220145447535017,0.0513016997579143,0.478009413591938,0.0757450836430809,0.307977462973402,0.158473483158777,0.0350915350545897,0.231248027175922,0.215415366936573,0.414402867958446,0.388701490025133,0.165070016871827,0.0563250132040141,0.0531689680276091,0.218346234624755,0.123757479557952,0.508226341257098,0.232662028448132,0.130303083311158,0.176725018742671,0.421678374270107,0.348903434748416,0.320355872362848,0.191323146069357,0.135432212801874,0.0361851024533745,0.0848151771568925,0.155992299192208,0.427608945422419,0.163353670092902,0.254383844547645,0.356653733833116,0.00343044309055047,0.159384370279888,0.260227053405317,0.108137122909535,0.411245957575653,0.162763376068738,0.226601928650684,0.340329344509141,0.00951476943269318,0.00625732702469258,0.274319134857837,0.067779066103744,0.142896729925887,0.277634450700534,0.266644840473402
0.0170675659034307,0.163742959264148,0.267006841322366,0.450736480954492,0.246630653997449,0.171306934165614,0.110136194403284,1,0.171241004136204,0.181063868691217,0.284612933404971,0.0526986266677369,0.0634015137328499,0.286097936880091,0.251893976760681,0.304624010242292,0.350704298239521,0.447382887817044,0.248224921264045,0.243920329432719,0.0363073266614822,0.0620504151751565,0.156327349901423,0.185027225484248,0.154434171180055,0.049458336716037,0.0380701148744073,0.133377920075218,0.362947094834499,0.271219252959502,0.256968160768916,0.250814349562741,0.253234572217139,0.0546727025391302,0.109043247213949,0.097070008050305,0.248042772817298,0.180961386626208,0.240872291927222,0.168911873296305,0.166293842305908,0.148410704696466,0.0766063699135626,0.00692551441069766,0.27556703023956,0.449673227469623,0.0784843285688255,0.415875192494172,0.00605838636329164,0.0396838455386436,0.117075791973094,0.271910109530168,0.112600224626561,0.116425835396313,0.0566387259185508,0.302521577080053,0.116148235068491,0.00596917973311431,0.08219352892323,0.121865999684037,0.0428176296109941,0.0626822279011776,0.18134334921147,0.0302800465716243,0.299068412282515,0.0795605952701251,0.103818939117859,0.242640315820793,0.0523931166912384,0.129303813511712,0.194184698909483,0.28350481486217,0.230352548682477,0.0914720270288535,0.0256993276680668,0.0888064199187025,0.0510096056965581,0.0178739114862945,0.0207228891107387,0.150145352436608,0.0808926239763731,0.00680049359653982,0.149021251732287,0.0188485892559894,0.32336088459799,0.106497069045568,0.373285675061165,0.0870216482726991,0.0636569529135387,0.120104556549347,0.0759380399026383,0.20308241647295,0.360640416331542,0.0378990759244998,0.184281563614728,0.279941700718019
0.179628174532235,0.157075148357894,0.0544797895581748,0.0566321711102719,0.178359224682387,0.140684346178251,0.582925296826325,0.171241004136204,1,0.175372539473117,0.246590847120717,0.368538960774974,0.622827436709708,0.128946180836196,0.128167073526469,0.158268953750774,0.12104711768157,0.200626384950382,0.517137072859835,0.143238927673411,0.314816791996974,0.433107368151763,0.615765523299708,0.102665963614037,0.0185240100572839,0.297165889242645,0.0648543833612444,0.356176766048077,0.0175540589815251,0.120471885553985,0.0914905732482363,0.105292646413296,0.318710567405901,0.0264535147981428,0.396408024119859,0.166558584286804,0.170560850154589,0.0436870686071378,0.0843521191381917,0.0563067246663558,0.11755948132433,0.242079664344344,0.167209614915607,0.0655331516661635,0.0475444297334574,0.0940817275662105,0.0757825125926507,0.0233206766184283,0.0842315631955585,0.20687579379872,0.054917527523449,0.42888261998301,0.103955438442944,0.224378285044798,0.10560141146562,0.0942890302702096,0.20717649149329,0.0844980804585506,0.322975980107558,0.186082234496214,0.477964879243557,0.0134724222908455,0.0585577396977711,0.162495553053861,0.145016872065551,0.112157385008565,0.322352324843456,0.0701114984153039,0.347521423827588,0.359159567907805,0.587511500313251,0.0116901828216351,0.0131550306913661,0.235661171195733,0.224657266657595,0.252704692078712,0.0921500434066451,0.00643992110824615,0.00773128212587096,0.0722648564205255,0.00716561268137379,0.173551656883616,0.0953421092539742,0.0763138584587395,0.0139938855284186,0.113482924751973,0.13939478827588,0.130627351559181,0.0226248556552639,0.312902245067817,0.157251143490122,0.366574540086177,0.0303725710948726,0.216172147102817,0.214605564013471,0.052130421400487
0.155775569801477,0.144585494002628,0.143434531420379,0.20992693499771,0.245843132939054,0.0817238128299694,0.167544456816514,0.181063868691217,0.175372539473117,1,0.264565956728369,0.187889325211322,0.0120880252383976,0.34906957816861,0.190563851019855,0.596255884832329,0.0653330799356583,0.00973514247058013,0.0550213211254745,0.0294991961327631,0.355231216301101,0.115797309689469,0.0414337728290292,0.123319367985539,0.0523035118884131,0.00336257540139282,0.00560845979227339,0.0985420346052627,0.129562429154332,0.0675662110607081,0.23317635512551,0.198577294766315,0.00479990597663371,0.0297508922340765,0.023584242484821,0.130379546044736,0.135928063985951,0.130995492145059,0.108492922475493,0.0298350789299057,0.148151060177125,0.150925460696842,0.136658666047498,0.1001557026711,0.099051387570984,0.303694487623577,0.274003452641476,0.326190573480783,0.104937422020665,0.148836968684764,0.115667901097423,0.362963391827877,0.346916199646015,0.0904761588414434,0.179955181698287,0.0231315931687945,0.185546870933089,0.185472360368692,0.190788064089331,0.20510700704034,0.0296219737103932,0.191488459167055,0.00876073959976723,0.207724131889921,0.162209757136511,0.121120335353898,0.0734386561384152,0.163180155255541,0.2842734606489,0.114718611658547,0.125063846928312,0.0500266183193387,0.232709044230817,0.0683394068236954,0.00804262329857661,0.246248336412788,0.0707584112926989,0.0586068833349449,0.0152950225862139,0.134752409064712,0.0450346302527925,0.0182294029003435,0.157856502957775,0.125871762385942,0.0660170867190777,0.114261940795254,0.0528308138019571,0.0632130949356253,0.13608547197902,0.197743217484394,0.134768600797494,0.321406585856643,0.105995565255892,0.0569147476540723,0.139669939035147,0.0150733203914339
0.1713894126353,0.110967229036805,0.5273453267907,0.19773176437977,0.44654059360078,0.198170716475756,0.172632947373564,0.284612933404971,0.246590847120717,0.264565956728369,1,0.386931894856855,0.190808578830007,0.503130659970209,0.14987871638021,0.235526137227983,0.0503701708711353,0.285609042772468,0.145012770528935,0.194689483991312,0.0106365913095365,0.391270025699921,0.347300794145236,0.122018209563272,0.0989515343178324,0.00153010208003041,0.0356992708208843,0.190214823564586,0.289390639872457,0.0466942942274857,0.0670907845016179,0.0413874304309076,0.0876030343717281,0.121944257269231,0.18031904392431,0.215712301692455,0.0804314966437154,0.021868051243362,0.142074094101175,0.00603503952914893,0.0363054696855434,0.450916794953855,0.156700596728314,0.196045533726113,0.0970415819329563,0.384399641072442,0.322019678066374,0.246827213879836,0.0992965907053536,0.138548452272302,0.0789707627621602,0.0148426634371108,0.265422040951777,0.338477807932839,0.0444703557371829,0.132485843123708,0.0749435025220688,0.0747715734712892,0.0352968882531092,0.0230168826724137,0.0378039228811626,0.0341939554228547,0.00970352807455375,0.0574017805701987,0.0804390374740432,0.25837270365584,0.202474516713174,0.160698060359966,0.0343481381729747,0.406384223305412,0.36506031793163,0.27065818745042,0.10181012462397,0.057082849173375,0.145513403416565,0.485503952646252,0.0058833445908372,0.430052928311045,0.305797006964889,0.352550485913237,0.190018374313532,0.0534917520210045,0.0743128881982737,0.200404489581935,0.00557944378159223,0.121921413332421,0.274116410367256,0.0401099291017889,0.308154996255624,0.357448299351409,0.158897928803572,0.194191194229653,0.110110497406041,0.212651290156585,0.367778118114051,0.158339684157319
0.0587057071457268,0.513692477808321,0.230553101608655,0.0545319511845597,0.114507351387136,0.143570083432031,0.041192738307473,0.0526986266677369,0.368538960774974,0.187889325211322,0.386931894856855,1,0.229092890898395,0.451953964483672,0.298898728781048,0.125924716480043,0.0620381516355703,0.357894714277554,0.153507222471801,0.326671426415162,0.00364105397019529,0.0592389253048791,0.268335765689931,0.177276273562633,0.315774229890562,0.0798919122109578,0.0751134155197479,0.237711795989261,0.264867268705885,0.123887441227146,0.00287827131140079,0.117524297476176,0.133889842972493,0.1242683731591,0.339964436877459,0.112528250987579,0.0928373537454935,0.10800421925732,0.244257839364577,0.341564555046695,0.0707221581207623,0.40056807678756,0.357900250658982,0.0368477987959595,0.173317984812418,0.015859517812981,0.314450934315287,0.135212870829987,0.280021043766724,0.13206978962477,0.0996528105561205,0.0863252715024928,0.0333666722704154,0.0743590736641558,0.095355347119506,0.0279908618784151,0.0555568025162999,0.134485022679436,0.0635689884239384,0.1536487694094,0.235535215090855,0.149894663882162,0.116756522713677,0.0080103863551044,0.104300540029793,0.125951392699848,0.222310841168336,0.168880719923866,0.0894884729798622,0.00301971432327053,0.341383551454302,0.09618822889979,0.109791123646413,0.0457575087914039,0.0454318712396183,0.460039697027301,0.045435479800366,0.0469702050688489,0.139496338526878,0.123792762690692,0.151500311635374,0.115802029825068,0.135704307758921,0.121573080108053,0.0134022793431848,0.196035363249973,0.297981589046091,0.222601221754723,0.210881143821811,0.418289347407369,0.114411226324287,0.16175794454163,0.0788801411828148,0.175288243595557,0.175061709780998,0.263797944249603
0.148360019103841,0.142071912489767,0.0021142840903552,0.0369398336750185,0.315395865585426,0.0745449377062656,0.460424218825748,0.0634015137328499,0.622827436709708,0.0120880252383976,0.190808578830007,0.229092890898395,1,0.120590863173254,0.0380655715226094,0.0254323989088277,0.30028631111473,0.233080406995047,0.336808364325257,0.0592766782604133,0.138618351604332,0.281074323985238,0.553461939930053,0.0294895124822587,0.137026953288696,0.191784790343049,0.0913276894645295,0.347183418624587,0.186634793645686,0.0889637587996555,0.069230455219286,0.0807111844134336,0.286017493883836,0.0518912596418786,0.166887107225082,0.243110588338132,0.186044126196073,0.0835701135841244,0.0274199335101685,0.196198104013541,0.112195233387042,0.181845160097018,0.0764116973013622,0.103782704365651,0.198374035791114,0.121366753221856,0.00485879865483978,0.166381421653124,0.128969807080649,0.18225875779561,0.0751705307914902,0.326602081088206,0.0664855139061759,0.039138884714979,0.0185591757146338,0.0651402976328865,0.255327868056294,0.130648738104717,0.147025673807203,0.198921001768754,0.364313031694598,0.0258973845380524,0.0730768242771354,0.269360377399556,0.459786304891888,0.126133442303251,0.200841445742726,0.151877862480642,0.313932786683219,0.137645863490641,0.50543752887043,0.169668094187071,0.169482375200334,0.0252707950642141,0.220359502906442,0.169328368522398,0.0513435716352308,0.14901607538278,0.078594139594622,0.0365123949820986,0.109792946290282,0.207233051406826,0.126116928246522,0.200623213891531,0.0974132607975432,0.0546838607853175,0.101295496059768,0.0716747799005485,0.031993794834924,0.172897773642345,0.123812836251291,0.24644381439349,0.231601849384089,0.177813449361344,0.245874396612585,0.0640435637522285
0.266397181382542,0.00594270547876986,0.184009987846995,0.0357783950215422,0.541621042952009,0.262124388054546,0.105549972279498,0.286097936880091,0.128946180836196,0.34906957816861,0.503130659970209,0.451953964483672,0.120590863173254,1,0.15991251504327,0.167732032224112,0.00595438699659559,0.0896897716889651,0.170537015472695,0.0782313597567002,0.0310457105695942,0.19952925344585,0.223194712467177,0.190746021813836,0.342733568014407,0.225091807032423,0.294838832929887,0.286550592824399,0.6695205748949,0.148939988056719,0.227596640234592,0.171455990982804,0.0024026594706058,0.181017024654857,0.00177072671976933,0.0891349031569453,0.0289266721098782,0.0105734166810708,0.18700113449174,0.433296096324928,0.225363679190178,0.299979784912123,0.0775105279174322,0.0241612606093467,0.0123420531419044,0.344585624072262,0.317411731753902,0.068849989613726,0.102268536009225,0.0276426211778095,0.0489123351260458,0.133923436477955,0.499313146032451,0.157613718420632,0.253348792872444,0.399988446964455,0.2240731727704,0.0901737281592941,0.0885045834777692,0.047526697057576,0.0433247274534242,0.477901979509759,0.0310876251906762,0.126380573941456,0.0157050547735302,0.0716861303657582,0.182141455642513,0.0684489482739817,0.145074290064038,0.0561612315275493,0.410978110465568,0.3668591193522,0.280231916420633,0.177820623536517,0.219691404468292,0.578581161043986,0.440404368262666,0.22166089938772,0.134442648545613,0.106371664425326,0.249012355225311,0.0894809061115194,0.290651509047605,0.362735152737258,0.05667416976063,0.0385079442423156,0.368109807015735,0.00233973201918371,0.258037966268604,0.340833809362542,0.0981700259124858,0.0251119791341097,0.0263398567325293,0.382600816119045,0.2228257119001,0.0813576849157674
0.410868595932616,0.494088378482215,0.265009424761891,0.237953186973485,0.145462584026385,0.163553562592482,0.0211926491530099,0.251893976760682,0.128167073526469,0.190563851019855,0.14987871638021,0.298898728781048,0.0380655715226094,0.15991251504327,1,0.122433949106548,0.322625372255468,0.238194169753,0.147718610651219,0.73817423171567,0.234540696392079,0.123960012487266,0.141635008433281,0.443049409587986,0.067739747178,0.315784258699435,0.440185495612288,0.0334105948178445,0.214978053789182,0.208065404053585,0.119343115708468,0.0612450827382502,0.0721273398725135,0.398235250350915,0.484835861076787,0.0458596152344894,0.0951217134252116,0.0167899330862625,0.0327262257644844,0.062668943274268,0.0342723827338808,0.150068803584009,0.281150149687359,0.00378073166410422,0.233640843704461,0.0809115206259446,0.0507311201521488,0.152149325396168,0.180096642675599,0.321234537951615,0.0959397249225044,0.0266065670651773,0.198322746340605,0.0830565567481877,0.320688173288063,0.0362279364577493,0.25570949645532,0.117813057654231,0.0837725186748773,0.220733133579873,0.143137768456336,0.0751462488433206,0.588138169574713,0.0479217685171119,0.074989006624576,0.0921176528028592,0.18172201979027,0.496299834210498,0.103503222025663,0.111593297497863,0.247193119838443,0.291006599227727,0.0295135734731175,0.303854914080978,0.361896536482527,0.014740298130006,0.0969344317298445,0.288170986862536,0.253502628745779,0.239742376054387,0.31524769380214,0.239691276577988,0.122682703648666,0.237318477058849,0.337076523303233,0.11392410717439,0.195858232218112,0.237539660966219,0.0685066115879836,0.117024874012702,0.252052791460124,0.00928510623290141,0.285178052670119,0.0629664285860205,0.106637401380584,0.00885576455536887
0.0143552656620839,0.119164628779576,0.486142809768621,0.180990359103153,0.184858488889886,0.00104533815974384,0.100256392390325,0.304624010242292,0.158268953750775,0.596255884832329,0.235526137227983,0.125924716480043,0.0254323989088277,0.167732032224112,0.122433949106548,1,0.0640243578019484,0.0999567619161437,0.218198914786139,0.214065102539049,0.18167113929524,0.0576431269242589,0.0373495676346041,0.0696952035586503,0.104330671082305,0.200663909208249,0.153635981309513,0.0272799449285634,0.113105221512989,0.0139375812419008,0.0155015818977444,0.179314600285702,0.040947135337443,0.0896515408910372,0.0989443097693465,0.0748815011737083,0.0696346606328763,0.130264085341938,0.0694832540009295,0.00606637989345867,0.150933611327667,0.0658206067301332,0.147627471284661,0.197562439171144,0.0109487960260943,0.301739865799416,0.117842526759771,0.159011697990538,0.185162091736745,0.16828627280523,0.233592068861593,0.304046610765247,0.208604504639106,0.103997685162552,0.208857955691827,0.0451304804547031,0.102983495685755,0.223321386918386,0.160987248679125,0.0296272515239093,0.0908576073506695,0.114786872560814,0.197114352102388,0.370946216014174,0.0389979358018062,0.163954543907408,0.194944897690613,0.0594038199016869,0.154987065210532,0.136307173697736,0.0332380950018768,0.172089908819639,0.0470560112593329,0.210517115537938,0.183168715262029,0.121029459540571,0.0710450674337396,0.0952295875426617,0.148281424732515,0.16378122926713,0.00822087314063006,0.00197608798676515,0.0989097713003263,0.0492996743072387,0.0889869847548774,0.0355892181839427,0.0872106771085901,0.15307762488626,0.222228897528469,0.0349072847929147,0.204250803413551,0.14426276320322,0.0832702599992408,0.113426213369293,0.0225592940725738,0.260692565360255
0.220046363338851,0.101760163589041,0.101188538403586,0.230643565133536,0.179342694522094,0.508932432809419,0.164129897672701,0.350704298239521,0.12104711768157,0.0653330799356583,0.0503701708711353,0.0620381516355703,0.30028631111473,0.00595438699659559,0.322625372255468,0.0640243578019484,1,0.0223820074530351,0.0901902517834683,0.513260121110355,0.239099987404262,0.00604983596208007,0.117571303143502,0.261441728118341,0.123942252210493,0.273190660020079,0.17822471829268,0.00310475921592225,0.116059852593909,0.169082480729676,0.393117783299394,0.165956694025937,0.185553274093042,0.101920366500443,0.296438704636068,0.20150068145871,0.18160604550523,0.206678191370297,0.251688366835844,0.0196962137698256,0.128740630433815,0.131030238713917,0.0877276191440051,0.0214546053184105,0.434163128268779,0.182898009582121,0.00552192677461307,0.2731331205964,0.120096819985065,0.18191956066704,0.0163998194531675,0.362765358973574,0.0426119738246435,0.383057939046891,0.124876027517153,0.157627256528686,0.326583572533491,0.00356416647379621,0.0295171499859351,0.0243344816590088,0.115513866269273,0.0373541516841223,0.338998973314477,0.236441639728575,0.680698705601262,0.0899704146830552,0.0982262502561329,0.48170198750103,0.012387952210923,0.0386000671928134,0.184361392258087,0.207130504131522,0.0925076469498801,0.194749067385925,0.073763533904715,0.0480388176290795,0.125046288339715,0.296285417627396,0.0901279218311064,0.249259536417186,0.26545477685381,0.168405917411065,0.166125133798952,0.409179164753477,0.296537776735923,0.270605148989426,0.0202521439684356,0.0928338290375552,0.00208422204515985,0.0594002199049318,0.173629431768597,0.076894533139997,0.298608798987028,0.0438168362479052,0.0651940156426842,0.266847599056983
0.100877791416546,0.0875351199628704,0.176223940828909,0.369615848936751,0.217001499613907,0.158654413423151,0.0980102881401849,0.447382887817043,0.200626384950382,0.00973514247058013,0.285609042772468,0.357894714277555,0.233080406995047,0.0896897716889651,0.238194169753,0.0999567619161437,0.0223820074530351,1,0.0747964718269524,0.219870143016755,0.0547546317173779,0.0212149377162554,0.0703823106709376,0.584088618322371,0.275766879239257,0.0610884221327606,0.0342551715399493,0.325172184397408,0.234413638372969,0.235220704562035,0.212524083910727,0.0482257780437517,0.510622994290231,0.106019802426791,0.297232701355928,0.0288848690728583,0.200385522356931,0.192574716584964,0.561814168324162,0.155433425629317,0.162673588789294,0.235313723745977,0.08410792866067,0.181658941768244,0.175509918558709,0.0590452845766726,0.0717895328890469,0.165980246761958,0.347818860958644,0.06706065040185,0.306030620853848,0.179372600853412,0.0952759517801851,0.0795006477038455,0.147502589510682,0.11121585914101,0.224392467187705,0.172948773219269,0.140784247414764,0.0179786764427681,0.0197663646593824,0.0645708022591074,0.0701295904660345,0.0855386225898166,0.0143750333713,0.0539045814335773,0.196065875535801,0.191105362089507,0.394747981204716,0.0246372412340767,0.00887739931274349,0.218398570448571,0.0653461964209858,0.0829943921095064,0.0646830936326733,0.289347813299564,0.0766368072247361,0.220128740148525,0.109864908043283,0.0364697066193824,0.087537760666408,0.0451511766254079,0.0444966838362369,0.0652114166330243,0.169039541792536,0.264342251149577,0.188994442985289,0.0736701314363205,0.276260688620263,0.0389327297490362,0.112795248871397,0.0116867023746037,0.253054904152469,0.185094519425743,0.149840508245277,0.12099208516784
0.0609322985079515,0.134440717876332,0.262944446850129,0.079096022974241,0.206960564156045,0.0323017112682652,0.181078750575515,0.248224921264045,0.517137072859835,0.0550213211254745,0.145012770528935,0.153507222471801,0.336808364325257,0.170537015472695,0.147718610651219,0.218198914786139,0.0901902517834683,0.0747964718269524,1,0.0645776324599834,0.366228353002152,0.559498669241205,0.62958599133088,0.0593893326822074,0.0944344874865829,0.112596730182859,0.116496250106059,0.202095689585104,0.109560355699019,0.0959962909307205,0.0237442424304001,0.16674455753805,0.133212916115421,0.0817864400347052,0.268806015412675,0.185280605835709,0.0901017658024441,0.149189024152952,0.245036234033179,0.00576450066547211,0.135436320389183,0.291603357923123,0.0229729087303432,0.079945861599037,0.137745132472344,0.051848106498713,0.0145196449986884,0.114462106897008,0.109734100137526,0.0728742805831653,0.106432116721015,0.173249518159793,0.15716259144686,0.0440445400126034,0.100371380256103,0.240652850579106,0.33412586806887,0.104568441997049,0.243113176009971,0.0915057662370244,0.382069249187639,0.0794162546435615,0.105180721603974,0.0736460578218821,0.12916447980692,0.0765294473512563,0.529637141085842,0.0880881935587234,0.383826995921516,0.45617518466179,0.591263878493789,0.0617440692884009,0.0497473390620074,0.0655279969243969,0.0687962124664832,0.101346681088345,0.145578149081276,0.12705816270303,0.0272600938696261,0.143833648544648,0.011748288341685,0.0716557046159896,0.0535424596680735,0.154067895492003,0.148714408382605,0.0675321940811698,0.0994028630116192,0.058948481558996,0.0985332591712807,0.388299935507063,0.311153995204872,0.286335754053592,0.0364715352459003,0.0280500189874062,0.0260187140526504,0.0682974041210014
0.339891347119083,0.501753204205614,0.328872703470168,0.265522540614935,0.146682811169683,0.368380785788082,0.130567325466431,0.243920329432719,0.143238927673411,0.0294991961327631,0.194689483991312,0.326671426415162,0.0592766782604133,0.0782313597567002,0.73817423171567,0.214065102539049,0.513260121110355,0.219870143016755,0.0645776324599834,1,0.385084686562537,0.141768739575647,0.0404766165534724,0.572652063585462,0.0802031857312052,0.440245274278704,0.541705265178019,0.243025306403026,0.275025302842916,0.0809979126394824,0.173616563494724,0.115292017594293,0.266566091223838,0.341404175301613,0.568486805964975,0.186501226963742,0.128317745815195,0.117009561293073,0.199155210494067,0.0789950138443787,0.12948025659257,0.0620468908987717,0.262764489984885,0.0591287559474123,0.331771436179214,0.0246021674647693,0.181193897195358,0.346790512567407,0.208032332429098,0.249857071482054,0.133525953570003,0.227165423852118,0.176802523279715,0.240838843158111,0.382421881208792,0.0476179592145199,0.316453476349929,0.0389852730044032,0.00516943742850983,0.132111003422046,0.290836649687422,0.0592372814158835,0.510248115062937,0.0800599330403265,0.28356218506671,0.172490625508438,0.169879845509067,0.510314821760767,0.13838261773969,0.0622981858929495,0.121819800599045,0.474526542215093,0.0410984324708129,0.392503728815953,0.505593909081406,0.123078903990923,0.25322397256134,0.43217949937837,0.137850797498571,0.41952706813008,0.562496368225668,0.394898196408489,0.250179465491637,0.479593661287562,0.418856332615777,0.365525930346963,0.0404662665337073,0.340678434267621,0.160084936795692,0.0628713412220267,0.19415590635272,0.0317491284063034,0.1606386047579,0.0215880200586905,0.0157808773341779,0.0355502792544275
0.272256988318614,0.0383092083705387,0.0825550531032313,0.106227461570047,0.0229180385613602,0.394223074870283,0.0841155586731275,0.0363073266614822,0.314816791996974,0.355231216301101,0.0106365913095365,0.00364105397019529,0.138618351604332,0.0310457105695942,0.234540696392079,0.18167113929524,0.239099987404262,0.0547546317173779,0.366228353002152,0.385084686562537,1,0.170798694967422,0.347366387399919,0.258962709926619,0.0494773946821756,0.275324225051544,0.259669102955584,0.0666731633435451,0.117606728907769,0.137557364953679,0.305564595306727,0.0128505839379436,0.00168884192465582,0.0695789940430041,0.310743066625291,0.0695752290249814,0.0199660626473644,0.0573771368403899,0.00273342607266421,0.0670246118197271,0.0462100569702891,0.085502520440675,0.0267253352817255,0.280799942747652,0.191311386573416,0.0953987499188646,0.149996626176777,0.155288490747333,0.0707068951136173,0.113153145987347,0.157614575546457,0.0829535736717017,0.0906376422452795,0.154848175022961,0.412140778154213,0.061733017765819,0.449243835304581,0.0587919991842912,0.083468371537136,0.0775213046227049,0.446799258912435,0.106143167819824,0.207167990005472,0.00565610278511004,0.129644479117791,0.0651050001320865,0.289087374395906,0.213377500720641,0.494874422484891,0.0650107745555296,0.289105481602438,0.173204206120708,0.0351847651073185,0.282897362104501,0.387571567758036,0.0289755247217992,0.0544524523900428,0.143256978035869,0.111098580276429,0.279717827026272,0.211492015361311,0.195613379817533,0.0374180595691482,0.155809314556275,0.0668268445657949,0.10136421788416,0.0101867895735659,0.142429475946453,0.169948712719417,0.0952620595446726,0.15867573547515,0.153585531488749,0.10805046541636,0.00360914738989463,0.247072148449679,0.00706650671571702
0.156096705542646,0.342028337073989,0.00898675113396035,0.00287911191558815,0.247237225593671,0.0171539417652583,0.403799960595958,0.0620504151751565,0.433107368151763,0.115797309689469,0.391270025699921,0.0592389253048793,0.281074323985238,0.19952925344585,0.123960012487266,0.0576431269242589,0.00604983596208007,0.0212149377162554,0.559498669241205,0.141768739575647,0.170798694967422,1,0.618150962181205,0.0671154094875306,0.24386469050074,0.315655414706574,0.0647233136538698,0.0571118817843815,0.0802759427900224,0.122498728550663,0.145342111153875,0.316909374944488,0.0681157450022822,0.0347969084644051,0.255161010166982,0.390963698673187,0.0331436325165619,0.150376323292379,0.0110368696653055,0.21082108089951,0.192542632593397,0.253738891919195,0.0795577823951514,0.0782807118729103,0.30358621634606,0.169408750936423,0.0005605626165202,0.0664378880281253,0.0459955352015271,0.0146150608699094,0.00738661734786607,0.198842929261739,0.269418572091158,0.17370239969557,0.0781826990552189,0.142903800772341,0.125805737448895,0.0837733701723955,0.215124136174474,0.00841869629228611,0.342453363232794,0.0143700412256385,0.0828938601012515,0.140705212806148,0.166884671956533,0.199540046390513,0.478895656003992,0.00758323441348049,0.159183302472661,0.727697500376667,0.598813381410795,0.157997662342581,0.0806342419687975,0.259425192077328,0.161518506532844,0.125822600412598,0.0596892597408439,0.373500075792048,0.188498290050938,0.514139509965738,0.208232215010656,0.000915913265050669,0.00653708114220935,0.131166064524398,0.244213716613953,0.161388054462101,0.102396138737297,0.393782060227856,0.223744570995384,0.385346751899166,0.300582589304696,0.367802231211189,0.0982466911427871,0.0623099727339925,0.339708921430529,0.375463038973904
