0.000000000000000000e+00 1.547508758375487903e-01 2.062887275583499547e-01 1.226372193176742953e-01 1.416790279878153980e-01 8.807348367876924019e-04 9.160758364298599021e-02 2.304860516815262356e-02 5.599166788215305390e-02 2.377800408354430184e-01 5.340263488891962285e-02 1.961642820434967346e-03 2.177782960864565326e-02 9.339577203493589982e-03 1.273328359676626268e-04 3.711092276410247748e-01 1.075465953767802425e-05 6.676284665666047940e-05 6.928192293296344360e-03 1.293990428982593659e-04 5.958000839248321634e-02 4.487672182602389648e-03 2.857946666928511126e-02 4.466437492667574565e-04 1.143154843625447073e-04 1.162627289301581450e-03 1.011894980023215953e-03 1.476950215967392705e-05 2.580133515119582377e-05 9.641270765252849562e-06 1.884849282198208911e-05 3.662918736266253266e-06 1.513615728320316005e-03 4.258447669766414695e-04 1.429295060118420092e-05 3.900771491839980128e-04 8.566752762301723550e-05 0.000000000000000000e+00 4.784460073680684996e-06 0.000000000000000000e+00 0.000000000000000000e+00 4.258651573117147506e-04 4.685270452359399998e-03 2.009334807666485114e-03 1.960568796494254384e-04 2.524174909242489148e-02 1.911048707577397109e-03 2.777132585358956971e-05 3.219661371856518631e-05 1.982631308255839093e-04 3.213414562335845201e-05 4.796865374710925493e-05 1.514799592013976561e-05 1.262332993344980411e-05 1.139569525859584825e-04 2.113490133320898795e-05 1.415442039498061727e-05 9.387939029207440812e-04 1.659490461793714566e-05 8.592482229166380263e-06 1.295607599038752675e-05 1.077200997109239034e-04 8.007217171744132736e-06 1.074236061215982268e-03 0.000000000000000000e+00 1.136099694010482336e-05 7.962298488522680741e-06 0.000000000000000000e+00 2.669368043176510198e-03 5.894635311112505778e-05 5.821762682567150227e-04 1.867513837041928236e-05 1.194907640626844422e-04 3.282561214341565359e-04 8.507710864125443868e-05 7.247361134356831367e-06 0.000000000000000000e+00 5.872650729970485463e-06 1.767266190682972710e-05 1.262332993344980538e-06 1.591528856200745190e-05 1.145165324253489663e-04 0.000000000000000000e+00 3.087643478658532378e-06 2.314240854050124337e-05 0.000000000000000000e+00 0.000000000000000000e+00 0.000000000000000000e+00 0.000000000000000000e+00 3.144107869529249102e-04 3.109803580697897279e-04 4.250671500870717868e-04 1.767266190682972710e-05 1.947801951625630329e-04 8.331397756076870914e-05 0.000000000000000000e+00
1.547508758375487903e-01 0.000000000000000000e+00 1.598944136215745427e-03 1.737469582315431934e-03 1.634745431050387832e-01 2.978550492799218589e-05 4.170077624572116060e-01 1.560086330811645680e-03 7.553965345665833789e-03 9.838381442329314011e-03 8.033985791322511422e-03 1.323115070052823493e-03 2.665819661371077870e-02 2.678793777678944998e-01 9.043051115156447504e-06 1.096486133694317758e-02 3.180661577608142290e-06 1.127236763188800344e-04 6.410686316385652561e-03 1.815920598001163550e-05 1.542891267106872265e-02 2.410339117340741175e-02 5.159318379838804397e-02 1.240268150822213162e-04 3.509557050487933094e-01 1.279666953540993003e-02 4.486375873017950378e-03 5.839019070489579214e-05 5.444684345629758476e-02 5.337425445255276901e-03 4.902481493717389220e-03 3.781660915475934266e-03 1.786694468092806243e-01 6.788050610582570948e-03 2.056483846567309535e-04 5.110784107560580394e-03 5.658239643198659068e-03 2.347569781131883873e-03 7.855840646932963798e-04 1.550434800230923737e-04 1.451825286493798532e-04 1.677916659444843132e-03 1.600925451527770299e-02 7.216813465849581007e-03 3.243484979938978741e-04 3.169208601382990376e-02 5.846449602437072974e-04 1.928210412490484266e-06 1.687018427879002826e-04 2.420451139830968098e-03 1.531152568681835705e-04 1.807558180062563997e-04 7.107911422656999041e-05 4.727248821935665663e-05 5.555587816465115637e-04 2.840178050074526332e-05 1.499512640492283760e-05 3.484716211192269517e-03 5.751374952540977208e-05 3.066416694874750002e-05 2.192856909313762931e-05 7.196446034651797063e-04 8.007217171744132736e-06 5.514786359831143868e-03 0.000000000000000000e+00 1.731408369639548741e-05 1.841327806283065958e-05 4.277468585098825017e-06 1.203745717435547070e-02 1.640066327133793173e-04 1.392806543374231366e-03 6.189910541522863944e-06 2.164331907249734781e-03 5.621298880652519925e-03 2.915263344449775963e-03 6.491801535457623288e-04 0.000000000000000000e+00 2.862162420099986825e-04 6.016016486970310844e-05 5.670393361548424092e-05 1.899222520806979789e-04 3.410759523571543078e-03 3.856420824980968639e-07 1.096224596236516403e-04 5.661560756417851042e-04 0.000000000000000000e+00 7.712841649961937278e-07 1.222981927451966618e-05 4.289652781489469328e-06 1.890014300012091749e-03 4.786731556308323858e-03 5.654892188426008208e-03 1.542919029865040146e-04 1.134378767808154418e-03 5.888754599745938843e-04 7.088945609304310741e-06
2.062887275583499547e-01 1.598944136215745427e-03 0.000000000000000000e+00 1.609485226895707166e-01 5.312461690639062872e-02 6.628532169200003488e-02 1.278616607645615029e-03 1.425188859145467071e-02 3.307519474446561007e-04 1.686050551063634356e-02 2.301633322592741560e-02 2.314781427558617547e-03 7.456707324914335373e-04 7.347155199308656563e-04 2.074498395228669540e-04 1.986556353572061784e-01 9.263238643859572619e-06 7.227634278428643998e-04 8.438438853047398273e-04 4.276140163162769859e-04 2.559684050682698060e-03 9.940956529632396458e-04 5.180346414945735493e-03 1.052390824975959994e-03 1.358496110734195520e-03 8.985235616305449978e-05 4.580095917959058982e-04 3.941600381275355870e-03 1.969049261538628542e-04 6.459264413881230654e-03 1.483933566667856299e-03 1.912268080480078458e-02 7.584924638468111546e-04 4.676387678274905374e-04 5.647642013607085537e-03 5.372205984612651733e-04 5.774438416518664838e-03 1.804613870055251854e-03 8.191591196041382583e-03 9.063708212405846565e-03 1.564735685651207076e-02 5.370855062729511936e-02 3.656132604782811810e-03 4.339705068663814343e-03 2.764159814023718284e-02 1.087421704468754385e-01 3.377605992313030270e-01 7.368056600119301906e-04 0.000000000000000000e+00 4.025082307522516597e-05 6.124015836560158725e-05 3.041288533125714741e-06 3.041288533125714741e-06 1.723468826210691469e-04 1.212035848346967245e-05 2.338264359283437501e-05 0.000000000000000000e+00 3.690309193878292369e-05 3.517559657811796463e-06 7.602724208138260135e-06 0.000000000000000000e+00 1.333418627424102506e-05 1.601443434348826547e-05 5.010745733444155713e-04 9.208722017355587137e-06 7.509753459027395081e-06 0.000000000000000000e+00 7.889870038060732679e-06 1.295056422643474738e-04 2.499112814950692449e-06 3.330231179630302398e-05 4.222010063154289252e-05 2.843185961095803690e-05 4.196929500857744642e-05 9.492364452644963925e-05 1.181827924915924543e-03 0.000000000000000000e+00 5.033700625688987419e-06 0.000000000000000000e+00 4.762282305120847160e-04 1.257065891896125876e-05 4.472092900945045504e-05 1.082303689085441670e-05 3.650620970627103681e-06 9.677704780233150562e-06 1.320716092265226266e-05 1.281390721672382100e-04 1.052136041380504232e-03 3.394759702043944694e-04 4.496774660806271071e-04 1.558323789696804335e-04 5.469962892943376636e-05 1.728156929353494341e-03 3.321704850375867138e-04 3.523095687931356154e-04 0.000000000000000000e+00
1.226372193176742953e-01 1.737469582315431934e-03 1.609485226895707166e-01 0.000000000000000000e+00 1.465204694593780499e-01 4.141297866178231812e-01 4.546302453616018341e-04 1.697808490731047282e-01 2.384463122729685921e-04 3.695998431547741587e-04 5.274032934387178073e-02 9.282902658270295038e-03 4.212472667928923850e-04 9.617010661068086394e-04 6.625251143622314098e-02 3.250584647705083517e-04 6.089954932959505685e-02 5.940997628680397399e-04 1.360665556485048360e-04 3.189825867285243227e-02 2.899663715248340179e-04 7.240072381190357286e-05 3.156136828796180481e-04 2.530455759805996796e-03 7.776157139180551672e-06 1.623518741732575828e-05 1.774777221089322793e-06 1.468552615302476426e-04 5.431860031830699607e-06 7.907338642847654109e-07 1.497499176375452982e-05 1.800439307190954599e-06 3.004223305499468006e-05 1.753847502959617803e-05 1.994186249754284859e-04 1.279446460283423024e-05 1.354856191692796069e-05 0.000000000000000000e+00 3.527881177229843937e-05 2.208631774701889803e-06 3.718356783770116303e-06 1.263911674007571484e-03 2.924665392670751829e-04 1.048767697954902948e-04 2.266000491790001736e-02 1.364379639876522887e-01 4.141008514903675441e-02 2.731296246926793320e-02 8.256686992378488527e-06 8.210289996996110435e-06 5.362773769600938282e-06 9.387337867620010063e-04 3.575182513067292188e-06 2.126429762203625295e-03 5.839350544524133514e-06 1.863529600391767389e-03 0.000000000000000000e+00 1.749711924933476732e-05 0.000000000000000000e+00 6.123046190414764634e-06 1.063067545185686077e-06 3.575182513067292188e-06 1.151744261243384899e-03 1.787591256533646094e-06 1.464357122923816770e-02 4.468875498247627917e-05 1.116660915862949999e-06 2.948165825519614459e-03 4.266880902900103772e-05 0.000000000000000000e+00 1.053513217871131009e-05 7.535051941967559422e-05 5.287467300273100526e-06 1.787591256533646094e-06 0.000000000000000000e+00 4.331014071252160125e-05 0.000000000000000000e+00 0.000000000000000000e+00 0.000000000000000000e+00 0.000000000000000000e+00 0.000000000000000000e+00 9.142821928826247473e-06 1.896183929841194549e-05 0.000000000000000000e+00 3.170120510852667421e-06 0.000000000000000000e+00 0.000000000000000000e+00 3.575182513067292188e-06 0.000000000000000000e+00 2.608218586094448836e-04 0.000000000000000000e+00 2.323128603753246428e-06 2.449091808920074616e-03 1.639188605346121266e-05 0.000000000000000000e+00 8.595137559348567120e-04
1.416790279878153980e-01 1.634745431050387832e-01 5.312461690639062872e-02 1.465204694593780499e-01 0.000000000000000000e+00 5.133791509570450468e-04 3.309365677339210204e-03 3.704136854134847112e-02 3.524239243835415158e-03 1.931107028891926661e-02 1.999011319333500181e-01 6.379309781562874856e-03 1.247491974457246890e-02 3.140578858809341956e-01 1.259315549006382944e-04 1.541225670508886494e-02 1.795173257989784489e-05 7.689125776355639603e-05 4.342266305191267231e-03 3.405174872722517153e-04 1.345287289010879510e-02 1.380163386198739878e-03 1.744237414936434735e-02 8.121836905147647922e-04 2.860652439288608080e-03 1.678716319809896412e-04 3.614481954782437800e-05 5.988443478741105547e-05 5.335862291568093697e-03 4.885973234766146462e-04 2.056021155554044999e-05 1.463469501454975970e-04 7.017845680859663990e-04 1.089983968612426556e-04 7.043066146858637617e-04 2.917137929446204231e-04 9.164795001740209262e-05 3.596798849024368180e-05 6.766242739706680026e-04 1.235520658196921162e-04 8.703293551240783184e-05 1.272634273794567936e-04 8.396829571326615543e-04 1.308570018678047609e-03 2.847166511360285754e-04 8.823298343840060842e-02 2.883823198041054908e-05 3.666795378625654439e-05 2.011254667337143701e-05 6.667344113161282281e-05 1.355865931535444623e-05 1.159671233886633507e-05 2.614543134732637016e-06 0.000000000000000000e+00 4.884108413249547390e-05 1.346326583324391961e-05 0.000000000000000000e+00 1.866885117088350665e-04 9.649662450356229942e-06 4.135087976360288874e-06 0.000000000000000000e+00 2.065129288841816872e-05 1.067628956232550862e-05 2.115142137530945648e-04 9.251150226344808595e-06 0.000000000000000000e+00 4.289534508527061591e-06 3.155948015224293411e-06 9.715856490373473743e-04 1.885877643191213624e-05 1.373716853470347216e-04 2.757027518036764393e-05 6.939364983575915542e-05 4.817599140531690307e-05 3.315851931375176070e-05 1.779541082133005410e-05 0.000000000000000000e+00 4.194750521407490222e-06 2.614543134732637016e-06 8.493824140467466051e-07 6.064144790986254825e-06 8.597382408738211339e-05 0.000000000000000000e+00 1.825310485313551841e-06 1.090971866064676667e-05 0.000000000000000000e+00 2.614543134732637016e-06 1.161929136309775351e-05 0.000000000000000000e+00 4.377112545075204569e-05 1.682337682934522142e-04 1.553745772086518673e-04 4.036092260955919194e-05 4.677448164509024226e-05 2.091634507786109613e-05 0.000000000000000000e+00
8.807348367876924019e-04 2.978550492799218589e-05 6.628532169200003488e-02 4.141297866178231812e-01 5.133791509570450468e-04 0.000000000000000000e+00 4.958050629501210957e-06 2.800227120038140853e-04 0.000000000000000000e+00 3.325049797634671073e-05 1.199248800735316277e-04 6.619285192848145900e-06 5.712291345400814060e-06 1.684244710455572272e-05 4.791652190616426527e-02 4.169917992757508560e-04 4.573052465860202309e-01 6.514742863099193294e-06 7.232823233279224747e-06 1.670949236427086426e-01 2.849036956395120934e-06 1.360928467926249158e-05 1.577567242350900838e-05 1.152761714704704033e-04 2.347352826597121187e-04 1.533279859783370390e-05 1.723493358754982848e-05 3.193770204068029854e-05 6.789825039788374720e-06 3.253726814170647972e-04 2.511794955393912340e-04 4.130085979283375664e-04 2.931704537906436119e-05 4.094179265222172521e-05 6.515308803919610084e-06 1.535335752340107561e-05 7.520461169720736583e-04 8.991997122560920451e-06 1.754302027016251306e-05 5.521579436754725143e-06 4.462028140524139732e-05 6.415764129665840754e-02 3.437459123782320245e-03 6.320457480436613264e-05 3.275697339609875275e-02 2.220960376158147287e-02 4.995564817385991438e-03 1.422712023145631943e-01 3.293135130506945013e-06 1.264120222889677646e-06 3.293135130506945013e-06 7.601508190029918760e-03 0.000000000000000000e+00 3.450900104331579288e-02 0.000000000000000000e+00 2.693614202640943296e-04 0.000000000000000000e+00 0.000000000000000000e+00 0.000000000000000000e+00 0.000000000000000000e+00 0.000000000000000000e+00 2.488631700226248420e-06 2.627499967732352414e-04 0.000000000000000000e+00 9.284461938799179470e-02 0.000000000000000000e+00 0.000000000000000000e+00 1.156143231325328438e-02 2.101339183461620300e-06 0.000000000000000000e+00 0.000000000000000000e+00 1.451067114756191730e-06 8.561423936029040630e-07 1.225097951483430047e-05 5.404844470195525769e-06 4.722695147666870716e-06 0.000000000000000000e+00 0.000000000000000000e+00 0.000000000000000000e+00 1.698764828093493210e-06 8.663063987123221935e-07 1.225871778715433563e-06 0.000000000000000000e+00 0.000000000000000000e+00 0.000000000000000000e+00 0.000000000000000000e+00 0.000000000000000000e+00 4.792653820224360034e-06 4.722884737997969276e-06 2.084417751343593112e-03 0.000000000000000000e+00 0.000000000000000000e+00 7.961454677105784389e-03 4.068884582052082674e-06 0.000000000000000000e+00 3.366916547806272746e-03
9.160758364298599021e-02 4.170077624572116060e-01 1.278616607645615029e-03 4.546302453616018341e-04 3.309365677339210204e-03 4.958050629501210957e-06 0.000000000000000000e+00 2.818804613435314972e-04 2.888494480857496383e-01 3.489978854938217794e-03 1.074635410964051851e-03 1.728630774748314428e-04 7.271744109079709972e-02 7.835263630145996444e-03 5.269748484522592047e-06 2.213372862505110991e-02 0.000000000000000000e+00 1.965245185469386349e-05 4.887944485942135459e-03 1.106150569874001035e-05 7.994215861223272213e-02 1.119340401487799175e-01 8.685535331710121654e-02 2.103905723884007115e-05 6.931665388003968413e-03 9.606320048835955902e-03 2.834509074423802438e-03 4.967224596371608099e-06 3.423021583197877844e-04 5.553071352116040671e-04 6.155570858714199485e-05 6.884130672401823046e-04 4.300118487167415432e-02 3.454382880047295219e-03 6.827151500798876874e-06 5.126439655425439612e-03 1.029113727865162576e-03 3.127075130265375520e-04 1.308002723537677746e-04 2.760057419474814339e-06 2.933998055063855045e-05 4.150077984565579518e-03 2.476615234419954521e-03 1.190841130085678462e-02 3.276029287170114691e-04 2.954634480015310739e-03 1.057300603434870761e-04 1.655741532123869437e-06 5.852282169366731081e-05 4.123249575642922273e-04 4.222140906915866800e-05 9.417073463274631961e-05 2.252495133599034466e-05 1.037558175146999296e-05 4.166007896237151984e-04 1.807099121662667963e-05 4.200890827770965743e-05 1.246668788427569580e-03 2.710652990286837802e-05 1.346541791581991153e-05 3.732964451018969208e-05 1.682280859375028307e-04 3.496943156643311979e-06 1.512293314400919636e-03 0.000000000000000000e+00 3.311483064247738874e-06 6.149339226388714609e-05 8.278707660619347185e-07 4.422233910267775459e-03 3.571282959584722613e-04 1.600615407055155752e-03 1.655741532123869437e-06 3.107711070270151223e-04 1.764125404196382162e-03 2.991816303799088974e-04 2.137439288885328606e-05 1.723401028525733879e-06 2.515742379022537515e-05 1.159019072486708500e-05 0.000000000000000000e+00 4.930259346130158891e-05 6.233646622789446338e-04 0.000000000000000000e+00 1.642779436782196593e-05 1.307609188741077721e-04 0.000000000000000000e+00 2.035465958867303931e-06 0.000000000000000000e+00 0.000000000000000000e+00 4.242333680772405503e-04 5.454661803626840826e-04 7.973944039818241106e-04 1.948752922496954727e-05 3.013388885803374101e-04 1.332871933359714724e-04 2.483612298185804050e-06
2.304860516815262356e-02 1.560086330811645680e-03 1.425188859145467071e-02 1.697808490731047282e-01 3.704136854134847112e-02 2.800227120038140853e-04 2.818804613435314972e-04 0.000000000000000000e+00 3.382751323315927555e-04 2.950778374627502018e-03 1.018094010158567542e-01 1.180700271594359030e-01 4.808143930781100814e-04 4.962905777811928241e-04 8.457139835534048522e-02 1.967951056403539727e-03 7.126622016960069625e-03 2.070737471381229322e-01 3.627343478883930878e-04 8.907538220046780364e-02 2.199163252339536925e-03 4.801574403947427857e-05 1.472916963427014277e-03 2.055769756790502556e-01 1.820565103408097854e-06 3.641130206816195707e-06 0.000000000000000000e+00 1.895518706513028145e-02 0.000000000000000000e+00 1.581467728569530822e-06 0.000000000000000000e+00 4.821297282059688712e-06 4.743510482367581062e-06 2.923079171599362582e-06 7.137317574817060931e-03 2.558892920566845794e-06 1.935508845275423077e-06 0.000000000000000000e+00 2.597814526788676855e-03 1.187376755106079413e-03 1.820565103408097854e-06 1.041971143040996452e-02 2.148123591247517571e-03 1.234472127302075532e-04 1.522878025542910574e-01 8.497784264248865738e-02 7.964670655654734364e-04 1.970360032015943536e-02 1.938188752132011136e-05 2.130649534934306191e-05 1.092339062044858670e-05 1.441600721505107959e-03 1.341461999966826800e-05 6.028181647316836712e-04 4.395852883968476291e-06 2.966763378884487885e-03 0.000000000000000000e+00 1.609676773204867986e-05 1.092339062044858670e-05 1.166763985153711940e-04 1.063067545185686077e-06 2.689916605073382972e-05 7.402267978450619706e-03 1.456452082726478283e-05 1.284747199883695028e-03 4.479786140713445811e-04 3.495556477202522640e-06 4.588410744705495418e-03 3.921904286869717688e-05 6.247782037376731122e-07 1.076223524645439952e-05 1.842738385316863934e-03 4.280711968014520421e-06 1.820565103408097854e-06 5.404844470195525769e-06 1.249409434400433963e-03 0.000000000000000000e+00 0.000000000000000000e+00 3.641130206816195707e-06 4.246912070233732708e-06 8.663063987123221935e-07 6.129358893577167393e-06 3.787538334999444758e-04 0.000000000000000000e+00 0.000000000000000000e+00 0.000000000000000000e+00 1.949505616683621585e-05 8.920340301744647516e-05 0.000000000000000000e+00 1.466327487355789097e-03 2.776551490161950308e-05 1.061051601807593541e-05 1.389199739624157048e-02 8.445884590950097145e-05 1.320140205015716184e-05 1.693687659337262666e-03
5.599166788215305390e-02 7.553965345665833789e-03 3.307519474446561007e-04 2.384463122729685921e-04 3.524239243835415158e-03 0.000000000000000000e+00 2.888494480857496383e-01 3.382751323315927555e-04 0.000000000000000000e+00 3.235974063147382951e-02 1.108799803738798979e-03 1.473080288207918561e-04 1.035023611466458354e-01 3.634629072360505940e-03 5.702619783528553344e-06 4.048307050618134804e-03 0.000000000000000000e+00 2.851309891764276672e-06 2.671231446340762913e-02 1.786721826300398071e-05 2.965187958516341538e-01 6.422138648342634766e-03 4.283540327944902748e-02 8.553929675292830015e-06 9.802274127597602075e-06 5.240137915032555820e-05 4.771569191947152671e-05 5.702619783528553344e-06 0.000000000000000000e+00 0.000000000000000000e+00 0.000000000000000000e+00 0.000000000000000000e+00 3.805960559608792949e-04 1.001546926109251152e-05 0.000000000000000000e+00 3.099913201799957914e-05 0.000000000000000000e+00 0.000000000000000000e+00 0.000000000000000000e+00 0.000000000000000000e+00 0.000000000000000000e+00 6.770517383012451926e-05 7.082824620412739129e-05 1.089691130237025997e-04 7.309001936567053893e-06 1.897184101286939449e-03 0.000000000000000000e+00 0.000000000000000000e+00 0.000000000000000000e+00 0.000000000000000000e+00 0.000000000000000000e+00 0.000000000000000000e+00 0.000000000000000000e+00 0.000000000000000000e+00 2.851309891764276672e-06 0.000000000000000000e+00 2.851309891764276672e-06 2.851309891764276672e-06 0.000000000000000000e+00 0.000000000000000000e+00 0.000000000000000000e+00 0.000000000000000000e+00 0.000000000000000000e+00 2.387789042689872685e-05 0.000000000000000000e+00 0.000000000000000000e+00 9.670590591155780861e-06 0.000000000000000000e+00 7.803958966990173643e-06 2.460519779543773568e-05 4.624962320928615564e-05 0.000000000000000000e+00 0.000000000000000000e+00 4.290428661280898794e-05 7.864557571606763990e-06 0.000000000000000000e+00 0.000000000000000000e+00 0.000000000000000000e+00 0.000000000000000000e+00 0.000000000000000000e+00 0.000000000000000000e+00 6.928491562243987330e-06 0.000000000000000000e+00 0.000000000000000000e+00 0.000000000000000000e+00 0.000000000000000000e+00 0.000000000000000000e+00 0.000000000000000000e+00 0.000000000000000000e+00 0.000000000000000000e+00 1.140523956705710669e-05 0.000000000000000000e+00 0.000000000000000000e+00 0.000000000000000000e+00 0.000000000000000000e+00 0.000000000000000000e+00
2.377800408354430184e-01 9.838381442329314011e-03 1.686050551063634356e-02 3.695998431547741587e-04 1.931107028891926661e-02 3.325049797634671073e-05 3.489978854938217794e-03 2.950778374627502018e-03 3.235974063147382951e-02 0.000000000000000000e+00 2.537665287004189571e-02 1.158799181945741530e-03 3.080437395560740518e-02 1.753841915886996533e-02 1.163303764558084403e-04 2.988606817932561444e-01 0.000000000000000000e+00 5.524011946548366817e-05 3.485091261143888342e-02 2.996192666471726501e-04 2.152475804797971404e-01 4.256493266096778375e-03 1.735828739781614671e-01 4.643391959307225205e-04 4.499124816466399280e-05 6.052080869298362420e-02 1.776645623950650135e-02 4.934542416916869775e-05 2.580133515119582377e-05 4.744403185708592042e-06 1.905179919042444153e-05 2.400585742921272940e-06 9.790920426332478266e-04 1.641870969751415155e-03 4.123592057719266250e-05 6.199821661449784593e-04 1.972350281261892350e-04 0.000000000000000000e+00 7.044407818636181921e-06 0.000000000000000000e+00 0.000000000000000000e+00 3.451439450233730662e-03 2.121321510467805496e-02 1.078171948703472542e-02 1.677680513337341897e-04 4.389404750671687533e-02 2.794606765822284320e-04 1.042330055634713074e-05 3.586866834123718741e-05 4.956047707150900219e-04 1.893837975306100876e-05 2.575538193207963468e-05 1.202133002165923045e-05 3.196387209546573510e-06 1.625534932877125305e-04 1.413219692058305834e-05 1.654853370041976316e-05 5.968721863914331315e-04 4.589687960740532088e-05 1.297803681928163923e-05 1.515100835533125277e-05 7.608501086358402678e-05 1.067628956232550862e-05 1.226935825935663140e-03 0.000000000000000000e+00 3.044500116233282855e-06 1.608449240800357649e-05 0.000000000000000000e+00 3.722931693673247819e-03 6.445825353207002462e-05 5.974866003974649720e-04 1.305960403280572536e-05 4.484332931266068979e-04 8.246807997538742080e-05 1.315518505468878455e-04 2.156487457326649093e-05 0.000000000000000000e+00 2.097375260703744857e-05 1.927383884757862770e-06 0.000000000000000000e+00 8.489802707380757771e-05 4.484990162039145020e-04 0.000000000000000000e+00 2.748173067914758854e-05 4.834773854472191652e-05 0.000000000000000000e+00 0.000000000000000000e+00 1.597551273408120082e-06 0.000000000000000000e+00 1.272957476761948621e-04 2.493036009580878749e-03 9.120140867808639073e-04 1.349168719330503896e-05 9.693691512524043273e-05 3.652856062950033620e-05 4.775093114315729452e-06
5.340263488891962285e-02 8.033985791322511422e-03 2.301633322592741560e-02 5.274032934387178073e-02 1.999011319333500181e-01 1.199248800735316277e-04 1.074635410964051851e-03 1.018094010158567542e-01 1.108799803738798979e-03 2.537665287004189571e-02 0.000000000000000000e+00 4.111632611588817987e-01 4.899788940723792674e-03 1.297083272841202117e-01 1.306266985389728085e-03 3.164264138443567687e-02 3.180661577608142290e-06 8.960982995191702632e-03 3.275314606377506023e-03 3.976382081621480068e-03 1.613213466257884185e-02 4.140298421079874032e-04 1.881995912488607786e-02 2.264100832375151584e-02 3.045133804019110185e-03 4.164826960306231940e-05 1.522245458785035168e-05 3.785083329343276026e-03 2.787032502750114594e-03 3.926764869052510416e-04 0.000000000000000000e+00 1.663356503205280995e-04 5.054921423750378300e-04 3.316839943636588521e-05 1.089772935454049775e-02 1.560924681545776134e-04 5.225873882243641715e-05 4.046398705152414203e-05 1.532106787996041775e-02 7.752131758325773048e-04 1.049694244231075572e-04 1.801710984014534209e-02 2.217503276051131615e-03 1.065635322067421016e-03 2.899983242538256567e-02 2.052629340881602649e-01 1.066000266242289954e-02 1.130200206176365085e-03 5.605861529388920763e-06 3.834106001898476135e-05 9.147582522628831551e-06 9.137766491843197253e-06 6.729688502628305459e-06 4.573791261314415775e-06 1.747225957050428283e-05 1.203228811654092386e-04 2.286895630657207888e-06 9.496189255751688368e-05 3.517559657811796463e-06 0.000000000000000000e+00 1.063067545185686077e-06 1.769239768454600577e-05 6.901370539519163761e-05 1.404159717177860052e-04 3.083716742114936198e-06 3.404011862132627973e-06 0.000000000000000000e+00 1.089252714945869894e-04 3.696623939777123643e-04 5.410786649345573448e-06 7.845006122529025517e-05 2.514878565312787372e-04 2.797116743874433084e-05 5.082101823360900619e-05 1.189065783443015601e-05 3.873148902599095594e-04 0.000000000000000000e+00 2.286895630657207888e-06 0.000000000000000000e+00 6.533807700890940172e-06 4.331531993561611073e-06 4.257581640149285496e-05 1.052436632656143420e-04 3.650620970627103681e-06 2.765058508638042655e-06 0.000000000000000000e+00 2.261752663478217365e-05 6.738152940308949268e-05 1.150902489162781577e-05 1.270512396536684248e-03 1.612443752120307466e-04 9.448738031886630309e-05 6.431236336654699241e-04 2.442045520966235674e-05 1.372137378394324817e-05 2.286895630657207888e-06
1.961642820434967346e-03 1.323115070052823493e-03 2.314781427558617547e-03 9.282902658270295038e-03 6.379309781562874856e-03 6.619285192848145900e-06 1.728630774748314428e-04 1.180700271594359030e-01 1.473080288207918561e-04 1.158799181945741530e-03 4.111632611588817987e-01 0.000000000000000000e+00 2.973684716738179534e-04 7.124148817071676576e-02 9.638782402293622712e-04 1.355086039296002787e-03 6.017498088828776248e-06 3.362686023887111464e-01 1.807565452363364830e-04 2.787511001060147958e-03 5.566194216143761746e-04 3.022659274239017612e-05 4.756053823122266197e-04 7.191542978564038902e-02 2.829332419479494375e-04 1.393088780814051655e-05 8.458108329785907068e-05 7.598835558321979759e-03 4.160277871112375014e-02 2.226997391060729289e-02 9.456121704068779857e-07 8.335044064732860525e-02 2.652730960704102487e-03 1.100390395024719126e-05 2.574953768027555406e-02 2.455419389759716823e-04 3.862160789658512902e-05 2.457966222089770225e-01 1.442748991697994088e-01 9.832739026339857441e-03 1.090753658399593908e-02 7.803828685249988330e-03 1.185831988961792921e-03 2.271089140750340426e-04 2.706249940060651005e-02 2.808611558682076043e-02 5.403169692791089454e-03 1.537906015926028417e-03 9.456121704068779857e-07 4.316599431446018375e-06 7.828547628458288940e-06 2.277079599871572743e-06 0.000000000000000000e+00 0.000000000000000000e+00 0.000000000000000000e+00 1.487380721457015609e-04 0.000000000000000000e+00 1.724459037200030350e-06 0.000000000000000000e+00 1.891224340813755971e-06 9.456121704068779857e-07 7.254253256952718092e-06 1.276731549394170048e-04 6.984682559981051518e-06 9.456121704068779857e-07 4.296960864833138241e-06 1.503942628338352985e-06 8.548867971944521752e-05 1.975260740023752513e-05 0.000000000000000000e+00 3.979209240506961512e-06 3.392546603758125065e-04 1.712284787205808126e-06 7.863120597031993505e-06 2.391290260245511600e-05 9.715011424491655761e-04 0.000000000000000000e+00 1.677900208562995877e-06 0.000000000000000000e+00 3.779111602988625160e-05 2.678224967831522584e-06 1.443020173627664591e-05 1.117062258336975718e-04 0.000000000000000000e+00 0.000000000000000000e+00 3.301790230663065664e-06 6.138462861436148562e-05 4.503044166862803731e-04 8.647434050888333653e-05 3.515302795341931734e-04 1.050547603794540295e-05 1.161564301876623214e-05 1.376204421955527606e-03 6.466408745872579778e-05 2.271143754069833732e-05 0.000000000000000000e+00
2.177782960864565326e-02 2.665819661371077870e-02 7.456707324914335373e-04 4.212472667928923850e-04 1.247491974457246890e-02 5.712291345400814060e-06 7.271744109079709972e-02 4.808143930781100814e-04 1.035023611466458354e-01 3.080437395560740518e-02 4.899788940723792674e-03 2.973684716738179534e-04 0.000000000000000000e+00 1.528147000858310137e-02 2.311475508707349746e-05 1.698290305153926996e-02 3.180661577608142290e-06 8.408885688880138212e-06 2.318996357877334824e-01 7.407825249281396079e-05 2.519717440067705261e-01 1.856547404491989406e-01 2.597560514255248254e-01 9.471559897795472297e-05 2.358010480469860550e-05 5.608874419480225967e-04 3.347292769969931322e-04 1.361912156219119720e-05 2.715930015915349803e-06 7.907338642847654109e-07 0.000000000000000000e+00 0.000000000000000000e+00 2.163927224054226295e-04 5.195099815957685918e-05 7.054021722711300527e-06 6.156501969313568309e-05 1.103278548642622839e-05 0.000000000000000000e+00 4.305302544658456317e-06 1.355241260049113851e-06 0.000000000000000000e+00 3.503645975459582251e-04 4.996329767200540818e-04 1.943388756274863800e-03 3.169317333400353224e-05 5.145580607669310996e-03 1.219717134044202466e-05 4.065723780147341554e-06 5.420965040196455405e-06 1.075080904323347482e-05 1.355241260049113851e-06 4.065723780147341554e-06 1.355241260049113851e-06 0.000000000000000000e+00 1.384865993840148080e-04 5.424361349255641722e-06 4.885580860186038138e-05 8.291297656010504751e-05 4.872800917860910737e-06 5.586268621774993411e-06 5.753598298223571963e-05 1.201288122526212512e-05 0.000000000000000000e+00 1.941956428696166781e-04 0.000000000000000000e+00 2.234232462950840170e-06 1.331481804920323238e-04 0.000000000000000000e+00 1.077181699829929873e-04 6.504939017360989112e-04 1.206874095341974040e-03 2.902134229512383461e-06 2.710482520098227702e-06 5.101437317744939850e-04 1.406546981090969100e-04 2.710482520098227702e-06 0.000000000000000000e+00 0.000000000000000000e+00 0.000000000000000000e+00 0.000000000000000000e+00 2.221547658761436151e-06 1.519779370535467617e-04 0.000000000000000000e+00 0.000000000000000000e+00 0.000000000000000000e+00 0.000000000000000000e+00 0.000000000000000000e+00 0.000000000000000000e+00 0.000000000000000000e+00 1.761813638063848176e-05 4.607820284166987433e-05 2.497487610824320232e-05 5.420965040196455405e-06 1.161767953193804932e-05 8.400900993472759588e-06 0.000000000000000000e+00
9.339577203493589982e-03 2.678793777678944998e-01 7.347155199308656563e-04 9.617010661068086394e-04 3.140578858809341956e-01 1.684244710455572272e-05 7.835263630145996444e-03 4.962905777811928241e-04 3.634629072360505940e-03 1.753841915886996533e-02 1.297083272841202117e-01 7.124148817071676576e-02 1.528147000858310137e-02 0.000000000000000000e+00 5.752397076855890028e-05 1.736750413064568413e-02 9.174766456319854564e-07 1.244131074164595355e-03 4.335071409225244206e-03 1.702345738016902276e-04 5.275548210920291345e-03 3.791043655105369708e-03 1.876918963584443129e-02 3.184648721099586285e-03 2.609099811327796337e-01 6.718912777089085849e-04 1.936774194845480997e-04 4.709835208402016020e-04 1.593224917078951697e-01 1.151252037948749703e-02 2.538618205272126227e-01 4.610769873373559910e-03 5.384804317089230720e-03 4.921471766730057228e-04 1.369979823035505015e-02 2.927860992033157455e-03 1.595461879553236942e-03 1.634799907681703168e-03 1.245190251741245917e-02 4.099368950596050595e-03 2.872164139355583030e-03 1.041904952268751881e-03 1.850731774695833082e-03 5.018731438513437601e-03 1.100785306813081626e-03 3.634741577362005094e-01 6.876708140861396805e-04 1.027700338827057167e-04 1.214279167125533722e-05 2.074011621703023760e-04 1.009224310195184066e-05 1.879165922124731265e-05 3.990850532577861020e-06 4.021433261684667321e-06 5.506448332138828264e-05 4.387375374799519680e-05 0.000000000000000000e+00 3.848684349050704142e-04 2.110535794687077793e-05 5.321906945696781925e-06 4.252270180742744309e-06 5.964850848380052518e-05 1.067628956232550862e-05 4.409170534410958211e-04 0.000000000000000000e+00 2.034592877107405753e-06 2.233321831725899997e-06 1.511924271414130517e-05 1.894706175170814393e-03 3.369864168188530217e-05 2.192081288854969803e-04 3.138988605551200925e-05 2.031024357139966832e-04 2.386103123411988515e-04 1.086335049806781109e-04 7.133711470665591507e-05 0.000000000000000000e+00 1.114193097971093575e-05 5.504859873791912315e-06 8.698106835223182287e-06 2.165765996780805367e-05 2.408491151263000786e-04 2.079679258967591683e-05 6.393408101572640979e-06 4.788558557725245893e-05 0.000000000000000000e+00 1.834953291263970913e-06 1.130155992278476546e-04 1.928252651988884820e-05 1.318200523479692160e-04 4.074272020735298120e-04 4.605707397219325691e-04 1.344688427130421443e-04 9.392568549188206803e-05 3.761654247091140562e-05 0.000000000000000000e+00
1.273328359676626268e-04 9.043051115156447504e-06 2.074498395228669540e-04 6.625251143622314098e-02 1.259315549006382944e-04 4.791652190616426527e-02 5.269748484522592047e-06 8.457139835534048522e-02 5.702619783528553344e-06 1.163303764558084403e-04 1.306266985389728085e-03 9.638782402293622712e-04 2.311475508707349746e-05 5.752397076855890028e-05 0.000000000000000000e+00 1.592352998519134567e-04 5.189487461536432950e-02 1.081692679963041368e-03 1.187577333710922323e-05 4.671212561162583765e-01 4.622072295556492168e-05 2.106904325474580297e-06 8.485402789627452145e-05 1.709938604771992776e-01 0.000000000000000000e+00 0.000000000000000000e+00 0.000000000000000000e+00 7.995043153012089399e-03 0.000000000000000000e+00 5.572272372673575994e-06 0.000000000000000000e+00 6.772565244134212253e-06 1.581170160789193687e-06 0.000000000000000000e+00 2.219706965463322246e-02 0.000000000000000000e+00 0.000000000000000000e+00 0.000000000000000000e+00 1.258180231010880257e-04 1.445749240739998775e-05 0.000000000000000000e+00 1.333694290544834788e-03 2.655935705481213922e-04 2.862400637792886780e-05 1.417741358856042799e-01 1.384662564957161481e-02 1.704013202738732422e-04 1.701370178809759326e-02 2.323556254321973316e-04 1.345772837594256068e-04 1.225899921988186719e-04 4.762838027026402958e-03 1.404674090743527021e-04 3.079105608380064158e-03 1.003009027081243679e-04 1.206935144461392800e-02 0.000000000000000000e+00 8.809468081364046292e-05 1.365206731305026186e-04 4.804901915345201530e-04 2.760442721662273352e-05 3.338164547975776535e-04 3.256123116353620145e-02 2.507522567703109197e-05 1.507284363042680347e-02 1.821574918590332121e-03 1.727514757595220425e-05 1.694265748604237981e-02 2.439042867415592428e-05 0.000000000000000000e+00 2.716321057672429836e-05 3.819764476059485468e-03 3.642278579939692166e-06 0.000000000000000000e+00 0.000000000000000000e+00 1.699481895210383769e-03 0.000000000000000000e+00 0.000000000000000000e+00 1.890600333257551964e-05 0.000000000000000000e+00 0.000000000000000000e+00 0.000000000000000000e+00 3.028080316903411116e-04 0.000000000000000000e+00 0.000000000000000000e+00 0.000000000000000000e+00 1.114454474534715199e-05 2.671109111894890233e-05 0.000000000000000000e+00 1.838849882982280214e-04 0.000000000000000000e+00 2.323128603753246428e-06 7.922880368162245335e-02 8.121751029152380133e-04 3.959663711221981142e-05 3.243369312513139785e-03
3.711092276410247748e-01 1.096486133694317758e-02 1.986556353572061784e-01 3.250584647705083517e-04 1.541225670508886494e-02 4.169917992757508560e-04 2.213372862505110991e-02 1.967951056403539727e-03 4.048307050618134804e-03 2.988606817932561444e-01 3.164264138443567687e-02 1.355086039296002787e-03 1.698290305153926996e-02 1.736750413064568413e-02 1.592352998519134567e-04 0.000000000000000000e+00 3.180661577608142290e-06 1.685150609982557037e-04 1.108802193820443774e-02 3.009165878845611580e-04 5.245735896304461882e-02 3.722510224365577908e-02 8.389518985955785046e-02 7.255190819630306454e-04 1.615189825299116755e-02 1.285832268684742041e-01 1.716559295294424470e-02 1.183638015988567986e-03 6.705049942584876506e-04 6.201719703505611907e-03 4.085644200833594801e-03 1.065411864601638857e-02 1.988320451171344747e-02 2.248658275242153282e-02 1.055563474858030966e-03 1.383165904779300702e-02 3.047890268992749924e-02 1.260443211233557318e-03 5.713576833298678916e-03 3.764952143951554031e-03 1.519017328998828985e-02 6.064733195206706978e-02 2.049830055466876910e-01 4.612474727439537237e-01 1.443671998427843717e-02 5.032177347062959105e-02 5.586261576444231935e-02 3.268562569079824120e-05 2.163674208348458907e-04 3.461438088760318815e-03 9.182536844855074504e-05 8.475360169941913711e-05 8.559618338107208529e-05 3.779841877217215816e-05 6.303199699285133269e-04 9.711250890014583401e-05 4.270472074655284325e-05 2.525045125809665270e-03 2.737841560476877989e-04 9.305471997309240943e-05 7.491527469284079040e-05 5.383975384078424275e-04 1.601443434348826547e-05 5.194670713213571725e-03 0.000000000000000000e+00 2.703142360940812298e-05 8.598289052144714227e-05 9.439124180505502503e-06 1.864214887697208251e-02 3.483155171494370177e-04 2.527216019910168664e-03 2.757027518036764393e-05 4.092160900208978609e-03 1.050861931754367568e-02 4.066002355747020368e-03 1.214374647921952037e-03 1.723401028525733879e-06 5.898598176489724867e-04 4.406567427660302314e-05 3.788817953900666018e-04 1.005781728905006094e-03 1.140983923382387494e-02 1.104453372423442974e-05 3.280324945358691438e-04 3.189397417317989258e-03 9.905370691989196993e-06 1.039568223257444235e-04 9.500000125037568171e-04 3.060615096242470952e-04 1.089139948593926752e-03 8.284966837419837846e-03 7.229065379698246599e-03 1.020649484007514832e-03 6.624158267979126519e-04 3.839281062318455461e-04 6.338707189344187293e-06
