0 0.297630893056024 0.20613094178381 0.129583712996986 0.108765042406061 0.00465531497178322 0.117864896070034 0.0109662938707495 0.149665018954828 0.275423289167664 0.0448890370738234 0.013693496448393 0.0193862060947313 0.00304239629694022 0 0.309113629726775 0 0.000709758497749889 0.00425968153613846 0 0.0855643607363565 0.00600768396863712 0.00860957089829681 0 0.00100001683029069 0.00118940328626953 0.0012413319471028 0 0 0.000750611539080376 0 0 0.00178202379431923 0 0 0.00127772926916554 0.000632836819320337 0 0 0 0 0 0 0.00130096801640631 0 0.0342075962656261 0 0 0 0 0 0 0 0 0 0 0 0 0 0 0 0 0 0 0 0 0 0 0 0 0 0 0 0 0 0 0 0 0 0 0 0 0 0 0 0 0 0 0 0 0 0 0 0 0 0
0.297630893056024 0 0.00698962840029685 0.00173317830425717 0.139388145133399 0 0.492406308345391 0.00177511268991176 0.0252218688808365 0.0303606638925938 0.0126971302386695 0.00405016003448267 0.00546175882605057 0.25509297548917 0 0.0109732130579419 0 0 0.00450478602864601 0 0.00681854375631101 0.0543053453932347 0.0230303711753269 0 0.321683829691089 0.00598827864151239 0.00262538918281275 0 0.0375241081758082 0.00608476894913458 0.012386426925012 0.00360982422857423 0.166799027422104 0.00556681174446983 0 0.0115127795775329 0.00809580708961614 0.00223849554613051 0 0 0 0.00093631752400478 0 0.00537891141659769 0 0.0178206225810383 0.000893880453297475 0 0 0 0 0 0 0 0 0 0 0 0 0 0 0 0 0.00162164035778251 0 0 0 0 0 0 0 0 0 0.00453064462275047 0 0 0 0 0 0 0 0 0 0 0 0 0 0 0 0 0 0.00139097760127632 0 0 0 0
0.20613094178381 0.00698962840029685 0 0.130004620096653 0.0528738968766172 0.116718967583861 0.00292373587583094 0.0126727720214803 0.00319082464672746 0.0359954158382017 0.0192381308592448 0.0175329951382939 0.00189684454658636 0.00339864690421568 0 0.143162020917116 0 0.000801014205085952 0.000637421930679338 0 0.00267802430866276 0.00154121236270005 0.00205360099572226 0 0 0 0 0 0.00418215056924458 0.00104277942957029 0 0.00354476799893717 0.000573675932981663 0 0 0 0 0 0.0116615329436547 0.0069613690819612 0.0479810096535825 0.00210863792060822 0 0.00190031444085153 0.00842497227101762 0.268472764985914 0.164095412321906 0 0 0 0 0 0 0 0 0 0 0 0 0 0 0 0 0 0 0 0 0 0 0 0 0 0 0 0 0 0 0 0 0 0 0 0 0 0 0 0 0 0 0 0 0 0 0 0 0
0.129583712996986 0.00173317830425717 0.130004620096653 0 0.200330786682958 0.419732736705047 0.000621142825260258 0.141181022012852 0.000759832518352524 0.00191517634517796 0.01699904716403 0.000670192788856892 0 0 0.109866549164917 0 0.00847525323274077 0 0 0.0311008749520224 0 0 0 0 0 0 0 0 0 0 0 0 0 0 0 0 0 0 0 0 0 0 0 0 0.0149223156673159 0.07068150099562 0 0.014593864023178 0 0 0 0 0 0 0 0 0 0 0 0 0 0 0 0 0 0 0 0 0 0 0 0 0 0 0 0 0 0 0 0 0 0 0 0 0 0 0 0 0 0 0 0 0 0 0 0.0013631944693914
0.108765042406061 0.139388145133399 0.0528738968766172 0.200330786682958 0 0.0104770958814489 0.0296744307950913 0.0384588161732661 0.00180128063295595 0.0422416259069576 0.275266111385327 0.0400875040630587 0.00522937989800585 0.225413076697912 0 0.051190011598538 0 0.00102126465905725 0.0022606965632379 0 0.00830009368494847 0.00544133807977167 0.00690316247532908 0 0.000922963106759431 0 0 0 0 0 0.000958655453415872 0 0.00061087842875573 0 0 0 0 0 0 0 0 0 0 0 0 0.263943045088604 0 0 0 0 0 0 0 0 0 0 0 0 0 0 0 0 0 0 0 0 0 0 0 0 0 0 0 0 0 0 0 0 0 0 0 0 0 0 0 0 0 0 0 0 0 0 0 0 0 0
0.00465531497178322 0 0.116718967583861 0.419732736705047 0.0104770958814489 0 0 0.0117127997160421 0 0 0 0 0 0 0.125107480230498 0.0128344449972023 0.220051354898894 0 0 0.105326484031639 0 0 0 0 0 0 0 0 0 0 0 0 0 0 0 0 0 0 0 0 0 0.0491227999903225 0.000667567627968546 0 0.0279101310613076 0.0747639610646074 0.00125940404381687 0.238508019191911 0 0 0.00175205119216589 0.007395404880764 0 0.0443395217163048 0 0.00161665509181583 0 0 0 0 0 0 0 0 0 0 0 0 0 0 0 0 0 0 0 0 0 0 0 0 0 0 0 0 0 0 0 0 0 0.00518599709155791 0 0 0.00374525907711165 0 0 0.00893804911568728
0.117864896070034 0.492406308345391 0.00292373587583094 0.000621142825260258 0.0296744307950913 0 0 0.00225582604407034 0.305600362328659 0.0442617593582231 0.0118273050410149 0.00254508912413226 0.0548962448905419 0.00866852553173646 0 0.0206895565553049 0 0 0.00822773208715154 0 0.148522026302 0.21015304170263 0.0119060882832928 0 0.00772566640253746 0 0.00287688087504221 0 0 0.00080732652784156 0.00185926910749037 0 0.0513577561829869 0.00258979348200502 0 0.00913035627203282 0.00108870769086313 0 0 0 0 0.000802121260164933 0 0.00524261211296544 0 0.00833277812925382 0 0 0 0 0 0 0 0 0 0 0 0 0 0 0 0 0 0 0 0 0 0 0 0 0 0 0 0 0 0 0 0 0 0 0 0 0 0 0 0 0 0 0 0 0 0 0 0 0 0
0.0109662938707495 0.00177511268991176 0.0126727720214803 0.141181022012852 0.0384588161732661 0.0117127997160421 0.00225582604407034 0 0.000716330687691842 0.00845084843146911 0.136642919385598 0.0792983564026613 0.00123289817277601 0.00197768537519725 0.0405262766102297 0.00609449014305756 0.000817785052844346 0.319563398390905 0 0.0312323756597341 0.00243207798992496 0 0 0.349129775559781 0 0 0 0.00123753070602152 0 0 0 0 0 0 0 0 0 0 0 0 0 0.00093994079156934 0 0 0.054957366154912 0.0651076888430542 0.00256188042932808 0 0 0 0 0 0 0 0 0.000552344628254505 0 0 0 0 0 0 0.00538197738729382 0 0 0 0 0.00393741777456233 0 0 0 0.00218669359057626 0 0 0 0 0 0 0 0 0 0 0.00250316095647959 0 0 0 0 0 0 0 0 0 0.0024557292665912 0 0 0.00142272157036938
0.149665018954828 0.0252218688808365 0.00319082464672746 0.000759832518352524 0.00180128063295595 0 0.305600362328659 0.000716330687691842 0 0.0404283427284271 0.00104734840832435 0 0.188646890386629 0.000590972353838432 0 0.00725924979051692 0 0 0.00125254377539757 0 0.297023616660891 0.00443702173855026 0.00851567469157866 0 0 0 0 0 0 0 0 0 0.00191720944269267 0 0 0.00134904865102054 0 0 0 0 0 0 0 0 0 0.00174576589179762 0 0 0 0 0 0 0 0 0 0 0 0 0 0 0 0 0 0 0 0 0 0 0 0 0 0 0 0 0 0 0 0 0 0 0 0 0 0 0 0 0 0 0 0 0 0 0 0 0 0
0.275423289167664 0.0303606638925938 0.0359954158382017 0.00191517634517796 0.0422416259069576 0 0.0442617593582231 0.00845084843146911 0.0404283427284271 0 0.0241140845027825 0.00782042004407194 0.0662899674789017 0.00340887943537765 0 0.421071428757587 0 0.00107440952348706 0.082543918324665 0 0.191500740207157 0.00810194517329218 0.163903212961621 0 0 0.0887168445164058 0.0306333564589065 0 0 0 0 0 0.00102467120808872 0 0 0.000692997503666805 0 0 0 0 0 0 0.00516886045655255 0.0101511826206178 0 0.0298759281517638 0 0 0 0 0 0 0 0 0 0 0 0 0 0 0 0 0 0.00220857839906017 0 0 0 0 0 0 0.00182297311146663 0 0 0.00101502154539298 0 0 0 0 0 0 0 0 0 0 0 0 0 0 0 0 0 0.00066774912165805 0 0 0 0
0.0448890370738234 0.0126971302386695 0.0192381308592448 0.01699904716403 0.275266111385327 0 0.0118273050410149 0.136642919385598 0.00104734840832435 0.0241140845027825 0 0.32384119518183 0.00250189138306028 0.192009455262936 0 0.0339147414597046 0 0.00137706077932729 0.00085193535782597 0 0.00536587452011187 0.00127084945149071 0.00223344941751415 0 0 0 0 0 0 0 0 0 0 0 0.000581763181739461 0 0 0 0.00160803694088449 0 0 0 0 0 0.00594050073189279 0.244140903092538 0.0421128148613526 0 0 0 0 0 0 0 0 0 0 0 0 0 0 0 0 0 0 0 0 0 0 0 0 0 0 0 0 0 0 0 0 0 0 0 0 0 0 0 0 0 0 0 0 0 0 0 0 0
0.013693496448393 0.00405016003448267 0.0175329951382939 0.000670192788856892 0.0400875040630587 0 0.00254508912413226 0.0792983564026613 0 0.00782042004407194 0.32384119518183 0 0.00135780545140335 0.064976027774853 0 0.0167042076509933 0 0.335867141908622 0 0 0.00156832870430852 0 0.000891774850944174 0.0558638604247866 0 0 0 0 0.133099621351854 0.0175653740062516 0 0.0627110902264657 0.00507552537888243 0 0.00152187878048569 0 0 0.244431106920468 0.0170922252807596 0 0.00281279997768058 0.00092084325304199 0 0 0.0277350627459733 0.115441597563503 0.0350111511272374 0 0 0 0 0 0 0 0 0 0 0 0 0 0 0 0 0 0 0 0 0 0 0 0 0 0 0 0 0 0 0 0 0 0 0 0 0 0 0 0 0 0 0 0 0 0 0 0 0
0.0193862060947313 0.00546175882605057 0.00189684454658636 0 0.00522937989800585 0 0.0548962448905419 0.00123289817277601 0.188646890386629 0.0662899674789017 0.00250189138306028 0.00135780545140335 0 0.00360022120160215 0 0.0512385540257275 0 0 0.360114045730239 0 0.379026968401625 0.168802589961343 0.138069168203829 0 0 0 0 0 0 0 0 0 0 0 0 0 0 0 0 0 0 0 0 0 0 0.00558312523083202 0 0 0 0 0 0 0 0 0 0 0 0 0 0 0 0 0 0 0 0 0 0 0 0 0 0 0 0 0 0 0 0 0 0 0 0 0 0 0 0 0 0 0 0 0 0 0 0 0 0
0.00304239629694022 0.25509297548917 0.00339864690421568 0 0.225413076697912 0 0.00866852553173646 0.00197768537519725 0.000590972353838432 0.00340887943537765 0.192009455262936 0.064976027774853 0.00360022120160215 0 0 0.0115849271489414 0 0 0.0027349923398913 0 0.00274200328736002 0.00840164478007278 0.009251312946724 0 0.168651861682575 0.00168473320897559 0.00127486004960551 0 0.129623173207099 0.00167135145273887 0.283757620237529 0 0.003090130430182 0.00106850121790797 0 0.00154253041243197 0 0 0 0 0 0 0.000798716634745943 0.00498525521527206 0 0.319050202140427 0.00742883526156633 0 0 0 0 0 0 0 0 0 0 0 0 0 0 0 0 0.00250854179694315 0 0 0 0 0 0 0 0 0 0.0018036204047892 0 0 0 0 0 0 0 0 0 0 0 0 0 0 0 0 0 0.0023252170766767 0 0 0 0
0 0 0 0.109866549164917 0 0.125107480230498 0 0.0405262766102297 0 0 0 0 0 0 0 0 0.0106407643729916 0 0 0.365737690118354 0 0 0 0.134995203320706 0 0 0 0.0094382521463963 0 0 0 0 0 0 0.0021071587733046 0 0 0 0 0 0 0 0 0 0.0147706683607425 0.000841272081868197 0 0.000856830934198114 0 0 0 0.00172531495233712 0 0.0010515496418356 0 0.00448161395085205 0 0 0 0 0 0 0.00616175600028023 0 0.00761225375193543 0 0 0.00687676438117402 0 0 0 0.00119603288984121 0 0 0 0 0 0 0 0 0 0 0 0 0 0 0 0 0 0 0 0 0.00425703438488517 0 0 0.00176520407617077
0.309113629726775 0.0109732130579419 0.143162020917116 0 0.051190011598538 0.0128344449972023 0.0206895565553049 0.00609449014305756 0.00725924979051692 0.421071428757587 0.0339147414597046 0.0167042076509933 0.0512385540257275 0.0115849271489414 0 0 0 0 0.0216862666319772 0 0.0477681165355567 0.0187560701940729 0.122973951950913 0 0.00679846192981724 0.119520403315905 0.0267146533959927 0 0.00276355604518533 0.0030677215652561 0.00502524842196206 0.00330393969891724 0.0120620015473375 0.0243586180789432 0 0.0149794140500665 0.0062731023665302 0 0.00696753121222336 0.00515214356616912 0.0277765040821016 0.0141093993626558 0.113258934068096 0.163463901157233 0.00448602592187063 0.0808946601916669 0.0896169013813441 0 0 0.000760378199329066 0 0 0 0 0 0 0 0.000839394929478769 0 0 0 0 0 0.0603530941251885 0 0 0 0 0 0.000906821603269966 0.031042183261942 0 0 0.0813257189175378 0.000884929154413375 0 0 0 0 0 0.000886478416451129 0.00449479949769643 0 0.00124813732664659 0.00307647234097342 0 0 0 0 0.0253857349738609 0.000982023476125734 0.0346265329555479 0 0.000899297422793906 0.000713986217648158 0
0 0 0 0.00847525323274077 0 0.220051354898894 0 0.000817785052844346 0 0 0 0 0 0 0.0106407643729916 0 0 0 0 0.353318641515216 0 0 0 0 0 0 0 0.0612026435713614 0 0 0 0 0 0 0 0 0 0 0 0 0 0 0 0 0.0209792144777418 0.0013677548016229 0 0.196283349042685 0 0 0 0.0225799827199507 0 0.0213693558916745 0 0.0103686929685228 0 0 0 0 0 0 0.0270128169147358 0 0.13455023023365 0 0 0.0141795272223619 0 0 0 0.000684528055909373 0 0 0 0 0 0 0 0 0 0 0 0 0 0 0 0 0 0 0 0 0.00702721450841938 0 0 0.00235185884357368
0.000709758497749889 0 0.000801014205085952 0 0.00102126465905725 0 0 0.319563398390905 0 0.00107440952348706 0.00137706077932729 0.335867141908622 0 0 0 0 0 0 0 0.00117883867944207 0 0 0 0.130348260198292 0 0 0 0.000714730106061504 0 0 0 0 0 0 0 0 0 0.00294020537282199 0.00119470837704687 0 0 0 0 0 0.0205865655101353 0.0248413441711537 0.00482969635819636 0 0 0 0 0 0 0 0 0 0 0 0 0 0 0 0 0 0 0 0 0 0 0 0 0 0 0 0 0 0 0 0 0 0 0 0 0 0 0 0 0 0 0 0 0 0 0 0 0
0.00425968153613846 0.00450478602864601 0.000637421930679338 0 0.0022606965632379 0 0.00822773208715154 0 0.00125254377539757 0.082543918324665 0.00085193535782597 0 0.360114045730239 0.0027349923398913 0 0.0216862666319772 0 0 0 0 0.190853182296578 0.165891370108868 0.522066303259769 0 0 0.000847642729799175 0.0202357238936485 0 0 0 0 0 0 0.0012022220160254 0 0 0 0 0 0 0 0 0 0 0 0.00291776000132408 0 0 0.00064165135372125 0 0 0 0 0 0 0 0 0.00373851077113153 0 0 0.00366193403078118 0 0 0.00133240409338102 0 0 0.0273961529121583 0 0.00134150878362837 0 0.0120239923465855 0 0 0 0 0 0 0 0 0 0 0 0 0 0 0 0 0 0 0 0 0 0 0 0 0
0 0 0 0.0311008749520224 0 0.105326484031639 0 0.0312323756597341 0 0 0 0 0 0 0.365737690118354 0 0.353318641515216 0.00117883867944207 0 0 0 0 0 0.0952727566501123 0 0 0 0.373000611170577 0 0 0 0 0 0 0.245173712420547 0 0 0 0.00672617203964093 0.00106268760673907 0 0 0 0 0.122988423577837 0.000828459469296037 0 0.00879234532551853 0 0 0 0.0239837706625387 0 0.0159388814746648 0 0.0463088267090104 0 0 0 0 0 0 0.0852551003181984 0 0.101909574760257 0 0 0.115469923021113 0 0 0 0.0144270381562569 0 0 0 0.00828484257388669 0 0 0 0 0 0 0.00788914766540977 0 0 0 0 0 0 0 0 0 0.0512788671657113 0 0 0.0128693043576575
0.0855643607363565 0.00681854375631101 0.00267802430866276 0 0.00830009368494847 0 0.148522026302 0.00243207798992496 0.297023616660891 0.191500740207157 0.00536587452011187 0.00156832870430852 0.379026968401625 0.00274200328736002 0 0.0477681165355567 0 0 0.190853182296578 0 0 0.00888407945363869 0.0977598831200431 0 0 0.00287646707882801 0 0 0 0 0 0 0.00156741270785001 0 0 0.00134495894254397 0 0 0 0 0 0 0 0.000575634669922597 0 0.0045353811765627 0 0 0 0 0 0 0 0 0 0 0 0 0 0 0 0 0 0 0 0 0 0 0 0 0.000571127290560366 0 0 0 0 0 0 0 0 0 0 0 0 0 0 0 0 0 0 0 0 0 0 0 0 0
0.00600768396863712 0.0543053453932347 0.00154121236270005 0 0.00544133807977167 0 0.21015304170263 0 0.00443702173855026 0.00810194517329218 0.00127084945149071 0 0.168802589961343 0.00840164478007278 0 0.0187560701940729 0 0 0.165891370108868 0 0.00888407945363869 0 0.142491636038824 0 0.00192898887113719 0.00223707124547445 0.052667223852914 0 0 0 0 0 0.180739951759906 0.102830131175496 0 0.112070867075004 0.00945267167031702 0 0 0 0 0.000585460296591749 0.00178450853559719 0.0034067519234046 0 0.00499281898853336 0 0 0 0 0 0 0 0 0.000794637574058239 0 0 0 0 0 0 0 0 0 0 0 0.0012681606788401 0 0 0.00408431804979719 0.00587837560018436 0 0 0.00235045210740432 0.00262108778239756 0 0 0 0 0 0.000793056098231066 0 0 0.000682209709159549 0 0 0 0 0 0 0 0 0 0 0 0
0.00860957089829681 0.0230303711753269 0.00205360099572226 0 0.00690316247532908 0 0.0119060882832928 0 0.00851567469157866 0.163903212961621 0.00223344941751415 0.000891774850944174 0.138069168203829 0.009251312946724 0 0.122973951950913 0 0 0.522066303259769 0 0.0977598831200431 0.142491636038824 0 0 0 0.0664449512335263 0.203815348542163 0 0 0 0 0 0.00676824687091006 0.00613130219109096 0 0.0111705294112514 0 0 0 0 0 0 0.0103036395377474 0.0027625081911973 0 0.00877452451109019 0 0 0 0 0 0 0 0 0.000842639195118289 0 0 0.000969193696438024 0 0 0.000910278569313266 0 0 0.0103614811623282 0 0 0.00332498543306533 0 0 0.0044771990357161 0.0477357037341377 0 0 0.00969092199405043 0.00290381210437805 0 0 0 0 0 0.000889580702197331 0.0006163627983788 0 0.000656479448803902 0 0 0 0 0 0 0 0.00492193269435997 0 0 0 0
0 0 0 0 0 0 0 0.349129775559781 0 0 0 0.0558638604247866 0 0 0.134995203320706 0 0 0.130348260198292 0 0.0952727566501123 0 0 0 0 0 0 0 0.0819275586514206 0 0 0 0 0 0 0.210989129248499 0 0 0.0745710916119978 0.337928226122456 0.00395955399765861 0 0.0013813897174631 0 0 0.0937692421284929 0.00805131779527904 0.00358359570473951 0.00606452224262277 0 0 0 0 0 0 0 0.000558862498546902 0 0 0 0 0 0 0.0116837979587709 0 0 0 0 0.0231020383339194 0 0 0 0.011036788997998 0 0 0 0.00450947301424101 0 0 0 0 0 0 0.0119977481468688 0 0 0 0 0 0 0 0.00151060992547043 0 0.0283807723241527 0 0 0.0141206666120724
0.00100001683029069 0.321683829691089 0 0 0.000922963106759431 0 0.00772566640253746 0 0 0 0 0 0 0.168651861682575 0 0.00679846192981724 0 0 0 0 0 0.00192898887113719 0 0 0 0.0146837842868915 0.0079218664738108 0 0.224453032202576 0.0030730196524818 0.47527582724465 0.00105978816133254 0.0225190972611105 0.0057026033595508 0 0.00333124818000425 0.00158538702242857 0 0 0 0 0.00217750746023509 0.00207860363389857 0.03938859738507 0 0.115071960007581 0 0 0 0 0 0 0 0 0 0 0 0 0 0 0 0 0 0.0175244306152278 0 0 0 0 0 0 0.00200320916877213 0 0 0.0135981391858186 0.000779081607456582 0 0 0 0 0 0 0 0 0 0 0 0 0 0 0.000647401719100968 0 0.01642663556513 0 0 0 0
0.00118940328626953 0.00598827864151239 0 0 0 0 0 0 0 0.0887168445164058 0 0 0 0.00168473320897559 0 0.119520403315905 0 0 0.000847642729799175 0 0.00287646707882801 0.00223707124547445 0.0664449512335263 0 0.0146837842868915 0 0.505945150143764 0.00550647645378955 0 0 0.0022990439358766 0.00204355362599962 0.00268549914013782 0.0300729938294746 0 0.00140075105195954 0.00089568384969128 0 0 0 0 0.00645142196094072 0.0126504889731199 0.0365680711976651 0 0.000804291476264306 0 0 0 0 0 0 0 0 0 0 0 0 0 0 0 0 0 0.0277182080888471 0 0 0 0 0 0.00796268282950107 0.00783491418166903 0 0 0.286030357642461 0.0199618759980227 0 0 0 0 0 0.00848368279977259 0.00826046693442582 0 0.00420991806822095 0.00412786705264703 0 0 0 0 0.00600831732981661 0.00175530691639943 0.043111771580418 0 0.000612045840571571 0 0
0.0012413319471028 0.00262538918281275 0 0 0 0 0.00287688087504221 0 0 0.0306333564589065 0 0 0 0.00127486004960551 0 0.0267146533959927 0 0 0.0202357238936485 0 0 0.052667223852914 0.203815348542163 0 0.0079218664738108 0.505945150143764 0 0.135172052412872 0 0.028478399683641 0.00202412965991576 0.189653372639498 0.0384047409595593 0.459404682976224 0 0.0765793411798225 0.0336006779302911 0 0 0.0791589443478818 0.00147532016664844 0.00173647702937429 0.00735987018241215 0.0305861122971148 0.00079207054132338 0 0 0 0 0 0 0 0 0 0.000563827755834266 0 0 0 0 0 0 0 0 0.0101655635461793 0 0 0.00100889621113424 0 0 0.00798522907130115 0.00645204147724197 0 0 0.176688962521357 0.0654294655475288 0.0151847662548685 0 0.0026509768026345 0 0.00159958189448878 0.00303675551794624 0.0157189690433653 0 0.0063348137180344 0.00557780608179947 0 0 0 0 0.00596630372273034 0.00185183773124344 0.0376668046241304 0.000621477935761089 0 0 0
0 0 0 0 0 0 0 0.00123753070602152 0 0 0 0 0 0 0.0094382521463963 0 0.0612026435713614 0.000714730106061504 0 0.373000611170577 0 0 0 0.0819275586514206 0 0.00550647645378955 0.135172052412872 0 0 0.013629069972527 0 0.0288995265350924 0 0.00860796101897978 0.165954102032128 0 0.00273232643750309 0 0.0511516788899066 0.342933610817248 0.0141993595015853 0 0.0962280491300171 0.00124830988175167 0.159266597494839 0 0.000555427384399711 0.0102987805403263 0 0 0 0.00204462833035275 0 0.000782048903268865 0 0.00558787401731066 0 0 0 0 0 0 0.0575224940275238 0 0.00592074509770854 0 0 0.121701960819209 0 0 0 0.0148543121813123 0 0 0.025157266760658 0.331266475378194 0 0.00734560998685152 0 0.0337559741768952 0 0.00437979094104752 0.0249521304864388 0 0.00514788822301519 0 0.00273342022536333 0.111870156876201 0.0184800210574782 0 0.0560168619478081 0.0112992265805281 0.0973754453661031 0.000741988259816171 0 0.00204332936862697
0 0.0375241081758082 0.00418215056924458 0 0 0 0 0 0 0 0 0.133099621351854 0 0.129623173207099 0 0.00276355604518533 0 0 0 0 0 0 0 0 0.224453032202576 0 0 0 0 0.0924741866184552 0.0607036093588123 0.0533708697930731 0.232100978328349 0 0 0.00144609150115012 0.00111671723158372 0 0 0 0 0 0 0 0 0.044235295722174 0.00706109926339522 0 0 0 0 0 0 0 0 0 0 0 0 0 0 0 0 0 0 0 0 0 0 0 0 0 0 0 0 0 0 0 0 0 0 0 0 0 0 0 0 0 0 0 0 0 0 0 0 0
0.000750611539080376 0.00608476894913458 0.00104277942957029 0 0 0 0.00080732652784156 0 0 0 0 0.0175653740062516 0 0.00167135145273887 0 0.0030677215652561 0 0 0 0 0 0 0 0 0.0030730196524818 0 0.028478399683641 0.013629069972527 0.0924741866184552 0 0 0.484541979250964 0.210675826645832 0.0796087293912449 0 0.187415951543482 0.319444762561356 0.00547044377974948 0.0285803377149274 0 0.00620113303610294 0.011725234724782 0.0561007821032953 0.0441406222172138 0.0133594288989269 0.0217591820623631 0.00635212322710435 0 0 0 0 0 0 0 0 0 0 0 0 0 0 0 0 0 0 0 0 0 0 0 0 0 0 0 0.00796636962259031 0.0115836966906719 0 0.00175730189592098 0 0 0 0.00266174164848512 0 0.000726909369534801 0.00172632331827662 0 0 0 0 0.00283258698639242 0 0.010969882169135 0 0 0 0
0 0.012386426925012 0 0 0.000958655453415872 0 0.00185926910749037 0 0 0 0 0 0 0.283757620237529 0 0.00502524842196206 0 0 0 0 0 0 0 0 0.47527582724465 0.0022990439358766 0.00202412965991576 0 0.0607036093588123 0 0 0 0.00237627995561084 0.0007162056345836 0 0 0 0 0 0 0 0 0.00155927648487719 0.0093748678571644 0 0.127076600351556 0 0 0 0 0 0 0 0 0 0 0 0 0 0 0 0 0 0.00499864483698455 0 0 0 0 0 0 0.000644124886502714 0 0 0.00221764247475004 0 0 0 0 0 0 0 0 0 0 0 0 0 0 0 0 0 0.00467071415793483 0 0 0 0
0 0.00360982422857423 0.00354476799893717 0 0 0 0 0 0 0 0 0.0627110902264657 0 0 0 0.00330393969891724 0 0 0 0 0 0 0 0 0.00105978816133254 0.00204355362599962 0.189653372639498 0.0288995265350924 0.0533708697930731 0.484541979250964 0 0 0.0745320788827802 0.0795043789278931 0 0.00442049912622509 0.041174362571205 0.0793578926938631 0.107992964886814 0.0693703046214276 0.0826493110848419 0.0261702088350104 0.0273642667175255 0.0209463972229505 0.111133877959708 0.0295772700640762 0.0179013212979204 0 0 0 0 0 0 0 0 0 0 0 0 0 0 0 0 0 0 0 0 0 0 0 0 0 0 0 0.0136726929698193 0.00794044214487624 0 0.00186928513206158 0 0.000948244119012655 0 0.00384258827530588 0 0.000898161540680545 0.00181273963549446 0 0 0 0 0.00234645231196358 0.000566697168392828 0.00920550423175425 0.00120932246633668 0 0 0
0.00178202379431923 0.166799027422104 0.000573675932981663 0 0.00061087842875573 0 0.0513577561829869 0 0.00191720944269267 0.00102467120808872 0 0.00507552537888243 0 0.003090130430182 0 0.0120620015473375 0 0 0 0 0.00156741270785001 0.180739951759906 0.00676824687091006 0 0.0225190972611105 0.00268549914013782 0.0384047409595593 0 0.232100978328349 0.210675826645832 0.00237627995561084 0.0745320788827802 0 0.0969546268878107 0 0.455593709638646 0.104493708215711 0.0050037175821194 0.00249208404129755 0 0 0.00328934913417059 0.00235106897851739 0.0129242822042001 0 0.00606126537166908 0.00216591098318321 0 0 0 0 0 0 0 0.000572769874871812 0 0 0 0 0 0 0 0 0 0 0 0.000548688556281694 0 0 0.00351670672720421 0.00220192327031451 0 0 0.00282419702588931 0.00127287035579949 0 0 0 0 0 0.00107174979829353 0 0 0.000890303925357256 0 0 0 0 0 0 0 0 0 0 0 0
0 0.00556681174446983 0 0 0 0 0.00258979348200502 0 0 0 0 0 0 0.00106850121790797 0 0.0243586180789432 0 0 0.0012022220160254 0 0 0.102830131175496 0.00613130219109096 0 0.0057026033595508 0.0300729938294746 0.459404682976224 0.00860796101897978 0 0.0796087293912449 0.0007162056345836 0.0795043789278931 0.0969546268878107 0 0 0.182405233091378 0.162802236592639 0 0 0 0 0.00813849575173689 0.0291606269762182 0.0421088263672108 0.00161766035485599 0.000985805716309488 0 0 0 0 0 0 0 0 0.000588821668785471 0 0 0 0 0 0 0 0 0.00389127361393997 0 0 0.000580891976751579 0 0 0.00447863985617859 0.00317242360677838 0 0 0.0220001965443839 0.0161213934852599 0.00249509538062576 0 0.000669896047632705 0 0 0.00241296976996125 0.00270683532514075 0 0.00185902037360727 0.000954335132050545 0 0 0 0 0.00323986611875003 0.000820861760443 0.013559391373034 0 0 0 0
0 0 0 0 0 0 0 0 0 0 0.000581763181739461 0.00152187878048569 0 0 0.0021071587733046 0 0 0 0 0.245173712420547 0 0 0 0.210989129248499 0 0 0 0.165954102032128 0 0 0 0 0 0 0 0 0 0 0.170917392197963 0.0952856305256643 0 0.00124153571733049 0 0 0.0690497834290523 0.00953845688702542 0.00153331892724304 0.0153524736096457 0 0 0 0 0 0 0 0 0 0 0 0 0 0 0 0 0 0 0 0.00778288455050795 0 0 0 0.00488906915216702 0 0 0 0.0114155550030527 0 0 0 0 0 0 0.0027574826665965 0 0 0 0 0.000604517310519718 0 0 0.00523097387125397 0 0.0316002512590437 0 0 0
0.00127772926916554 0.0115127795775329 0 0 0 0 0.00913035627203282 0 0.00134904865102054 0.000692997503666805 0 0 0 0.00154253041243197 0 0.0149794140500665 0 0 0 0 0.00134495894254397 0.112070867075004 0.0111705294112514 0 0.00333124818000425 0.00140075105195954 0.0765793411798225 0 0.00144609150115012 0.187415951543482 0 0.00442049912622509 0.455593709638646 0.182405233091378 0 0 0.235900064237809 0 0 0 0 0.00554004538186383 0.020646906426103 0.0231442698765885 0.00073156488553594 0.00396063083205184 0.000607773288425379 0 0 0 0 0 0 0 0.000790155352330077 0 0 0 0 0 0 0 0 0 0 0 0.000849917010362545 0 0 0.00360464556313555 0.00395670261862582 0 0 0.00196979206523345 0.00236886127049855 0 0 0 0 0 0.000973249551798686 0 0 0.0008412645861 0 0 0 0 0 0 0 0 0 0 0 0
0.000632836819320337 0.00809580708961614 0 0 0 0 0.00108870769086313 0 0 0 0 0 0 0 0 0.0062731023665302 0 0 0 0 0 0.00945267167031702 0 0 0.00158538702242857 0.00089568384969128 0.0336006779302911 0.00273232643750309 0.00111671723158372 0.319444762561356 0 0.041174362571205 0.104493708215711 0.162802236592639 0 0.235900064237809 0 0 0 0 0 0.0177489615318201 0.106394255225814 0.0512430103689523 0.00641109697814252 0.00138747174124367 0 0 0 0 0 0 0 0 0 0 0 0 0 0 0 0 0 0 0 0 0 0 0 0 0 0 0 0.000864683311485976 0.000592500958197049 0.00209815866050333 0 0 0 0 0 0 0 0 0 0 0 0 0 0.000713933429233902 0 0.0022832644549115 0 0 0 0
0 0.00223849554613051 0 0 0 0 0 0 0 0 0 0.244431106920468 0 0 0 0 0 0.00294020537282199 0 0 0 0 0 0.0745710916119978 0 0 0 0 0 0.00547044377974948 0 0.0793578926938631 0.0050037175821194 0 0 0 0 0 0.266707760140569 0 0 0 0 0 0 0.000723583085325572 0.000580501684272492 0 0 0 0 0 0 0 0 0 0 0 0 0 0 0 0 0 0 0 0 0 0 0 0 0 0 0 0 0 0 0 0 0 0 0 0 0 0 0 0 0 0 0 0 0 0 0 0 0
0 0 0.0116615329436547 0 0 0 0 0 0 0 0.00160803694088449 0.0170922252807596 0 0 0 0.00696753121222336 0 0.00119470837704687 0 0.00672617203964093 0 0 0 0.337928226122456 0 0 0 0.0511516788899066 0 0.0285803377149274 0 0.107992964886814 0.00249208404129755 0 0.170917392197963 0 0 0.266707760140569 0 0.0578471640622705 0.339457239985453 0.00199483382656547 0 0 0.0694392545082729 0.066925612039531 0.0599952326192393 0.00196397737708871 0 0 0 0 0 0 0 0 0 0 0 0 0 0 0 0 0 0 0 0.00120650682100371 0 0 0 0.000828749417346628 0 0 0 0.00623739703597171 0 0 0 0 0 0 0.000959228487670503 0 0 0 0 0.001422442273926 0 0 0.00647747536933833 0 0.0110056509846402 0 0 0
0 0 0.0069613690819612 0 0 0 0 0 0 0 0 0 0 0 0 0.00515214356616912 0 0 0 0.00106268760673907 0 0 0 0.00395955399765861 0 0 0.0791589443478818 0.342933610817248 0 0 0 0.0693703046214276 0 0 0.0952856305256643 0 0 0 0.0578471640622705 0 0.104001933642821 0.00143465163863724 0.00649619957597262 0 0.178038328279361 0.0246122698600946 0.0151601724071489 0.000682445554579484 0 0 0 0 0 0 0 0 0 0 0 0 0 0 0 0.000796904664175109 0 0 0 0 0 0 0 0 0 0 0 0.0380105128521156 0 0 0 0 0 0 0.00199070054915104 0 0 0 0.00334307559207006 0.00858117432736786 0.0017705399031127 0 0.0231147254024143 0 0.0342888680815698 0.001317031795091 0 0
0 0 0.0479810096535825 0 0 0 0 0 0 0 0 0.00281279997768058 0 0 0 0.0277765040821016 0 0 0 0 0 0 0 0 0 0 0.00147532016664844 0.0141993595015853 0 0.00620113303610294 0 0.0826493110848419 0 0 0 0 0 0 0.339457239985453 0.104001933642821 0 0.00614139536044907 0.00212547345299215 0 0.0565400494570227 0.167724488972749 0.171728396643159 0 0 0 0 0 0 0 0 0 0 0 0 0 0 0 0 0 0 0 0 0 0 0 0 0 0 0 0 0.00115650046711417 0 0 0 0 0 0 0 0 0 0 0 0.00134235838675977 0 0 0 0 0.00302486029909735 0 0 0
0 0.00093631752400478 0.00210863792060822 0 0 0.0491227999903225 0.000802121260164933 0.00093994079156934 0 0 0 0.00092084325304199 0 0 0 0.0141093993626558 0 0 0 0 0 0.000585460296591749 0 0.0013813897174631 0.00217750746023509 0.00645142196094072 0.00173647702937429 0 0 0.011725234724782 0 0.0261702088350104 0.00328934913417059 0.00813849575173689 0.00124153571733049 0.00554004538186383 0.0177489615318201 0 0.00199483382656547 0.00143465163863724 0.00614139536044907 0 0.483200355500628 0.406933178851629 0.319651578834361 0.00629504390820198 0.00168937242517745 0.0383289366441916 0 0 0 0 0 0 0 0 0 0 0 0 0 0 0 0.00136754647069171 0 0 0 0 0 0 0 0 0 0.00404045989989558 0 0 0 0 0 0 0 0 0 0 0 0 0 0 0 0.0345228603370251 0 0.00204338623189943 0 0 0 0
0 0 0 0 0 0.000667567627968546 0 0 0 0.00516886045655255 0 0 0 0.000798716634745943 0 0.113258934068096 0 0 0 0 0 0.00178450853559719 0.0103036395377474 0 0.00207860363389857 0.0126504889731199 0.00735987018241215 0.0962280491300171 0 0.0561007821032953 0.00155927648487719 0.0273642667175255 0.00235106897851739 0.0291606269762182 0 0.020646906426103 0.106394255225814 0 0 0.00649619957597262 0.00212547345299215 0.483200355500628 0 0.387932914228232 0.131038936855081 0.000930941622563895 0 0.0272618045934376 0 0 0 0 0 0 0.000888057524158555 0 0 0 0 0 0.000740847049431955 0 0 0.0194746624124932 0 0 0.00272861666878328 0 0 0.00265199019485185 0.0210511205656348 0 0 0.0110365621274725 0.0042962501980049 0.0687128021527358 0 0.00198905654430572 0 0.0277746702502064 0 0.00231213526954083 0 0.000938216642900101 0.00139355097122208 0 0 0.0289895407609527 0.0251026925370936 0 0.0183819212221706 0.0164134445369283 0.0344107431148902 0 0 0.00340732668348286
0.00130096801640631 0.00537891141659769 0.00190031444085153 0 0 0 0.00524261211296544 0 0 0.0101511826206178 0 0 0 0.00498525521527206 0 0.163463901157233 0 0 0 0 0.000575634669922597 0.0034067519234046 0.0027625081911973 0 0.03938859738507 0.0365680711976651 0.0305861122971148 0.00124830988175167 0 0.0441406222172138 0.0093748678571644 0.0209463972229505 0.0129242822042001 0.0421088263672108 0 0.0231442698765885 0.0512430103689523 0 0 0 0 0.406933178851629 0.387932914228232 0 0.037248156349715 0.00210809144246514 0 0 0 0 0 0 0 0 0 0 0 0 0 0 0 0 0 0.0285293762287246 0 0 0 0 0 0 0.00373356309660153 0 0 0.0546515691820999 0.00264627268932752 0.0010733539752431 0 0.00102040501465879 0 0 0 0.00262098411356534 0 0.0016715029421937 0.00190560116120256 0 0 0 0 0.00330756702893365 0.00142263345896293 0.0388600388950504 0 0 0 0
0 0 0.00842497227101762 0.0149223156673159 0 0.0279101310613076 0 0.054957366154912 0 0 0.00594050073189279 0.0277350627459733 0 0 0.0147706683607425 0.00448602592187063 0.0209792144777418 0.0205865655101353 0 0.122988423577837 0 0 0 0.0937692421284929 0 0 0.00079207054132338 0.159266597494839 0 0.0133594288989269 0 0.111133877959708 0 0.00161766035485599 0.0690497834290523 0.00073156488553594 0.00641109697814252 0 0.0694392545082729 0.178038328279361 0.0565400494570227 0.319651578834361 0.131038936855081 0.037248156349715 0 0.143741582390378 0.0744373908063931 0.163089741276512 0 0 0 0.0100979602412262 0 0.00376523924983612 0 0.0224125627864632 0 0 0 0 0 0 0.0747175858234746 0 0.0394694614417108 0 0 0.0698416501067024 0 0 0 0.0268100071417531 0 0 0.00161696161106142 0.0319114575509203 0 0 0 0.0117143874164004 0 0 0.0316454038494216 0 0 0 0.00254203548479162 0.0457319072160318 0.0117212832895704 0 0.0653495529925122 0.00121310051926477 0.104935599578948 0 0 0.102821285909598
0.0342075962656261 0.0178206225810383 0.268472764985914 0.07068150099562 0.263943045088604 0.0747639610646074 0.00833277812925382 0.0651076888430542 0.00174576589179762 0.0298759281517638 0.244140903092538 0.115441597563503 0.00558312523083202 0.319050202140427 0.000841272081868197 0.0808946601916669 0.0013677548016229 0.0248413441711537 0.00291776000132408 0.000828459469296037 0.0045353811765627 0.00499281898853336 0.00877452451109019 0.00805131779527904 0.115071960007581 0.000804291476264306 0 0 0.044235295722174 0.0217591820623631 0.127076600351556 0.0295772700640762 0.00606126537166908 0.000985805716309488 0.00953845688702542 0.00396063083205184 0.00138747174124367 0.000723583085325572 0.066925612039531 0.0246122698600946 0.167724488972749 0.00629504390820198 0.000930941622563895 0.00210809144246514 0.143741582390378 0 0.533829222712574 0.173586479901881 0 0 0 0 0 0 0 0 0 0 0 0 0 0 0 0.000787186561540616 0 0 0 0 0 0 0 0 0 0 0 0 0 0 0 0 0 0 0 0 0 0 0 0 0 0 0 0.000718434217104991 0 0 0 0
0 0.000893880453297475 0.164095412321906 0 0 0.00125940404381687 0 0.00256188042932808 0 0 0.0421128148613526 0.0350111511272374 0 0.00742883526156633 0 0.0896169013813441 0 0.00482969635819636 0 0 0 0 0 0.00358359570473951 0 0 0 0.000555427384399711 0.00706109926339522 0.00635212322710435 0 0.0179013212979204 0.00216591098318321 0 0.00153331892724304 0.000607773288425379 0 0.000580501684272492 0.0599952326192393 0.0151601724071489 0.171728396643159 0.00168937242517745 0 0 0.0744373908063931 0.533829222712574 0 0.00113558963298467 0 0 0 0 0 0 0 0 0 0 0 0 0 0 0 0 0 0 0 0 0 0 0 0 0 0 0 0 0 0 0 0 0 0 0 0 0 0 0 0 0 0 0 0 0 0 0 0
0 0 0 0.014593864023178 0 0.238508019191911 0 0 0 0 0 0 0 0 0.000856830934198114 0 0.196283349042685 0 0 0.00879234532551853 0 0 0 0.00606452224262277 0 0 0 0.0102987805403263 0 0 0 0 0 0 0.0153524736096457 0 0 0 0.00196397737708871 0.000682445554579484 0 0.0383289366441916 0.0272618045934376 0 0.163089741276512 0.173586479901881 0.00113558963298467 0 0 0 0 0 0 0.00549008572065024 0 0 0 0 0 0 0 0 0 0 0 0 0 0.00080523720106605 0 0 0 0.00124596981600568 0 0 0 0.000987468355813251 0 0 0 0 0 0 0.00107858837214535 0 0 0 0 0 0 0 0 0 0.0346038550935443 0 0 0.0684393929430386
0 0 0 0 0 0 0 0 0 0 0 0 0 0 0 0 0 0 0.00064165135372125 0 0 0 0 0 0 0 0 0 0 0 0 0 0 0 0 0 0 0 0 0 0 0 0 0 0 0 0 0 0 0.227699321027488 0.197667527583895 0.125689865122317 0.0712598689592073 0.00159958009568912 0.13221185043415 0.0231370888610341 0.0766561445525124 0.236894869197559 0.0431072078969106 0.00818760510915069 0.0146459440235077 0.0231174281149559 0 0.222925503717041 0 0.00544263142519274 0.00553072616628896 0 0.0936590377788928 0.00386334079259291 0.00850218706992752 0 0 0 0 0 0 0 0 0 0 0 0 0 0 0 0 0 0 0 0.00090147228009387 0.00339604393501633 0 0.0408087877523314 0.00390032270954879 0
0 0 0 0 0 0 0 0 0 0 0 0 0 0 0 0.000760378199329066 0 0 0 0 0 0 0 0 0 0 0 0 0 0 0 0 0 0 0 0 0 0 0 0 0 0 0 0 0 0 0 0 0.227699321027488 0 0.00370375520345362 0.0039320296713861 0.0935237099366986 0 0.451457003308694 0.0106541841874854 0.0292798486042007 0.0260887755526863 0.0116507045493692 0.0201021170285167 0.00529463449432398 0.19737106897713 0 0.00836195497557442 0 0.00138601274702023 0.00293308065784046 0 0.0584591782853157 0.0467580545430026 0.00584766418714674 0 0.423892583911222 0.000853028860532048 0 0 0.0721575712206569 0.00858086698409176 0.00652960244988493 0.0163612700037927 0.169299361248394 0 0 0.0041474646010656 0.00349939697922783 0.00392371514360589 0.00331453251453657 0 0 0.00397944214025659 0.000745541418653269 0.00112621914535876 0 0.0190635019260831 0.00831912135142875 0
0 0 0 0 0 0.00175205119216589 0 0 0 0 0 0 0 0 0 0 0 0 0 0 0 0 0 0 0 0 0 0 0 0 0 0 0 0 0 0 0 0 0 0 0 0 0 0 0 0 0 0 0.197667527583895 0.00370375520345362 0 0.191216860077367 0.178361486471905 0.0690760080251977 0.0054417545007149 0.0718092951803407 0.00160323580724297 0.016616366596077 0.024679611686201 0.0123404933455321 0.00177159301384631 0.0103321320679087 0 0.176830729658003 0 0.00332978395669138 0.00105073349398443 0 0.00927661105032305 0.00067225763209124 0.0019354880030904 0.00057164454012082 0 0 0 0 0 0 0 0.00130857891653662 0 0 0.000584013344085019 0 0 0.000638503140474694 0.0214269151146388 0.0108688855710968 0.0236170365149641 0.00306395387316267 0.00703835204480696 0.0369774080162831 0.00789739731763 0.219466512405274 0.0828735097251856 0.00154565732895527
0 0 0 0 0 0.007395404880764 0 0 0 0 0 0 0 0 0.00172531495233712 0 0.0225799827199507 0 0 0.0239837706625387 0 0 0 0 0 0 0 0.00204462833035275 0 0 0 0 0 0 0 0 0 0 0 0 0 0 0 0 0.0100979602412262 0 0 0 0.125689865122317 0.0039320296713861 0.191216860077367 0 0.237441260552103 0.313304224183943 0.00482781199779456 0.155365452944114 0 0.00321634844849413 0.0944175057129415 0 0.000956283922461504 0.0220682586952279 0.173966420960721 0 0.0681147805574242 0 0 0.0136254746198798 0.00195773829848053 0 0.00147894543117008 0.00140295038103205 0 0 0 0 0 0 0 0 0 0 0.000870371811126661 0 0 0 0 0 0 0 0 0 0.024693279576879 0.178138771605375 0 0.0566599903218524
0 0 0 0 0 0 0 0 0 0 0 0 0 0 0 0 0 0 0 0 0 0 0 0 0 0 0 0 0 0 0 0 0 0 0 0 0 0 0 0 0 0 0 0 0 0 0 0 0.0712598689592073 0.0935237099366986 0.178361486471905 0.237441260552103 0 0 0.0246267833886276 0.127129996525169 0 0.038684860522347 0.216877511762857 0.0330044408618275 0.00703170045593012 0.299897660321381 0 0.00474066470768689 0 0.00962038617995832 0.00420964336659715 0 0.00851331889137786 0.00140556039952041 0.0116111809608216 0 0 0 0 0 0 0 0 0 0 0 0 0 0 0 0 0 0 0 0 0 0 0.0963208420642625 0 0
0 0 0 0 0 0.0443395217163048 0 0 0 0 0 0 0 0 0.0010515496418356 0 0.0213693558916745 0 0 0.0159388814746648 0 0 0 0 0 0 0 0.000782048903268865 0 0 0 0 0 0 0 0 0 0 0 0 0 0 0 0 0.00376523924983612 0 0 0.00549008572065024 0.00159958009568912 0 0.0690760080251977 0.313304224183943 0 0 0 0.00386553652111317 0 0 0 0 0 0 0.0867084637324216 0 0.243550253609248 0 0 0.204691744250587 0 0 0 0 0 0 0 0 0 0 0 0 0 0 0 0 0 0 0 0 0 0.0446829783726905 0.011908647613052 0 0.0286851547237826 0.0241246711441171 0.00407764426766705 0.171436574750989
0 0 0 0 0 0 0 0 0 0 0 0 0 0 0 0 0 0 0 0 0 0.000794637574058239 0.000842639195118289 0 0 0 0.000563827755834266 0 0 0 0 0 0.000572769874871812 0.000588821668785471 0 0.000790155352330077 0 0 0 0 0 0 0.000888057524158555 0 0 0 0 0 0.13221185043415 0.451457003308694 0.0054417545007149 0.00482781199779456 0.0246267833886276 0 0 0.0138367808964923 0.263224588464813 0.0484145960759608 0.017933965711769 0.00719767388415233 0.115660028896404 0.0142331876596814 0 0.0120375531926958 0 0.00198476906237477 0.0106887110711619 0 0.10449926724891 0.218837743932681 0.0232524427758205 0 0.00074306588210113 0.000837875816336074 0 0 0.00199813447412356 0.00318558901226369 0 0.00434180484650502 0.0256802262584719 0 0 0.00367695249711071 0.00316533342755025 0.00156839505177834 0.00109522492023749 0 0 0.00104354155389636 0 0.000914352368252872 0 0.0165175601859578 0.00181415059130321 0
0 0 0 0 0 0.00161665509181583 0 0.000552344628254505 0 0 0 0 0 0 0.00448161395085205 0 0.0103686929685228 0 0 0.0463088267090104 0 0 0 0.000558862498546902 0 0 0 0.00558787401731066 0 0 0 0 0 0 0 0 0 0 0 0 0 0 0 0 0.0224125627864632 0 0 0 0.0231370888610341 0.0106541841874854 0.0718092951803407 0.155365452944114 0.127129996525169 0.00386553652111317 0.0138367808964923 0 0 0.0140941823167562 0.181646267527903 0.0493428958363169 0.00349959686422993 0.0305711575061441 0.0361457011173661 0.00116760636718534 0.0231527700935076 0.27128298419366 0.00204489340743593 0.0353519473466252 0.00622380465837045 0 0.00594173398931804 0.399954719806917 0 0 0 0 0 0 0 0 0 0 0.00183068056583773 0 0 0.00106847256448856 0.000708995052218683 0 0 0.0143315363003773 0.000566557838541757 0 0.0752170409334846 0.0846146330647311 0.0133921292934532 0
0 0 0 0 0 0 0 0 0 0 0 0 0 0 0 0 0 0 0 0 0 0 0 0 0 0 0 0 0 0 0 0 0 0 0 0 0 0 0 0 0 0 0 0 0 0 0 0 0.0766561445525124 0.0292798486042007 0.00160323580724297 0 0 0 0.263224588464813 0 0 0.0209714277876356 0 0 0.243940665833611 0 0 0.0172221916927596 0 0 0.00826188189219757 0 0.355148656835875 0.00434666244176782 0.0113493846677648 0 0 0 0 0 0 0 0 0 0 0 0 0 0 0 0 0 0 0 0 0 0 0.000861452062137961 0 0
0 0 0 0 0 0 0 0 0 0 0 0 0 0 0 0.000839394929478769 0 0 0.00373851077113153 0 0 0 0.000969193696438024 0 0 0 0 0 0 0 0 0 0 0 0 0 0 0 0 0 0 0 0 0 0 0 0 0 0.236894869197559 0.0260887755526863 0.016616366596077 0.00321634844849413 0.038684860522347 0 0.0484145960759608 0.0140941823167562 0.0209714277876356 0 0.0348346307566162 0.00585511771438013 0.0452324779714263 0.0286876555362757 0 0.433282034971452 0 0.00402255311965615 0.0549617891306721 0 0.217023522514754 0.00787478584899415 0.195440145478708 0 0.00231135250417498 0.00291476145655288 0.00354892512656383 0 0 0.00154027883054768 0 0.00169790492213514 0 0.000548329795513321 0 0.000780593293052165 0.00737399113181619 0 0 0 0.00243182543934881 0.00578892122420759 0.0160605818113713 0.0399492954215414 0 0.0442137427686586 0.0129791707035661 0
