0.000000000000000000e+00 2.976308930560240262e-01 2.061309417838103897e-01 1.295837129969864276e-01 1.087650424060606080e-01 4.655314971783215336e-03 1.178648960700343501e-01 1.096629387074952132e-02 1.496650189548284493e-01 2.754232891676636208e-01 4.488903707382337765e-02 1.369349644839304783e-02 1.938620609473129877e-02 3.042396296940217369e-03 0.000000000000000000e+00 3.091136297267749744e-01 1.616031027795733697e-05 7.097584977498886186e-04 4.259681536138463023e-03 9.779013845127801205e-07 8.556436073635649564e-02 6.007683968637119939e-03 8.609570898296805413e-03 0.000000000000000000e+00 1.000016830290686954e-03 1.189403286269533804e-03 1.241331947102800298e-03 0.000000000000000000e+00 1.059860946243852872e-05 7.506115390803757030e-04 1.171074742027389135e-04 4.136294080628741742e-04 1.782023794319229949e-03 2.207548746004374092e-04 0.000000000000000000e+00 1.277729269165544471e-03 6.328368193203370634e-04 0.000000000000000000e+00 7.436326454731362861e-06 0.000000000000000000e+00 9.327649225114177764e-05 6.318284616246884759e-05 3.073538016869223691e-04 1.300968016406310775e-03 2.054621317486407910e-05 3.420759626562605571e-02 3.022910099709640464e-04 9.419293174733244851e-06 0.000000000000000000e+00 4.486852177065544821e-07 0.000000000000000000e+00 0.000000000000000000e+00 0.000000000000000000e+00 0.000000000000000000e+00 2.539054889614629674e-06 0.000000000000000000e+00 0.000000000000000000e+00 0.000000000000000000e+00 0.000000000000000000e+00 0.000000000000000000e+00 0.000000000000000000e+00 0.000000000000000000e+00 0.000000000000000000e+00 9.733165754110801557e-06 0.000000000000000000e+00 0.000000000000000000e+00 1.955802769025560241e-06 0.000000000000000000e+00 0.000000000000000000e+00 5.068368070645588232e-06 1.653711147078885526e-05 0.000000000000000000e+00 0.000000000000000000e+00 8.396931172473884460e-06 4.200229856567194356e-06 0.000000000000000000e+00 0.000000000000000000e+00 0.000000000000000000e+00 0.000000000000000000e+00 0.000000000000000000e+00 1.054699900963679227e-06 0.000000000000000000e+00 0.000000000000000000e+00 0.000000000000000000e+00 0.000000000000000000e+00 0.000000000000000000e+00 0.000000000000000000e+00 0.000000000000000000e+00 0.000000000000000000e+00 0.000000000000000000e+00 0.000000000000000000e+00 9.779013845127801205e-07 0.000000000000000000e+00 5.364254325734688268e-07 0.000000000000000000e+00 0.000000000000000000e+00
2.976308930560240262e-01 0.000000000000000000e+00 6.989628400296851556e-03 1.733178304257173858e-03 1.393881451333994215e-01 8.914410886274709003e-05 4.924063083453908973e-01 1.775112689911757845e-03 2.522186888083652323e-02 3.036066389259377968e-02 1.269713023866950868e-02 4.050160034482668155e-03 5.461758826050567076e-03 2.550929754891695378e-01 0.000000000000000000e+00 1.097321305794191765e-02 0.000000000000000000e+00 6.212350403261223894e-05 4.504786028646005913e-03 0.000000000000000000e+00 6.818543756311006704e-03 5.430534539323465804e-02 2.303037117532689276e-02 8.231105390183133735e-06 3.216838296910891071e-01 5.988278641512391476e-03 2.625389182812747253e-03 0.000000000000000000e+00 3.752410817580818791e-02 6.084768949134584243e-03 1.238642692501204685e-02 3.609824228574227880e-03 1.667990274221037295e-01 5.566811744469829168e-03 3.954551134718902368e-07 1.151277957753289380e-02 8.095807089616144370e-03 2.238495546130505904e-03 4.504754428686818168e-04 7.909102269437804736e-07 1.935511118136820966e-05 9.363175240047797668e-04 4.150895679290154440e-04 5.378911416597685277e-03 4.664692192268860840e-05 1.782062258103830205e-02 8.938804532974745348e-04 0.000000000000000000e+00 0.000000000000000000e+00 7.414728284072769479e-06 0.000000000000000000e+00 0.000000000000000000e+00 0.000000000000000000e+00 0.000000000000000000e+00 5.089249103170294540e-06 0.000000000000000000e+00 7.909102269437804736e-07 4.425797086055198447e-06 0.000000000000000000e+00 0.000000000000000000e+00 2.372730680831341738e-06 7.496499134903999898e-07 0.000000000000000000e+00 1.621640357782508195e-03 0.000000000000000000e+00 0.000000000000000000e+00 2.372730680831341738e-06 0.000000000000000000e+00 3.954551134718902368e-07 2.189010832365038544e-05 2.668793637882419661e-04 0.000000000000000000e+00 3.357656650756761822e-06 4.530644622750465249e-03 4.496412367610855092e-05 0.000000000000000000e+00 0.000000000000000000e+00 4.827041084153427384e-06 0.000000000000000000e+00 0.000000000000000000e+00 3.177220367324645414e-05 1.504039159171878135e-04 0.000000000000000000e+00 9.583753788282928438e-05 8.212839248924117799e-05 0.000000000000000000e+00 0.000000000000000000e+00 0.000000000000000000e+00 0.000000000000000000e+00 7.361933086221008064e-05 2.821887719006727367e-05 1.390977601276323274e-03 3.163640907775121894e-06 1.375117924014291968e-05 1.311635815251773886e-05 0.000000000000000000e+00
2.061309417838103897e-01 6.989628400296851556e-03 0.000000000000000000e+00 1.300046200966534227e-01 5.287389687661719212e-02 1.167189675838610219e-01 2.923735875830935343e-03 1.267277202148026430e-02 3.190824646727458136e-03 3.599541583820170532e-02 1.923813085924484106e-02 1.753299513829393794e-02 1.896844546586359467e-03 3.398646904215682756e-03 2.436101068961148951e-06 1.431620209171158287e-01 3.451090160302146910e-05 8.010142050859517596e-04 6.374219306793376272e-04 6.479369686916856946e-06 2.678024308662758750e-03 1.541212362700051554e-03 2.053600995722261631e-03 2.396250028400751772e-05 4.246943454408899600e-04 4.438222378637931632e-05 5.669165906108749356e-05 1.108398117962854405e-04 4.182150569244581957e-03 1.042779429570287082e-03 3.143589896539256373e-04 3.544767998937169411e-03 5.736759329816628998e-04 1.544492495816644426e-04 1.597779087068974065e-04 5.206872666905701646e-04 7.403126620319773303e-05 4.496844033096771990e-05 1.166153294365471563e-02 6.961369081961201952e-03 4.798100965358247094e-02 2.108637920608215539e-03 2.583552985806269542e-04 1.900314440851532966e-03 8.424972271017617392e-03 2.684727649859137144e-01 1.640954123219057759e-01 1.447432390134780833e-04 0.000000000000000000e+00 2.692111306239326787e-06 3.651794126454326870e-06 2.159789895638952033e-06 0.000000000000000000e+00 2.159789895638952033e-06 7.805767525509247766e-07 0.000000000000000000e+00 0.000000000000000000e+00 0.000000000000000000e+00 0.000000000000000000e+00 0.000000000000000000e+00 0.000000000000000000e+00 0.000000000000000000e+00 0.000000000000000000e+00 7.264397047256426440e-05 0.000000000000000000e+00 0.000000000000000000e+00 0.000000000000000000e+00 0.000000000000000000e+00 0.000000000000000000e+00 4.980104482592044616e-06 2.403691090920063317e-05 0.000000000000000000e+00 0.000000000000000000e+00 4.618242054159947492e-05 7.686220422590355663e-06 2.324160324568250884e-05 0.000000000000000000e+00 0.000000000000000000e+00 0.000000000000000000e+00 0.000000000000000000e+00 8.487989301421028663e-06 5.482636490235424176e-06 6.857628769124212153e-06 2.479015136866425513e-06 2.346525499692605037e-06 0.000000000000000000e+00 0.000000000000000000e+00 1.662955584755249462e-04 4.487460781597044465e-06 3.320878208391766389e-04 4.420788314972325903e-06 6.650471811960888854e-05 1.951222973344520422e-05 6.465281521571779373e-06 0.000000000000000000e+00 0.000000000000000000e+00
1.295837129969864276e-01 1.733178304257173858e-03 1.300046200966534227e-01 0.000000000000000000e+00 2.003307866829577288e-01 4.197327367050467384e-01 6.211428252602575750e-04 1.411810220128520421e-01 7.598325183525236632e-04 1.915176345177962373e-03 1.699904716403002197e-02 6.701927888568921451e-04 8.672629707666011569e-05 1.323122124483920928e-04 1.098665491649173931e-01 3.040277925150092469e-04 8.475253232740766196e-03 2.884320081512337357e-04 1.679619385726665811e-05 3.110087495202235736e-02 4.964139473409454007e-04 3.343145166032911761e-05 4.335886234419125392e-05 1.208331984631025058e-05 0.000000000000000000e+00 0.000000000000000000e+00 6.578739618748881883e-06 3.277627985479295741e-05 0.000000000000000000e+00 0.000000000000000000e+00 0.000000000000000000e+00 0.000000000000000000e+00 8.667084980951502321e-06 3.760844687545358835e-06 0.000000000000000000e+00 5.262991694999104998e-06 0.000000000000000000e+00 0.000000000000000000e+00 0.000000000000000000e+00 0.000000000000000000e+00 0.000000000000000000e+00 8.514503238781712794e-06 2.785039725101524963e-06 5.586779445121065891e-06 1.492231566731593191e-02 7.068150099561998356e-02 2.006331054939124083e-04 1.459386402317803741e-02 0.000000000000000000e+00 0.000000000000000000e+00 0.000000000000000000e+00 7.467800900404527708e-05 0.000000000000000000e+00 4.469833682189702475e-05 0.000000000000000000e+00 2.555189018165266086e-04 0.000000000000000000e+00 0.000000000000000000e+00 0.000000000000000000e+00 0.000000000000000000e+00 0.000000000000000000e+00 0.000000000000000000e+00 6.749386774519297398e-05 0.000000000000000000e+00 1.591057985764399223e-05 1.315747923749776250e-06 0.000000000000000000e+00 1.052245881696081047e-04 0.000000000000000000e+00 0.000000000000000000e+00 0.000000000000000000e+00 5.235257510051464439e-05 0.000000000000000000e+00 0.000000000000000000e+00 0.000000000000000000e+00 2.631495847499552499e-06 0.000000000000000000e+00 0.000000000000000000e+00 0.000000000000000000e+00 0.000000000000000000e+00 0.000000000000000000e+00 0.000000000000000000e+00 4.744562308311882114e-06 0.000000000000000000e+00 0.000000000000000000e+00 0.000000000000000000e+00 1.315747923749776250e-06 0.000000000000000000e+00 0.000000000000000000e+00 0.000000000000000000e+00 0.000000000000000000e+00 0.000000000000000000e+00 4.351342988573855060e-04 0.000000000000000000e+00 0.000000000000000000e+00 1.363194469391403648e-03
1.087650424060606080e-01 1.393881451333994215e-01 5.287389687661719212e-02 2.003307866829577288e-01 0.000000000000000000e+00 1.047709588144886059e-02 2.967443079509133122e-02 3.845881617326607493e-02 1.801280632955951696e-03 4.224162590695761110e-02 2.752661113853273056e-01 4.008750406305866543e-02 5.229379898005850381e-03 2.254130766979121070e-01 7.308303206883446852e-06 5.119001159853801830e-02 1.292824822236586991e-05 1.021264659057246303e-03 2.260696563237903772e-03 3.031750001894843773e-05 8.300093684948474382e-03 5.441338079771674066e-03 6.903162475329080797e-03 2.294543229103442180e-05 9.229631067594312168e-04 0.000000000000000000e+00 2.823317189264572973e-04 0.000000000000000000e+00 4.675168451003556495e-04 2.570879971569788077e-05 9.586554534158715692e-04 1.013610066059520464e-05 6.108784287557297334e-04 1.720291403755381003e-04 0.000000000000000000e+00 2.241537621657680726e-04 3.789687502368554716e-06 0.000000000000000000e+00 0.000000000000000000e+00 0.000000000000000000e+00 0.000000000000000000e+00 3.422994712786265670e-05 1.473319805964168980e-05 1.149989579716503287e-04 5.577530320559465180e-05 2.639430450886038892e-01 4.672957946050496233e-05 1.894843751184277358e-06 0.000000000000000000e+00 0.000000000000000000e+00 0.000000000000000000e+00 0.000000000000000000e+00 0.000000000000000000e+00 0.000000000000000000e+00 0.000000000000000000e+00 0.000000000000000000e+00 0.000000000000000000e+00 0.000000000000000000e+00 0.000000000000000000e+00 0.000000000000000000e+00 0.000000000000000000e+00 0.000000000000000000e+00 0.000000000000000000e+00 1.111051855012177149e-06 0.000000000000000000e+00 0.000000000000000000e+00 0.000000000000000000e+00 0.000000000000000000e+00 0.000000000000000000e+00 1.894843751184277358e-06 6.218119570956775666e-06 0.000000000000000000e+00 0.000000000000000000e+00 0.000000000000000000e+00 3.789687502368554716e-06 0.000000000000000000e+00 0.000000000000000000e+00 0.000000000000000000e+00 0.000000000000000000e+00 0.000000000000000000e+00 5.273499504818396133e-07 0.000000000000000000e+00 0.000000000000000000e+00 0.000000000000000000e+00 0.000000000000000000e+00 0.000000000000000000e+00 0.000000000000000000e+00 0.000000000000000000e+00 0.000000000000000000e+00 0.000000000000000000e+00 0.000000000000000000e+00 0.000000000000000000e+00 0.000000000000000000e+00 5.364254325734688268e-07 0.000000000000000000e+00 0.000000000000000000e+00
4.655314971783215336e-03 8.914410886274709003e-05 1.167189675838610219e-01 4.197327367050467384e-01 1.047709588144886059e-02 0.000000000000000000e+00 4.634499666156094140e-05 1.171279971604209658e-02 1.181050773166718992e-04 2.020007162744798094e-04 1.074663416821671424e-04 1.006526422582020502e-04 2.307985525355608653e-05 9.648803470420973618e-05 1.251074802304976141e-01 1.283444499720233500e-02 2.200513548988944079e-01 5.413563728237171961e-05 2.374127384467870591e-05 1.053264840316390921e-01 4.960326839999266687e-05 7.466359189452540348e-05 1.043664340907378798e-04 7.569318275414586214e-06 1.974135008974094895e-05 4.392997387274110940e-06 2.082282489315855897e-06 7.849742882797150235e-06 1.648084311079289286e-05 1.036997259228382838e-05 1.530275689006104010e-05 3.548232250344026393e-05 3.541411940864891319e-05 1.121725761101534889e-05 1.132609174434751261e-05 3.174974902261369869e-05 3.240383318996265516e-06 0.000000000000000000e+00 8.612126247567786805e-05 1.199770718360391145e-05 2.347090655314009084e-04 4.912279999032248545e-02 6.675676279685462903e-04 5.359889800665697993e-06 2.791013106130760604e-02 7.476396106460744817e-02 1.259404043816868095e-03 2.385080191919109749e-01 0.000000000000000000e+00 4.486852177065544821e-07 1.752051192165893570e-03 7.395404880763997713e-03 0.000000000000000000e+00 4.433952171630477224e-02 0.000000000000000000e+00 1.616655091815827339e-03 0.000000000000000000e+00 0.000000000000000000e+00 4.837227301310888906e-06 3.904224683445462777e-06 0.000000000000000000e+00 0.000000000000000000e+00 1.452910985991519841e-04 3.562076160190779009e-06 3.019244698000777107e-04 6.448561970680537908e-06 0.000000000000000000e+00 2.493044379456900721e-04 0.000000000000000000e+00 6.225130603240055770e-07 1.600764952211830353e-06 1.588072267240200506e-04 0.000000000000000000e+00 1.339972450166424498e-06 0.000000000000000000e+00 1.339972450166424498e-06 0.000000000000000000e+00 0.000000000000000000e+00 0.000000000000000000e+00 6.631547598234320682e-06 5.273499504818396133e-07 0.000000000000000000e+00 9.537573669457061572e-06 0.000000000000000000e+00 0.000000000000000000e+00 2.001577242867379375e-06 1.377900135309793295e-05 1.414963522240396662e-06 0.000000000000000000e+00 5.185997091557910041e-03 1.795114774992258788e-04 9.818094403633768040e-06 3.745259077111652915e-03 9.918414846272936511e-06 1.051923300832633941e-04 8.938049115687279195e-03
1.178648960700343501e-01 4.924063083453908973e-01 2.923735875830935343e-03 6.211428252602575750e-04 2.967443079509133122e-02 4.634499666156094140e-05 0.000000000000000000e+00 2.255826044070336628e-03 3.056003623286591142e-01 4.426175935822311558e-02 1.182730504101486488e-02 2.545089124132263441e-03 5.489624489054188011e-02 8.668525531736460260e-03 0.000000000000000000e+00 2.068955655530494223e-02 0.000000000000000000e+00 1.749583218372874392e-04 8.227732087151537477e-03 0.000000000000000000e+00 1.485220263019997600e-01 2.101530417026299391e-01 1.190608828329275948e-02 0.000000000000000000e+00 7.725666402537462521e-03 1.301236438468206399e-04 2.876880875042209761e-03 0.000000000000000000e+00 5.450713437825528668e-05 8.073265278415595525e-04 1.859269107490371838e-03 7.063934493780794368e-05 5.135775618298694251e-02 2.589793482005016585e-03 0.000000000000000000e+00 9.130356272032815607e-03 1.088707690863125778e-03 2.084900415344867106e-04 3.904071388733965650e-05 0.000000000000000000e+00 3.454684898190436083e-06 8.021212601649326066e-04 3.082297358963598331e-04 5.242612112965438879e-03 1.285122071797380791e-05 8.332778129253815003e-03 7.720327793565662591e-05 0.000000000000000000e+00 0.000000000000000000e+00 1.280403631120509065e-06 0.000000000000000000e+00 0.000000000000000000e+00 0.000000000000000000e+00 0.000000000000000000e+00 1.055663107006626012e-05 0.000000000000000000e+00 2.495155240241863589e-06 0.000000000000000000e+00 0.000000000000000000e+00 0.000000000000000000e+00 8.317184134139546145e-06 0.000000000000000000e+00 0.000000000000000000e+00 1.359939187898292260e-05 0.000000000000000000e+00 0.000000000000000000e+00 1.338948360992827063e-05 0.000000000000000000e+00 0.000000000000000000e+00 3.636599284134068449e-05 6.664758754527813720e-05 0.000000000000000000e+00 2.495155240241863589e-06 9.563115965811167548e-05 2.000100889959154389e-05 0.000000000000000000e+00 0.000000000000000000e+00 0.000000000000000000e+00 0.000000000000000000e+00 0.000000000000000000e+00 1.939153309425818131e-05 8.317184134139545298e-07 0.000000000000000000e+00 4.974170377108289102e-06 0.000000000000000000e+00 0.000000000000000000e+00 0.000000000000000000e+00 0.000000000000000000e+00 0.000000000000000000e+00 3.649952359392857981e-06 8.317184134139545298e-07 1.121627266070679310e-05 0.000000000000000000e+00 8.317184134139545298e-07 0.000000000000000000e+00 0.000000000000000000e+00
1.096629387074952132e-02 1.775112689911757845e-03 1.267277202148026430e-02 1.411810220128520421e-01 3.845881617326607493e-02 1.171279971604209658e-02 2.255826044070336628e-03 0.000000000000000000e+00 7.163306876918417799e-04 8.450848431469107358e-03 1.366429193855984436e-01 7.929835640266127972e-02 1.232898172776005375e-03 1.977685375197248130e-03 4.052627661022965150e-02 6.094490143057561607e-03 8.177850528443459961e-04 3.195633983909051401e-01 3.068182006018370508e-04 3.123237565973405877e-02 2.432077989924957481e-03 2.551168419685846439e-04 4.214809736310603334e-04 3.491297755597806973e-01 2.945207362233017076e-06 0.000000000000000000e+00 1.109198106746317359e-05 1.237530706021517865e-03 0.000000000000000000e+00 0.000000000000000000e+00 0.000000000000000000e+00 1.471653019537665437e-05 4.784207017371001674e-05 1.408689314102160375e-05 2.979591494163026113e-04 2.254943541547333035e-05 1.288098964559529436e-05 0.000000000000000000e+00 7.060139702829782218e-05 1.329631638850772745e-06 0.000000000000000000e+00 9.399407915693398091e-04 3.103978045367672748e-05 2.267443606582819152e-05 5.495736615491195187e-02 6.510768884305424831e-02 2.561880429328080785e-03 2.457077698702783784e-04 0.000000000000000000e+00 0.000000000000000000e+00 0.000000000000000000e+00 1.846608952997816149e-04 0.000000000000000000e+00 9.462278396658465966e-05 0.000000000000000000e+00 5.523446282545051373e-04 0.000000000000000000e+00 0.000000000000000000e+00 0.000000000000000000e+00 0.000000000000000000e+00 0.000000000000000000e+00 0.000000000000000000e+00 5.381977387293821607e-03 0.000000000000000000e+00 2.796480780713882382e-04 2.149520656893512918e-06 0.000000000000000000e+00 3.937417774562327819e-03 0.000000000000000000e+00 0.000000000000000000e+00 0.000000000000000000e+00 2.186693590576262343e-03 0.000000000000000000e+00 0.000000000000000000e+00 0.000000000000000000e+00 7.269770992248123290e-05 0.000000000000000000e+00 6.033801355191784230e-07 0.000000000000000000e+00 0.000000000000000000e+00 0.000000000000000000e+00 0.000000000000000000e+00 2.503160956479592077e-03 0.000000000000000000e+00 0.000000000000000000e+00 0.000000000000000000e+00 5.511600541239173349e-06 7.074817611201983524e-06 0.000000000000000000e+00 1.182819546092999108e-05 1.478524432616248885e-06 0.000000000000000000e+00 2.455729266591204652e-03 4.029899730379435000e-06 1.478524432616248885e-06 1.422721570369377651e-03
1.496650189548284493e-01 2.522186888083652323e-02 3.190824646727458136e-03 7.598325183525236632e-04 1.801280632955951696e-03 1.181050773166718992e-04 3.056003623286591142e-01 7.163306876918417799e-04 0.000000000000000000e+00 4.042834272842711629e-02 1.047348408324345502e-03 2.393113073311217329e-04 1.886468903866292957e-01 5.909723538384316919e-04 0.000000000000000000e+00 7.259249790516922492e-03 0.000000000000000000e+00 4.057679988547244568e-05 1.252543775397567394e-03 0.000000000000000000e+00 2.970236166608913875e-01 4.437021738550261940e-03 8.515674691578656308e-03 0.000000000000000000e+00 4.905495775764382371e-04 6.106049874215372460e-06 2.866646832265836581e-04 0.000000000000000000e+00 0.000000000000000000e+00 0.000000000000000000e+00 1.684453610288781433e-05 0.000000000000000000e+00 1.917209442692668128e-03 3.790189260583811922e-04 0.000000000000000000e+00 1.349048651020536786e-03 1.900410868829841018e-06 0.000000000000000000e+00 0.000000000000000000e+00 0.000000000000000000e+00 0.000000000000000000e+00 2.323312147467107385e-05 1.989794239859499529e-05 1.687442131058709718e-04 0.000000000000000000e+00 1.745765891797618425e-03 1.161755024590481350e-05 0.000000000000000000e+00 0.000000000000000000e+00 0.000000000000000000e+00 0.000000000000000000e+00 0.000000000000000000e+00 0.000000000000000000e+00 0.000000000000000000e+00 2.341730257652774330e-06 0.000000000000000000e+00 0.000000000000000000e+00 0.000000000000000000e+00 0.000000000000000000e+00 0.000000000000000000e+00 3.872516748634937551e-06 0.000000000000000000e+00 0.000000000000000000e+00 0.000000000000000000e+00 0.000000000000000000e+00 0.000000000000000000e+00 1.161755024590481350e-05 0.000000000000000000e+00 0.000000000000000000e+00 8.367546557593881208e-06 3.979234412115727074e-05 0.000000000000000000e+00 0.000000000000000000e+00 3.872516748634937551e-06 8.867247041040691736e-06 0.000000000000000000e+00 0.000000000000000000e+00 0.000000000000000000e+00 0.000000000000000000e+00 0.000000000000000000e+00 5.273499504818396133e-07 0.000000000000000000e+00 0.000000000000000000e+00 1.239507568433212756e-06 0.000000000000000000e+00 0.000000000000000000e+00 0.000000000000000000e+00 0.000000000000000000e+00 0.000000000000000000e+00 0.000000000000000000e+00 0.000000000000000000e+00 0.000000000000000000e+00 0.000000000000000000e+00 0.000000000000000000e+00 0.000000000000000000e+00 0.000000000000000000e+00
2.754232891676636208e-01 3.036066389259377968e-02 3.599541583820170532e-02 1.915176345177962373e-03 4.224162590695761110e-02 2.020007162744798094e-04 4.426175935822311558e-02 8.450848431469107358e-03 4.042834272842711629e-02 0.000000000000000000e+00 2.411408450278249363e-02 7.820420044071942078e-03 6.628996747890168739e-02 3.408879435377646337e-03 0.000000000000000000e+00 4.210714287575870185e-01 0.000000000000000000e+00 1.074409523487062203e-03 8.254391832466501100e-02 2.348332918461184249e-06 1.915007402071567943e-01 8.101945173292176769e-03 1.639032129616212474e-01 0.000000000000000000e+00 2.457208960548252271e-04 8.871684451640576841e-02 3.063335645890647579e-02 0.000000000000000000e+00 0.000000000000000000e+00 0.000000000000000000e+00 5.009873357680743342e-05 5.886612078150662044e-07 1.024671208088719435e-03 4.128222323815079970e-04 0.000000000000000000e+00 6.929975036668045447e-04 1.257663167220963866e-05 0.000000000000000000e+00 0.000000000000000000e+00 0.000000000000000000e+00 0.000000000000000000e+00 2.108094104191179149e-04 5.168860456552548319e-03 1.015118262061779665e-02 2.090775667949984520e-05 2.987592815176384753e-02 2.182769846120765316e-05 1.174166459230592125e-06 1.824724284160663382e-06 3.438573913749047454e-05 0.000000000000000000e+00 0.000000000000000000e+00 2.400925796987318269e-06 0.000000000000000000e+00 2.655941756915667555e-05 0.000000000000000000e+00 0.000000000000000000e+00 4.022275884996127801e-05 1.174166459230592125e-06 0.000000000000000000e+00 5.259310294048038683e-06 6.945615577393568892e-06 0.000000000000000000e+00 2.208578399060167827e-03 0.000000000000000000e+00 0.000000000000000000e+00 2.222124663864101499e-05 0.000000000000000000e+00 2.524551261013354804e-06 1.026285713996107399e-04 1.822973111466628764e-03 0.000000000000000000e+00 3.522499377691776798e-06 1.015021545392980626e-03 1.393413876438778157e-05 0.000000000000000000e+00 0.000000000000000000e+00 0.000000000000000000e+00 0.000000000000000000e+00 0.000000000000000000e+00 4.947192791046455142e-05 5.870832296152960623e-06 0.000000000000000000e+00 1.239507568433212883e-05 7.043191336614973536e-06 0.000000000000000000e+00 0.000000000000000000e+00 0.000000000000000000e+00 0.000000000000000000e+00 4.109582607307072521e-05 3.619393908562873501e-05 6.677491216580497702e-04 2.061085992569010537e-06 4.156078337371573773e-05 1.613703942565447442e-05 0.000000000000000000e+00
4.488903707382337765e-02 1.269713023866950868e-02 1.923813085924484106e-02 1.699904716403002197e-02 2.752661113853273056e-01 1.074663416821671424e-04 1.182730504101486488e-02 1.366429193855984436e-01 1.047348408324345502e-03 2.411408450278249363e-02 0.000000000000000000e+00 3.238411951818296330e-01 2.501891383060284458e-03 1.920094552629358908e-01 2.436101068961148951e-06 3.391474145970460596e-02 0.000000000000000000e+00 1.377060779327288730e-03 8.519353578259696545e-04 1.361038018328645380e-05 5.365874520111866414e-03 1.270849451490712765e-03 2.233449417514153223e-03 4.769754923002355500e-04 8.371022892639883007e-05 1.512264464809605907e-06 1.255179505791972905e-04 7.811810844991556521e-06 5.237647687824933083e-04 3.444431919237465710e-05 2.853161582023695230e-05 2.917934123211771635e-05 3.201913665577634156e-04 6.200284305719384621e-05 5.817631817394606185e-04 1.110034836547870043e-04 3.412675333639446925e-06 4.088040030087974768e-06 1.608036940884493985e-03 5.826995742633623123e-05 3.454684898190436083e-06 4.216232390935102203e-04 1.361038018328645380e-05 6.607735803750529454e-05 5.940500731892788162e-03 2.441409030925378587e-01 4.211281486135258489e-02 4.323726014129936891e-06 0.000000000000000000e+00 0.000000000000000000e+00 0.000000000000000000e+00 0.000000000000000000e+00 0.000000000000000000e+00 0.000000000000000000e+00 0.000000000000000000e+00 0.000000000000000000e+00 0.000000000000000000e+00 0.000000000000000000e+00 0.000000000000000000e+00 0.000000000000000000e+00 0.000000000000000000e+00 0.000000000000000000e+00 0.000000000000000000e+00 0.000000000000000000e+00 0.000000000000000000e+00 0.000000000000000000e+00 0.000000000000000000e+00 0.000000000000000000e+00 0.000000000000000000e+00 0.000000000000000000e+00 1.512264464809605907e-06 0.000000000000000000e+00 0.000000000000000000e+00 3.024528929619211814e-06 3.024528929619211814e-06 2.226120406400541415e-06 0.000000000000000000e+00 0.000000000000000000e+00 0.000000000000000000e+00 0.000000000000000000e+00 0.000000000000000000e+00 0.000000000000000000e+00 0.000000000000000000e+00 0.000000000000000000e+00 0.000000000000000000e+00 0.000000000000000000e+00 1.377900135309793337e-06 0.000000000000000000e+00 0.000000000000000000e+00 2.722076036657290759e-05 3.722658622295768647e-06 0.000000000000000000e+00 4.434597666692091638e-06 0.000000000000000000e+00 0.000000000000000000e+00 0.000000000000000000e+00
1.369349644839304783e-02 4.050160034482668155e-03 1.753299513829393794e-02 6.701927888568921451e-04 4.008750406305866543e-02 1.006526422582020502e-04 2.545089124132263441e-03 7.929835640266127972e-02 2.393113073311217329e-04 7.820420044071942078e-03 3.238411951818296330e-01 0.000000000000000000e+00 1.357805451403347984e-03 6.497602777485296521e-02 3.384502348923516633e-06 1.670420765099328575e-02 0.000000000000000000e+00 3.358671419086224352e-01 4.618307382595497265e-04 1.481829628328757776e-04 1.568328704308517016e-03 5.189505108427962428e-04 8.917748509441744079e-04 5.586386042478663772e-02 2.358434018014865443e-04 0.000000000000000000e+00 3.319404479868285788e-05 2.466205532026639283e-04 1.330996213518538807e-01 1.756537400625155301e-02 2.949264211228923782e-05 6.271109022646574604e-02 5.075525378882428038e-03 1.896802559924735027e-05 1.521878780485686443e-03 5.506255410738016698e-05 1.614086330388577739e-05 2.444311069204680997e-01 1.709222528075963338e-02 5.116910603073293248e-04 2.812799977680577063e-03 9.208432530419903214e-04 2.285501048191321326e-05 4.152239984903789255e-05 2.773506274597326710e-02 1.154415975635029318e-01 3.501115112723744704e-02 1.949814649352781727e-05 0.000000000000000000e+00 0.000000000000000000e+00 0.000000000000000000e+00 0.000000000000000000e+00 0.000000000000000000e+00 0.000000000000000000e+00 0.000000000000000000e+00 1.896802559924734942e-06 0.000000000000000000e+00 0.000000000000000000e+00 0.000000000000000000e+00 0.000000000000000000e+00 0.000000000000000000e+00 0.000000000000000000e+00 2.373661848133114954e-06 0.000000000000000000e+00 0.000000000000000000e+00 0.000000000000000000e+00 0.000000000000000000e+00 4.809518385238524009e-06 0.000000000000000000e+00 0.000000000000000000e+00 0.000000000000000000e+00 4.742006399811837567e-06 0.000000000000000000e+00 0.000000000000000000e+00 0.000000000000000000e+00 9.648671722861576675e-06 0.000000000000000000e+00 0.000000000000000000e+00 0.000000000000000000e+00 0.000000000000000000e+00 0.000000000000000000e+00 0.000000000000000000e+00 7.222419504411575960e-06 0.000000000000000000e+00 0.000000000000000000e+00 0.000000000000000000e+00 3.793605119849469884e-06 4.244890566721189776e-06 2.845203839887102201e-06 7.632066726019046165e-05 2.117079326945542914e-05 0.000000000000000000e+00 4.200175838544310163e-05 0.000000000000000000e+00 0.000000000000000000e+00 2.054813548979601883e-05
1.938620609473129877e-02 5.461758826050567076e-03 1.896844546586359467e-03 8.672629707666011569e-05 5.229379898005850381e-03 2.307985525355608653e-05 5.489624489054188011e-02 1.232898172776005375e-03 1.886468903866292957e-01 6.628996747890168739e-02 2.501891383060284458e-03 1.357805451403347984e-03 0.000000000000000000e+00 3.600221201602151443e-03 0.000000000000000000e+00 5.123855402572745354e-02 0.000000000000000000e+00 3.325044192556328828e-04 3.601140457302386966e-01 7.611137834661730816e-07 3.790269684016246421e-01 1.688025899613431746e-01 1.380691682038285573e-01 0.000000000000000000e+00 0.000000000000000000e+00 8.380821421370898754e-06 1.197097934797461132e-05 1.522227566932346163e-06 0.000000000000000000e+00 0.000000000000000000e+00 0.000000000000000000e+00 0.000000000000000000e+00 1.572339480186176727e-05 9.894479185060250378e-06 0.000000000000000000e+00 1.322309697652234628e-05 0.000000000000000000e+00 0.000000000000000000e+00 0.000000000000000000e+00 0.000000000000000000e+00 0.000000000000000000e+00 3.423233413928607806e-05 6.418532700415653712e-05 1.386098016359341341e-04 7.611137834661730816e-07 5.583125230832016242e-03 1.522227566932346163e-06 0.000000000000000000e+00 0.000000000000000000e+00 0.000000000000000000e+00 0.000000000000000000e+00 0.000000000000000000e+00 0.000000000000000000e+00 0.000000000000000000e+00 0.000000000000000000e+00 0.000000000000000000e+00 0.000000000000000000e+00 0.000000000000000000e+00 0.000000000000000000e+00 0.000000000000000000e+00 0.000000000000000000e+00 0.000000000000000000e+00 0.000000000000000000e+00 0.000000000000000000e+00 0.000000000000000000e+00 0.000000000000000000e+00 7.611137834661730816e-07 0.000000000000000000e+00 0.000000000000000000e+00 1.522227566932346163e-06 6.701035970412812222e-06 0.000000000000000000e+00 0.000000000000000000e+00 0.000000000000000000e+00 2.283341350398519351e-06 0.000000000000000000e+00 0.000000000000000000e+00 0.000000000000000000e+00 0.000000000000000000e+00 0.000000000000000000e+00 0.000000000000000000e+00 0.000000000000000000e+00 0.000000000000000000e+00 0.000000000000000000e+00 0.000000000000000000e+00 0.000000000000000000e+00 0.000000000000000000e+00 0.000000000000000000e+00 0.000000000000000000e+00 0.000000000000000000e+00 0.000000000000000000e+00 0.000000000000000000e+00 0.000000000000000000e+00 0.000000000000000000e+00 0.000000000000000000e+00 0.000000000000000000e+00
3.042396296940217369e-03 2.550929754891695378e-01 3.398646904215682756e-03 1.323122124483920928e-04 2.254130766979121070e-01 9.648803470420973618e-05 8.668525531736460260e-03 1.977685375197248130e-03 5.909723538384316919e-04 3.408879435377646337e-03 1.920094552629358908e-01 6.497602777485296521e-02 3.600221201602151443e-03 0.000000000000000000e+00 0.000000000000000000e+00 1.158492714894140269e-02 0.000000000000000000e+00 6.995083594828815031e-05 2.734992339891304663e-03 1.608539414041262331e-06 2.742003287360020997e-03 8.401644780072775251e-03 9.251312946724002395e-03 2.883632592063735793e-05 1.686518616825752326e-01 1.684733208975590195e-03 1.274860049605513763e-03 0.000000000000000000e+00 1.296231732070988185e-01 1.671351452738870005e-03 2.837576202375285961e-01 3.202998916913997723e-04 3.090130430182004562e-03 1.068501217907971961e-03 1.997223858836217581e-05 1.542530412431966039e-03 6.673490720648791259e-05 0.000000000000000000e+00 9.189926877747982812e-05 6.648158194253864147e-06 2.763747918552348867e-05 5.703607275117704521e-05 7.987166347459434025e-04 4.985255215272056326e-03 7.570408522912855636e-05 3.190502021404265642e-01 7.428835261566333649e-03 0.000000000000000000e+00 0.000000000000000000e+00 3.047695795553403629e-06 0.000000000000000000e+00 0.000000000000000000e+00 0.000000000000000000e+00 0.000000000000000000e+00 4.754539378714668250e-06 0.000000000000000000e+00 0.000000000000000000e+00 3.083805109392995147e-06 0.000000000000000000e+00 0.000000000000000000e+00 1.608539414041262331e-06 0.000000000000000000e+00 0.000000000000000000e+00 2.508541796943153813e-03 0.000000000000000000e+00 0.000000000000000000e+00 1.608539414041262331e-06 0.000000000000000000e+00 0.000000000000000000e+00 9.882965844949960420e-06 3.652458646785651216e-04 0.000000000000000000e+00 8.042697070206311656e-07 1.803620404789201860e-03 7.623724013343969881e-05 0.000000000000000000e+00 0.000000000000000000e+00 0.000000000000000000e+00 0.000000000000000000e+00 0.000000000000000000e+00 9.545278233864600446e-06 5.621589823369162588e-05 0.000000000000000000e+00 1.939688323351882230e-05 1.957647370456147104e-05 0.000000000000000000e+00 0.000000000000000000e+00 0.000000000000000000e+00 0.000000000000000000e+00 8.965191359781374682e-05 6.735624042615727847e-05 2.325217076676698059e-03 5.629887949144417735e-06 9.117021702711538455e-06 4.021348535103155404e-06 0.000000000000000000e+00
0.000000000000000000e+00 0.000000000000000000e+00 2.436101068961148951e-06 1.098665491649173931e-01 7.308303206883446852e-06 1.251074802304976141e-01 0.000000000000000000e+00 4.052627661022965150e-02 0.000000000000000000e+00 0.000000000000000000e+00 2.436101068961148951e-06 3.384502348923516633e-06 0.000000000000000000e+00 0.000000000000000000e+00 0.000000000000000000e+00 0.000000000000000000e+00 1.064076437299158254e-02 7.406529596492267960e-06 0.000000000000000000e+00 3.657376901183544970e-01 0.000000000000000000e+00 0.000000000000000000e+00 0.000000000000000000e+00 1.349952033207055813e-01 0.000000000000000000e+00 0.000000000000000000e+00 0.000000000000000000e+00 9.438252146396302472e-03 0.000000000000000000e+00 0.000000000000000000e+00 0.000000000000000000e+00 0.000000000000000000e+00 0.000000000000000000e+00 0.000000000000000000e+00 2.107158773304599643e-03 0.000000000000000000e+00 0.000000000000000000e+00 0.000000000000000000e+00 1.228923362148020540e-04 7.531465415623843391e-06 0.000000000000000000e+00 1.461660641376689370e-05 2.436101068961148951e-06 0.000000000000000000e+00 1.477066836074245916e-02 8.412720818681967971e-04 1.705270748272804350e-05 8.568309341981142054e-04 0.000000000000000000e+00 0.000000000000000000e+00 0.000000000000000000e+00 1.725314952337116212e-03 0.000000000000000000e+00 1.051549641835603259e-03 0.000000000000000000e+00 4.481613950852054822e-03 0.000000000000000000e+00 0.000000000000000000e+00 0.000000000000000000e+00 0.000000000000000000e+00 0.000000000000000000e+00 0.000000000000000000e+00 6.161756000280230704e-03 0.000000000000000000e+00 7.612253751935433438e-03 2.149520656893512918e-06 0.000000000000000000e+00 6.876764381174021654e-03 0.000000000000000000e+00 0.000000000000000000e+00 0.000000000000000000e+00 1.196032889841210567e-03 0.000000000000000000e+00 0.000000000000000000e+00 0.000000000000000000e+00 3.128503301484612375e-04 0.000000000000000000e+00 0.000000000000000000e+00 0.000000000000000000e+00 0.000000000000000000e+00 0.000000000000000000e+00 0.000000000000000000e+00 2.650052731642299660e-04 0.000000000000000000e+00 0.000000000000000000e+00 0.000000000000000000e+00 2.436101068961148951e-06 3.851064591201545825e-06 0.000000000000000000e+00 0.000000000000000000e+00 2.436101068961148951e-06 0.000000000000000000e+00 4.257034384885166091e-03 0.000000000000000000e+00 0.000000000000000000e+00 1.765204076170766344e-03
3.091136297267749744e-01 1.097321305794191765e-02 1.431620209171158287e-01 3.040277925150092469e-04 5.119001159853801830e-02 1.283444499720233500e-02 2.068955655530494223e-02 6.094490143057561607e-03 7.259249790516922492e-03 4.210714287575870185e-01 3.391474145970460596e-02 1.670420765099328575e-02 5.123855402572745354e-02 1.158492714894140269e-02 0.000000000000000000e+00 0.000000000000000000e+00 0.000000000000000000e+00 5.059506133230898175e-04 2.168626663197719892e-02 2.762692812532308122e-06 4.776811653555667475e-02 1.875607019407285123e-02 1.229739519509130408e-01 6.596518619212819907e-05 6.798461929817239263e-03 1.195204033159052576e-01 2.671465339599270183e-02 4.033039425378418262e-05 2.763556045185327180e-03 3.067721565256096954e-03 5.025248421962062902e-03 3.303939698917238849e-03 1.206200154733751834e-02 2.435861807894320469e-02 3.457450249624630361e-04 1.497941405006651162e-02 6.273102366530202909e-03 2.044020015043987299e-05 6.967531212223361178e-03 5.152143566169115584e-03 2.777650408210164193e-02 1.410939936265582367e-02 1.132589340680959233e-01 1.634639011572327494e-01 4.486025921870631303e-03 8.089466019166693944e-02 8.961690138134409400e-02 1.860460005554510172e-04 4.717584295969256923e-05 7.603781993290659787e-04 1.221915931896302380e-05 2.398886916470757611e-06 2.283224148610139370e-05 1.254959726786100097e-05 2.722314957847579773e-04 1.086974244145285048e-05 1.223909313215528012e-06 8.393949294787691594e-04 3.108268264707495394e-05 9.137642496470232430e-06 7.012413725397384346e-06 1.265222257597030115e-04 0.000000000000000000e+00 6.035309412518847366e-02 0.000000000000000000e+00 4.299041313787025837e-06 8.169078829345084551e-05 0.000000000000000000e+00 1.258438998777562420e-05 9.068216032699658122e-04 3.104218326194195521e-02 4.082688041806725217e-06 1.252222704398420986e-04 8.132571891753777316e-02 8.849291544133746756e-04 1.446978264160351941e-05 1.037303508782848838e-06 6.638896394928679473e-05 4.895637252862112046e-06 0.000000000000000000e+00 8.864784164511291210e-04 4.494799497696430786e-03 0.000000000000000000e+00 1.248137326646592228e-03 3.076472340973419872e-03 2.001577242867379375e-06 1.240110121778813898e-05 1.231018264349145069e-04 9.310683543832369726e-06 2.538573497386093988e-02 9.820234761257341620e-04 3.462653295554792010e-02 7.852654726966441399e-05 8.992974227939062957e-04 7.139862176481575305e-04 2.686857505199069222e-06
