1,0.372881463292907,0,0,0.216209559418172,0,0.311463936634068,0,0.283556755244202,0.28700235388186,0.166907856134708,0.32264889665757,0.123853417237578,0.425168264967321,0,0.246027438046574,0,0.1841727962675,0.189955269495343,0,0.340926706386182,0,0,0,0.33119888432009,0.277667036311931,0,0,0.12713022287244,0,0,0.179575600968581,0.198312115474125,0,0,0,0,0,0,0.120254325225682,0,0.238608770156042,0.225770487169426,0.229819714519095,0,0.133207494850947,0.276036218107137,0,0.503133647496958,0.123807312064268,0.108304842887177,0.125088555685427,0.110414038488269,0,0,0.227547378096761,0,0,0,0.118771053269298,0,0,0.20998457424754,0.151752548342975,0.25235304447346,0,0,0,0.176166881897635,0,0,0,0.133523771722317,0.257655504158383,0,0,0,0,0,0.130761922490873,0,0,0,0,0,0.16831974066132,0,0.151870514523767,0.132191309570154,0.216181219894777,0.14321575693233,0,0.135449806625336,0,0.163293224610713,0.221738085026797
0.372881463292907,1,0,0,0,0.263409423391078,0.389146179386795,0.3066901247884,0.32623464018536,0,0.26420804818971,0.392333856510659,0.377603779357661,0.222045352114363,0.449661185380719,0,0,0.554639874614631,0,0.42163214159886,0.248603272428636,0,0.130778994304308,0.604573410444038,0.198651791910101,0.506657633314397,0.568024265696183,0.20569611635892,0.168391037416661,0.216870923279392,0,0.404818494621105,0.615340044664778,0.551467274158441,0.366624855179933,0.381562339987593,0.28289073204773,0.331247743315681,0.604006087637519,0.286299453054591,0.214904387122867,0.370550031056311,0.319915958898137,0,0.307919435248023,0.270244677703896,0,0,0.538918477446472,0.728159330811488,0.128093690166014,0,0.123928593026391,0.206115211442515,0.49948915595791,0.255403534797264,0.496097029984372,0.199191057587058,0,0.46934027870078,0.420278179093775,0,0.39785210957349,0.141238239902496,0,0.595530683816132,0.351495438231877,0.284496843156161,0,0,0.152510472200565,0.28891551766321,0.22762302341651,0.563907339831637,0.539070348090336,0.274353625214588,0,0,0,0,0.670906009786114,0.637605492925898,0.320865262483214,0.407391212377507,0.38038202498926,0,0.467898349127715,0,0,0.277507065141194,0.34665202997288,0.219214214543311,0,0,0,0.192131662258648
0,0,1,0.431428113060631,0,0,0,0.118795815991129,0,0.462390891756946,0,0,0,0.206989683338766,0,0.175202307968639,0.261160334391461,0,0,0.116473958211228,0,0,0,0,0,0,0,0,0.160325889760643,0.184626066665794,0.35572296406305,0,0,0,0,0,0,0.235004491269105,0,0,0.2234710894655,0.16562283486173,0.123042596065506,0.253204963194495,0,0,0,0,0.142433088834309,0,0,0,0,0,0,0,0.216568891795624,0.36080796774725,0,0.112627541738026,0.111463566212513,0.141917659773813,0,0.278188349391675,0.221182013735282,0,0,0,0.355713535502006,0,0,0.109980947567491,0,0.16890955375315,0,0,0.154127770952778,0,0,0,0.158971404393573,0,0,0.164492422121861,0,0,0,0,0,0,0.162074991792415,0,0,0.142702105279568,0.180495638546154,0
0,0,0.431428113060631,1,0.308400797440082,0.167926159451009,0,0.289452191644916,0.197263114461356,0.200009234796098,0,0.286289058711926,0,0.130212446357153,0,0,0.233204309215624,0.166344241558846,0.232259929128178,0.208842350321545,0,0.222395249496093,0.222260763144862,0.176202101443918,0,0,0,0.260214632413829,0.187140520846363,0,0.200429545901996,0.222294303126078,0.240357798636054,0.211045579457499,0,0.368858101623996,0.21819948102587,0.116361342388733,0,0,0,0.281748583335369,0,0.107446938347729,0,0,0,0.340162456452916,0,0.228001399859297,0.214552632462282,0.285630238655163,0.23491676180185,0.337396316543583,0.149678922836864,0.233304213647307,0.109046974958708,0,0.181523925093259,0,0.169173376906941,0.149782495077107,0,0,0,0.151713038053036,0.174211046807564,0.277883685061535,0,0,0.238411974596224,0.108932615781504,0,0,0,0,0,0.161295602906455,0.124747595331553,0.244969438803015,0.199504179712632,0,0,0.248798310282755,0.179169766492384,0,0.212549259519934,0.139557149880645,0,0,0.12278597405414,0,0,0.211529112977941,0.159817403619961,0
0.216209559418172,0,0,0.308400797440082,1,0.110709929705499,0,0,0,0,0.306248009775824,0.246626960852046,0,0.441773179411316,0.145736306643607,0,0,0,0.21100783042315,0,0.217538944920579,0,0.273708148447242,0,0.298851309021153,0.178825163677646,0,0.179938221728305,0.305209191330582,0,0.265778936914331,0,0.178089709061606,0,0,0.134193467087411,0,0,0,0.117140579613751,0,0,0,0,0.164759530367273,0,0.291142456584539,0,0,0.127002569227086,0.457590041372181,0,0.696102023352753,0.134837590056832,0,0.121436394834691,0,0,0,0.12128264787461,0.211479169850155,0.280536022817039,0,0,0,0,0.18657255920035,0,0,0,0,0,0.27623778814788,0,0,0.210554342004633,0.262664069145787,0,0.302281039850601,0,0,0.119812190649722,0,0,0.119591524049008,0.237558588347284,0.179613483480335,0,0.170955371408008,0,0,0,0,0,0.170310628210627,0.250832087115586
0,0.263409423391078,0,0.167926159451009,0.110709929705499,1,0,0.267306809511572,0.258805786153215,0.193898140784045,0,0,0,0.136187496986652,0.543248811096962,0,0.124962183354801,0,0.150354431952691,0.62244461683002,0,0,0.118139012536376,0.336396077666031,0.159932878882774,0.336811267044227,0.270300742896475,0.199902560630261,0,0.209021510151424,0,0,0,0.344932138858162,0.238031356878062,0.112380377711377,0,0,0.209840932688094,0,0,0,0.132291805015891,0.221608477142583,0.221684556606122,0,0,0.398258395706135,0.228461214100445,0.204041510968697,0,0.409904930324766,0.165936293136077,0.65081647356122,0,0.2736264703832,0.342406456243915,0,0.236516500688397,0.109674260497803,0.146485696058724,0.246580208663942,0.529638547806307,0,0,0.140202876369465,0.123635999214692,0.365284469077371,0,0,0,0.192626416171393,0.250200374485732,0.235152679092314,0.311367142031207,0,0.35388788075047,0.278740960770715,0,0,0,0.340885739717977,0.286289242735126,0,0,0.163752186358314,0.496511173342652,0,0,0,0.109407946123637,0,0,0,0.147835245214576,0.201883372277062
0.311463936634068,0.389146179386795,0,0,0,0,1,0,0.394216031377191,0,0,0,0.327107795113043,0.249634745202394,0,0,0,0,0.207351870103541,0,0.210086337395726,0.318639740375306,0,0,0.352845116262902,0.182330863732636,0.279223311399993,0,0.239598009912252,0.18507598214177,0,0.219844928635375,0,0,0,0.239129309583854,0.234710684995139,0,0,0.227111264260778,0,0.175906568402031,0,0.163810440724708,0.153161701864482,0.174974231178322,0.273888554710589,0,0.143506817115081,0,0,0,0,0.180655936705808,0.304257388377133,0,0.209577697302968,0.209810724871851,0,0,0.131378052859891,0,0,0,0,0.142224736624936,0.175106321797157,0,0,0.275365184986107,0.164203350001612,0,0,0.293984845513987,0.204003260896031,0.129667867794693,0,0.191562051067859,0,0.139984764280126,0,0,0,0.166043504402137,0.151040643320179,0,0,0.114896436130376,0.121848637610917,0.174773267068541,0.107903321058344,0.303634963734697,0.148401777624902,0,0.267083719185348,0
0,0.3066901247884,0.118795815991129,0.289452191644916,0,0.267306809511572,0,1,0.107838504763384,0.188382920150273,0.291957328643535,0.431649318909701,0.122011869370108,0.145850930531728,0.183267301281228,0.28331908304803,0,0.646702507945735,0.416037920521468,0.340200543140304,0.139785690949564,0,0,0.54921916059424,0,0.188540608157909,0.136658620641737,0.407899601205293,0.236226196976358,0,0,0.17830554708203,0.550686571253354,0.341192647172159,0.295394006458551,0.342056361526619,0.229140281540807,0.170569812692969,0.397030036308963,0.198035059615512,0.345555260473079,0.170070068764172,0,0,0.137988476247608,0,0.194739300064143,0.365797826946614,0,0.414452184567637,0.122640785829026,0.23289716020501,0.137674341536021,0.46730712774618,0.240534921832052,0.453531090257985,0.117593519367918,0.166221592726819,0,0.326775152641211,0.32915464622306,0,0.250622495771815,0.417768501203721,0,0.385341189345357,0.171244859826325,0.296420951918661,0,0.36255608741597,0,0.321206791241769,0,0.124102500643493,0.15806845994915,0.226082824229547,0,0.122250598389337,0.152186188301544,0,0.40363934447593,0.307949241365058,0.157464681621034,0.467778436399511,0.349790419458848,0.315870489288403,0.286563781581452,0.208984289323407,0,0.169626858238416,0.245866710737907,0,0.350896261661201,0.180677983025417,0,0.245554330498888
0.283556755244202,0.32623464018536,0,0.197263114461356,0,0.258805786153215,0.394216031377191,0.107838504763384,1,0.151197447720292,0,0.178938036111047,0.509606243500129,0.16406528087616,0,0.234828727264409,0.158794390413786,0.175841723205736,0.297788675989637,0,0.406979560389926,0.279287933479057,0.291562313084171,0,0.286188224244009,0.116836546288535,0,0,0,0.116045024142419,0,0.166645941623273,0,0,0,0.165304173289608,0,0,0,0.231174016928003,0.122835224918634,0,0.114025524854589,0,0,0.248666049451744,0.184259899453976,0,0.374810112222338,0.137556533013505,0,0,0,0,0.200992691069055,0,0.157144208919765,0,0.112232194031522,0,0.381985481020573,0,0,0,0.293570933607976,0.23065293463711,0.496713525793217,0.151309729676924,0.15308643870776,0.113664822800056,0.28964856317115,0.23365991823801,0.14542773517753,0.134112832006728,0,0.115983456052773,0,0,0,0.280857015554319,0,0,0,0,0.202746384776551,0,0.125366977176942,0.116679357732332,0.129653583834702,0,0,0,0,0.144964158120493,0.224980400549192,0.120571745434852
0.28700235388186,0,0.462390891756946,0.200009234796098,0,0.193898140784045,0,0.188382920150273,0.151197447720292,1,0,0,0,0.393587312509298,0.235959882882439,0.599348310937719,0,0.302735253086704,0.299401071141403,0.175255974760426,0.409532578586415,0.280509786605156,0.209360526814015,0,0.178510394760161,0.395108008634087,0.226496309326079,0.204375875035819,0.243411526694162,0.185971442641511,0.311196545934649,0,0.219429786791436,0,0,0,0.172067584537052,0.155055734459687,0,0,0.246996018875338,0.120480494433969,0,0.154561928408748,0,0,0.145646968130115,0.120543130491925,0.240364587334914,0,0,0.131350289810649,0,0.113020572058333,0,0.19517945930984,0.347900912487569,0.511094545927601,0,0.215405079821232,0.215531190282484,0.195490564892786,0,0.457433765953637,0.284782419282856,0.205902874965147,0.152525728291014,0,0.473167171319924,0,0.180244149123024,0,0.137521150796821,0.358577703283053,0.215618671485827,0.156437828680052,0,0,0,0,0.197193429950861,0,0.190814386634961,0.234327861564817,0,0,0,0,0,0.199892275592191,0,0.123999483951061,0.253793111489108,0.201532446439057,0,0.114626695759186
0.166907856134708,0.26420804818971,0,0,0.306248009775824,0,0,0.291957328643535,0,0,1,0.437630596003656,0.248131213615417,0.247625550720192,0.189998469064639,0.179825116329779,0,0.363704695843347,0,0.256659190429449,0,0,0,0.361924798344217,0,0.123378914497458,0,0.367908919973331,0.240705978710315,0,0,0,0.290058313896243,0.197280940834402,0.325933478140234,0.130544468475621,0,0.267351756060481,0.297025176374658,0.360775056163863,0.248563196415297,0.241704891768541,0.226725913308703,0.445305283438716,0.193317366082794,0.171682968711623,0.233478479480998,0,0.274717235520252,0.406707422693832,0.223929911535519,0.221734446734003,0.245625449450406,0.248967756348269,0.170551325283641,0.140595719806552,0,0.137083214414872,0.253266122308066,0.333520786996083,0.349320898696235,0,0.158567299184739,0.444716954748197,0,0.258054276461244,0.145238480225097,0.292071789741619,0.297234264066818,0,0,0.34605474402717,0,0,0,0.322775608231678,0.217014668823774,0,0.111897876692908,0,0.325393530895183,0.24506514466027,0.147895765968865,0.14795331065714,0,0.301353004669573,0.143281936837279,0.18681788189203,0,0.326936467478892,0.264133158012373,0,0.118125966632768,0.174656542852341,0,0
0.32264889665757,0.392333856510659,0,0.286289058711926,0.246626960852046,0,0,0.431649318909701,0.178938036111047,0,0.437630596003656,1,0.175236271104996,0.22502034155353,0,0,0,0.7147567449937,0,0,0,0.144485821980816,0,0.262890706595947,0.166393547547554,0,0.138739463156816,0.377675168797635,0.301206639342734,0.18613394330138,0.138942864644976,0.11037264541224,0.651685878396534,0,0.218790298878336,0.211848350321078,0,0.341591227972035,0.338838264921833,0.307845262359755,0.296776965657811,0.223762525992391,0,0.263593447204048,0,0.128643698386062,0.168310906111194,0.184114934473726,0.281954380896123,0.520785066592782,0.289696308636133,0,0.474601884416053,0,0.470210870771862,0,0,0,0,0.519199922268787,0.339429595253684,0.229539648957209,0,0.364997658020247,0,0.334626157678537,0.188469366368998,0,0,0,0,0.22769889813136,0.270534078356757,0,0.128864174555161,0.244767416000262,0.390947828761754,0,0.208957085639449,0,0.546731006765319,0,0,0.265347798616836,0,0.451597569781733,0,0,0,0.221423329974301,0.250531820778606,0.21247399469574,0,0.32571838119409,0.171112931689158,0
0.123853417237578,0.377603779357661,0,0,0,0,0.327107795113043,0.122011869370108,0.509606243500129,0,0.248131213615417,0.175236271104996,1,0.266837359833161,0,0,0.137803328808403,0.14202975340146,0.132891453639267,0.15879803007312,0.33436610760226,0.343183111312747,0.179532293504916,0,0.313717921410774,0.162958058000748,0.137716191697027,0.223190970815932,0,0.166145329258466,0,0.274690777474271,0,0.200274638701047,0.114482381833009,0,0.208141538397975,0,0,0.425719838058904,0.328736768149875,0.127791813008395,0,0,0.222518166371106,0.239807595120583,0.183031334291674,0,0.388705759807759,0.376964796164486,0.184286752116852,0,0,0,0.314187275757681,0.19984810894145,0.282036405381721,0,0.23647440394853,0.248412657596758,0.712663664297479,0.340731088242787,0,0.137778870132177,0.32519033536694,0.337543255612342,0.526559426108049,0,0.172129675907868,0.181389018366769,0.299886606031521,0.483106604861069,0.354804549822182,0.247744579254028,0.131039771023664,0,0.12498524565089,0.257015080082899,0.17890481763821,0.36036803566742,0.161270324240007,0.133628304810471,0,0.159355686623293,0.109886766603112,0.178453843766236,0,0.231592336884725,0.221214596717606,0.185422446558586,0,0,0.115494417966448,0.269307463402441,0,0
0.425168264967321,0.222045352114363,0.206989683338766,0.130212446357153,0.441773179411316,0.136187496986652,0.249634745202394,0.145850930531728,0.16406528087616,0.393587312509298,0.247625550720192,0.22502034155353,0.266837359833161,1,0.115050096695044,0.308931329243453,0,0,0.453204497066415,0.116374344755381,0.423625080462477,0.205603016351513,0.2837310622156,0,0.56131402814642,0.206113184231684,0,0.275724923057676,0.4434685502948,0.353912940791181,0.296724782630253,0.325056178293622,0,0,0,0,0.329295330587583,0,0,0.415665482453813,0.246017237804967,0.241760321909163,0,0.112179415072112,0.113569782012774,0.1494253300543,0.295341057750588,0.177168113047967,0.283903163673498,0,0.24754193570637,0.255388222590379,0.407868600496004,0.125106609367897,0.197475129102056,0.256061375172098,0,0.209372317486931,0,0,0.210436213666232,0.548814586158198,0.295482214324152,0,0.273653519454634,0,0.182164542238053,0.203947881517676,0,0,0.316190050596218,0,0.552357910165684,0.176768329920923,0,0.208468538060442,0.396237816552635,0.407502870297664,0.248284888708394,0.350484957972746,0,0,0,0,0,0.234284321755609,0,0.211899763442264,0,0.261424711068942,0,0,0.191669298433289,0.172473239382447,0.17874381154969,0.335980552698304
0,0.449661185380719,0,0,0.145736306643607,0.543248811096962,0,0.183267301281228,0,0.235959882882439,0.189998469064639,0,0,0.115050096695044,1,0.23427423890586,0.15193099210321,0,0,0.773121632552448,0,0.289107385004429,0,0.541574659748557,0.166211005984062,0.644859583444687,0.682373578718204,0.293754822208171,0,0.171731425033024,0.119261828684536,0.221281321567851,0,0.523858126541206,0.584730244718283,0,0.129394152164852,0,0.547556890399758,0,0.196967661039755,0.161919864630121,0.202055886139355,0,0.311885179480136,0.13777275152112,0.134438873888783,0.139038269290662,0.243268183368906,0.289907130507783,0.120839625826739,0.239937073931625,0.140242472610038,0.347724729874921,0,0.334640224736839,0.355005741664123,0.230382221377113,0,0,0,0.298812394655783,0.772780024382393,0.169923712849431,0.225987228354711,0.154953060110155,0.294397424542128,0.633402459904974,0,0.24151333229833,0.295352102042851,0.131998810074658,0,0.572426347972629,0.730053140367319,0.285712521274791,0.258133909975886,0,0.250684411187671,0,0.208457311952546,0.546002623865557,0.688218627851552,0.131741730339437,0.282586726565854,0.221537688132846,0.713994761040256,0,0.132251106509586,0.226150201133685,0.27630680117124,0.113812081540041,0,0,0,0.158308138665561
0.246027438046574,0,0.175202307968639,0,0,0,0,0.28331908304803,0.234828727264409,0.599348310937719,0.179825116329779,0,0,0.308931329243453,0.23427423890586,1,0,0.347505852880049,0.367733328768919,0,0.375677598857254,0.246022839892277,0.30443150685987,0.134539193352232,0.343451176932052,0.317572700739621,0.285544403794189,0,0,0.246466521192777,0.148043305625926,0,0.297252961369196,0,0,0.239175513224471,0,0.211508314045885,0,0,0.316455199121331,0,0,0.130330022635711,0,0,0.215905551355725,0,0,0.187159625084501,0.234034187254198,0,0,0,0.278529607130668,0.248495749477246,0,0.319488508731461,0.162306772883385,0.311246971782683,0.175638592347964,0,0,0.461774644813163,0.273068108952932,0.264856032160902,0.223671540181922,0,0.256545616693897,0,0.163458999681129,0.18279695425336,0,0.265266828059087,0.181628664150026,0,0.1639428350302,0,0.184276706577598,0,0.271648881183507,0,0,0.318616225262835,0.151246761637021,0.164859686089498,0,0,0,0.164275357998009,0,0,0.320551341190139,0,0.123158870942772,0.273640479124725
0,0,0.261160334391461,0.233204309215624,0,0.124962183354801,0,0,0.158794390413786,0,0,0,0.137803328808403,0,0.15193099210321,0,1,0,0,0.183202409977613,0.356190231324627,0.203984081708025,0,0,0.269140036501005,0.135789629325112,0,0.153625154461701,0.128907193886509,0,0.135972284635697,0,0,0,0,0,0,0.115773187615283,0,0.193244901232821,0,0.159357069548705,0,0.205272287350966,0.152721163128828,0.200320715243486,0,0.188495537840196,0,0,0,0.26537308473354,0,0,0,0,0,0.196032991489552,0.108950840797073,0.296861142966074,0,0,0.153670992264953,0,0.275071867745045,0,0,0,0.188330625122547,0,0.137170237322362,0.139446889425603,0.110125717089405,0,0,0,0,0,0.213398149786639,0,0.13366241897965,0,0.19138064577887,0,0,0,0.246081464621153,0,0.146133825736814,0,0,0.122678181719849,0.20000025388652,0,0,0
0.1841727962675,0.554639874614631,0,0.166344241558846,0,0,0,0.646702507945735,0.175841723205736,0.302735253086704,0.363704695843348,0.7147567449937,0.14202975340146,0,0,0.347505852880049,0,1,0.276293633929759,0.182195838873603,0,0.28517893417138,0.137721919352727,0.565936792027708,0,0,0,0.234181665322123,0.227345481198646,0.204067232890203,0,0.200864833184524,0.813590475077254,0.25225480962482,0.341489381817657,0.349494462724974,0,0.413108300508239,0.554178167645496,0.269748260686902,0.39726759112397,0.213860897472057,0,0.170501345903363,0,0,0,0,0.220178691830196,0.614695119353877,0,0,0.280732724695416,0.22719993054518,0.420737444788165,0.368181349624362,0,0,0,0.631781437062898,0.346977787263361,0,0,0.488476852836991,0.115502688703585,0.642321074143546,0.186757329258869,0.146293311607802,0.117928408491818,0.140315291189151,0,0.369532000898347,0.135751373402261,0.122743010291507,0,0.269693622878921,0.196849161714412,0,0,0,0.707999529997767,0.313539478962595,0,0.432507956844046,0.169577870583239,0.331112726206122,0.199506247825372,0,0,0.170747253741391,0.310862315420578,0.15635898974131,0.290266134670669,0.128495498612704,0.126461921009416,0.201561561722083
0.189955269495343,0,0,0.232259929128179,0.21100783042315,0.150354431952691,0.207351870103541,0.416037920521468,0.297788675989637,0.299401071141402,0,0,0.132891453639267,0.453204497066415,0,0.367733328768919,0,0.276293633929759,1,0.115149066657397,0.284912239677849,0.419414121926773,0.671844558779432,0.267229194637339,0.333541747642129,0,0,0,0,0,0.255731965233214,0,0.238641849944185,0.209857215190286,0.148252790620959,0.140721355767517,0.154433477018466,0.108150444751969,0.1308148382714,0,0,0,0,0,0.120778960791661,0,0.239053678718026,0.266235437311879,0,0.210991504955298,0,0.23582919843516,0,0.306672001089003,0,0.301343417687234,0.146615555561598,0.235857070194174,0,0.414159220299351,0,0.255279395991303,0.150375057850496,0.124568096104625,0.196532276058466,0.325612656873396,0.454836597451053,0.251839488471376,0,0,0.484127562414033,0.2195444926082,0.27449673371651,0,0,0.241005691220394,0.164830219464105,0.271116942655595,0.316944485320987,0.157474227505687,0.315320966772051,0.211036219238451,0,0.344147155706061,0.180464377427416,0,0.248448017262688,0,0,0.117322070820803,0.13372859083064,0.265135212789014,0.30342044523732,0.132747160153233,0.208453624172071,0.399836033419614
0,0.42163214159886,0.116473958211228,0.208842350321545,0,0.62244461683002,0,0.340200543140304,0,0.175255974760426,0.256659190429449,0,0.15879803007312,0.116374344755381,0.773121632552448,0,0.183202409977613,0.182195838873603,0.115149066657397,1,0,0.214170708378991,0,0.579400703126851,0.14076575967063,0.471524068559595,0.505707133959398,0.468691327045297,0.139656024423153,0,0.130027672867677,0.180756650723453,0.121667468901021,0.428698031360097,0.525394598389514,0.114609051839861,0,0,0.581022016585376,0.133481105686824,0,0.134942331033832,0,0,0.37805210531613,0.175152637289859,0,0.342574838760319,0.124005403061022,0.381890104465998,0,0.439792660764138,0,0.512414999471926,0,0.432725244193324,0.413069642183285,0.128360549968648,0,0,0.162287607845439,0,0.732985655279933,0,0.204939581744943,0.215210217021123,0.343245610731126,0.551143798937639,0,0.316294870010979,0.203381188938546,0.330347423569768,0.1083323405708,0.481539837589144,0.571087255986631,0.269207430825993,0.108485335511866,0.175028404193377,0.28124562201038,0,0.32206089831188,0.404984763702801,0.588096241445377,0.208389040119438,0.288118396035075,0.144293084780157,0.627357541901699,0,0,0.213136045315312,0.248986449640715,0.120051228356172,0.147534418455022,0.113397591358692,0,0.332293098330011
0.340926706386182,0.248603272428636,0,0,0.21753894492058,0,0.210086337395726,0.139785690949564,0.406979560389926,0.409532578586415,0,0,0.33436610760226,0.423625080462477,0,0.375677598857254,0.356190231324627,0,0.284912239677849,0,1,0.215549903139909,0.33536244402341,0,0.602427111571908,0.475183675765855,0.195534449483903,0.114519926649555,0.181485553326701,0,0.179068141086509,0.263751086159409,0,0,0,0,0.170316187340135,0.140559791395406,0,0.279283792448898,0.123311126520529,0.148455710456391,0,0,0.208303815442374,0.345015311847254,0.2788846895365,0,0.147219123458067,0.135251782734276,0.122889045587447,0.240618349987758,0.195148717887695,0.115030060046995,0,0,0.267104637234273,0.238926888132752,0,0,0.146517820909481,0.192100562360121,0,0.138743423476198,0.148497798216235,0,0.409720488474105,0,0.273696790264626,0.150719832660855,0.219146626798403,0.160696503151943,0.41908741480113,0.379381719585959,0.162668688504927,0,0.166410889648491,0.118763232795053,0.349368318013453,0.283137053942569,0.12360849901493,0,0,0,0,0.22124013297225,0,0,0,0.375780963760056,0,0.281845584327073,0,0.244431190996308,0,0.206275520687712
0,0,0,0.222395249496093,0,0,0.318639740375306,0,0.279287933479057,0.280509786605156,0,0.144485821980816,0.343183111312747,0.205603016351513,0.289107385004429,0.246022839892277,0.203984081708025,0.28517893417138,0.419414121926773,0.214170708378991,0.215549903139909,1,0.488972410686943,0,0.245064957991836,0.161887868047894,0.238263511947173,0.280541911443697,0.128097347506226,0,0,0.280716507293754,0.342917439927715,0,0.144077012036564,0.107473876200281,0.225109972578876,0,0,0.276000804945893,0,0,0.203749527596568,0,0.153059055872119,0.294909152401643,0.165026217441215,0,0,0.161509868115672,0,0,0,0,0,0,0,0.242276791199545,0.38416897734912,0.272569329042788,0,0.297585722393602,0.225345146332633,0.210688939540858,0,0.163868055400739,0.560247574264962,0,0,0.449862273719468,0.632171490281504,0.225833735429246,0.329780720334599,0.17397360079146,0.213042356436049,0.186894044671572,0,0.352317924932651,0.304550230146943,0.416907827867724,0.241287222871256,0,0.37683072860435,0,0.107937850456359,0,0,0.400869375706378,0.202460513437613,0,0.187798358856901,0.118113013698358,0,0.247154572573363,0.20610698359462,0.260448978011889
0,0.130778994304308,0,0.222260763144862,0.273708148447243,0.118139012536376,0,0,0.291562313084171,0.209360526814015,0,0,0.179532293504916,0.2837310622156,0,0.30443150685987,0,0.137721919352727,0.671844558779432,0,0.33536244402341,0.488972410686943,1,0.112513420428107,0.367151596076775,0,0,0.208071422654514,0.268899788505572,0,0.23698620146541,0.183758956163102,0.160878857474604,0.185650150176069,0.159488699217531,0.121587708315191,0.160564682512596,0,0,0.213782113651214,0.109219169207673,0.130376718214578,0.205461386136307,0,0,0.120816538460363,0.228882363860034,0.187511519581282,0.205484889114869,0.25366941096667,0,0.272531535444979,0,0.239907899431245,0.273804102983114,0,0.28643806655998,0,0.12953076485734,0.310977346803541,0,0.281713093934607,0,0,0,0.240822613558532,0.575676214489895,0.169707903409643,0,0.20798065587858,0.598523510679884,0,0.403052058911414,0.156418135051882,0,0.276365287774626,0.224364891322219,0.264162667527127,0.456069243217596,0.333216952363224,0.30461996293375,0.247608438563932,0.17002598705279,0.232166710564709,0.116793150454569,0.179949600855875,0.231169223067245,0.344389443268829,0,0.21321082135739,0.211782799294716,0,0,0.137813906526379,0,0.424080744322535
0,0.604573410444038,0,0.176202101443918,0,0.336396077666031,0,0.54921916059424,0,0,0.361924798344217,0.262890706595947,0,0,0.541574659748557,0.134539193352232,0,0.565936792027708,0.267229194637339,0.579400703126851,0,0,0.112513420428107,1,0,0.386234668288346,0.470248922566147,0.458014316050077,0.24453825455886,0.173417201191036,0,0.264477603632397,0.542930632218517,0.602535495487542,0.593922314264152,0.456695272514059,0.381579349236544,0.451403420048351,0.802295511946339,0.299564964078497,0.31161068674738,0.391790159958669,0.238973507808493,0,0.366507404754506,0.113372349954417,0.123227484662735,0.229141314426676,0.220222186990152,0.676039550478342,0.198683772345289,0.189818000713924,0.233905227675859,0.420579268199363,0.319847158024002,0.540838423349644,0.401986707367039,0.229478533020824,0.108104563625915,0.319456243938567,0.233479635369605,0,0.470386686682252,0.21234098788657,0.261666107474397,0.410309934191427,0.281495733992259,0.486865393329708,0,0.16033032661029,0.192472137361983,0.475709183382297,0.164598627744112,0.394438415201687,0.477414095129832,0.361040737794506,0,0,0.139762553126261,0,0.637187756404678,0.692309998548945,0.527733516982662,0.548864083452269,0.499504807329807,0,0.521853804124706,0.216731306186419,0,0.245288491671135,0.401279210824618,0.20461054517542,0.320558191010615,0.133137025137501,0.110821718145972,0.380967617600347
0.33119888432009,0.198651791910101,0,0,0.298851309021153,0.159932878882774,0.352845116262902,0,0.286188224244009,0.178510394760161,0,0.166393547547554,0.313717921410774,0.561314028146419,0.166211005984062,0.343451176932052,0.269140036501005,0,0.333541747642129,0.14076575967063,0.602427111571908,0.245064957991836,0.367151596076775,0,1,0.250523674011313,0.189597555521171,0,0.438712398204765,0.357726142085457,0.305245515215742,0.47364283154478,0,0,0,0.175604388143988,0.301004787292032,0.178336594628615,0,0.414889130919567,0.310503166008344,0.214022920067442,0,0,0,0.118260608662273,0.363318099058598,0.123830973822472,0,0,0.178105124469494,0.256143253085561,0.2179451554001,0,0,0,0,0.163281687568121,0,0,0.186924407896312,0.31540287342236,0.217663978899985,0.130375694476403,0,0,0.337803441648031,0.122312513525071,0,0,0.291055430634434,0,0.470069017517776,0.276948522069738,0,0.115767242043016,0.121581684947872,0.365471611501709,0.276646659136476,0.373787932936515,0,0,0,0,0.136071595165711,0.28506928773598,0.120357471849683,0.194057364362043,0.267996849438834,0.178815232759042,0,0.204376403475378,0,0.147153904003739,0,0.32790839137454
0.277667036311931,0.506657633314398,0,0,0.178825163677646,0.336811267044227,0.182330863732636,0.188540608157909,0.116836546288535,0.395108008634088,0.123378914497458,0,0.162958058000748,0.206113184231684,0.644859583444687,0.317572700739621,0.135789629325112,0,0,0.471524068559595,0.475183675765855,0.161887868047894,0,0.386234668288346,0.250523674011313,1,0.705587584079774,0.224532563178541,0.238704827019007,0,0.203344177970646,0.244824605279299,0,0.523636985410539,0.483871675480348,0.219944356699436,0.311449480154478,0,0.432545550586776,0.140957998905812,0.117377275391575,0.178800096074174,0.124192011120888,0,0.142840844254843,0.12812283045444,0.203631283268621,0,0.297135226524855,0.336649344369568,0,0,0.115757632842506,0.166888818197634,0,0,0.430023926787638,0.340336367014774,0,0.15506941124167,0,0.134605485795346,0.451595203073885,0.162197886392792,0,0.138966283754827,0.362926473105066,0.407906518552274,0.142751334253093,0.201816193938423,0.328519436823039,0,0.218024276599442,0.770533753753758,0.732200189866201,0.245377751155292,0,0,0.41496271797971,0.141745997287256,0.303466759450912,0.514435369716217,0.467729450010856,0.184792036549735,0.2602482540327,0,0.438038022540795,0,0.200922437240807,0.321514023404004,0.258097799063908,0.209936177377704,0,0,0,0
0,0.568024265696183,0,0,0,0.270300742896475,0.279223311399994,0.136658620641737,0,0.226496309326079,0,0.138739463156816,0.137716191697027,0,0.682373578718204,0.285544403794189,0,0,0,0.505707133959398,0.195534449483903,0.238263511947173,0,0.470248922566147,0.189597555521171,0.705587584079774,1,0.248527855530419,0.153352029813104,0,0.119774743890625,0.248282692707066,0.140792414241507,0.740515479562715,0.32418074493376,0.410360030396647,0.482147772106397,0,0.485058510685662,0,0.177227539835441,0.325550046738478,0.193632675317758,0.150999063646442,0.225557392715309,0.162370108714472,0,0,0.224499045793292,0.32614010569821,0,0,0,0.161429122230903,0,0.22453277840767,0.369614240273241,0.403521605592373,0,0,0,0,0.549341061792589,0.232987909161445,0,0.28947100131514,0.352186139548622,0.461218835066879,0.155845403541067,0.219407514983641,0.374072026392469,0,0,0.75998223618164,0.919969662236445,0.403821825057599,0.127697842004385,0,0.366047667639504,0,0.408253212344047,0.709469362562186,0.502760608637887,0.333094563879313,0.534283212287665,0.207053751672721,0.60776704033387,0,0,0.220667629468066,0.27175148095174,0,0,0,0,0.168151414166977
0,0.20569611635892,0,0.260214632413829,0.179938221728305,0.199902560630261,0,0.407899601205293,0,0.204375875035819,0.367908919973331,0.377675168797635,0.223190970815932,0.275724923057676,0.293754822208171,0,0.153625154461701,0.234181665322123,0,0.468691327045297,0.114519926649555,0.280541911443697,0.208071422654514,0.458014316050078,0,0.224532563178541,0.248527855530419,1,0.338786500698468,0.19675755725271,0.200815830840376,0.264330550861722,0.361793935594904,0.422407884260843,0.376700219375925,0.333785223118987,0.47575393194461,0.189492739564928,0.478246940247216,0.319506036212213,0.217259557763267,0.336405646750373,0,0.13068006651367,0.331520623132759,0.210860630578711,0,0.171414034343414,0,0.342156530824203,0.315382313048697,0.110524601941228,0.388669526165141,0.211700441469632,0.251095462363987,0.219305866719193,0.151256957276863,0,0,0,0.269744801867037,0.524009449160271,0.231242688202198,0.137419479443661,0,0.107061602899985,0.377835513635296,0.395244658153714,0,0.262507499592249,0.340470010987129,0.325437026634148,0.383591091178224,0.151153802548394,0.277534478459283,0.60052744644992,0.397633319539948,0.126090169756646,0.129027335755918,0.261294615453289,0.360030851466761,0.382073406956659,0.358710065260163,0.328571457042145,0.456237586630557,0.295855355838272,0.301180821769224,0.23340835608605,0.123708911949763,0.275960003011248,0.171513329864693,0,0.145772068170953,0.292445157212682,0,0
0.12713022287244,0.168391037416661,0.160325889760643,0.187140520846363,0.305209191330582,0,0.239598009912252,0.236226196976358,0,0.243411526694162,0.240705978710315,0.301206639342734,0,0.4434685502948,0,0,0.128907193886509,0.227345481198646,0,0.139656024423152,0.1814855533267,0.128097347506226,0.268899788505572,0.24453825455886,0.438712398204765,0.238704827019007,0.153352029813104,0.338786500698468,1,0.249835351436031,0,0.285753654680215,0.271645933159323,0.109702380573617,0.232116236424765,0.217557632589251,0.254418312831119,0.202880610842476,0.28994315717755,0.453789754398149,0.171882094370427,0.14297359660802,0.220808747898008,0,0,0,0.238556527447624,0,0,0,0.123610731611727,0.203120951030459,0.377118171084526,0.178929970071842,0,0,0,0,0,0.272783834092726,0,0.429085048902252,0,0,0,0.147807218934173,0.172429581947956,0,0.19641396219701,0,0.160712169076573,0,0.502517450312801,0.18674605774341,0,0.277967244604217,0.480749022577238,0.138539389135163,0.246996926660682,0.1632642551103,0.204920266977839,0,0,0.140646033487919,0.208635587055729,0.246402346520649,0,0.35696612602701,0.133534920740925,0.146948400675153,0,0,0,0.160258395887312,0,0.124680805517871
0,0.216870923279392,0.184626066665794,0,0,0.209021510151424,0.18507598214177,0,0.116045024142419,0.185971442641511,0,0.18613394330138,0.166145329258466,0.353912940791181,0.171731425033024,0.246466521192777,0,0.204067232890203,0,0,0,0,0,0.173417201191036,0.357726142085457,0,0,0.19675755725271,0.249835351436031,1,0.146549170253392,0.710096957122759,0.319139134882711,0,0,0.178388526955333,0.290285893535673,0.523800023648694,0.228335896710601,0.496996592238103,0.674381906452169,0.121971736226673,0.196242052967291,0.209118015361413,0.215850006521928,0.109800865659263,0,0,0,0.261976383586363,0.197563744902254,0.154605021121916,0.153845723469078,0.124097763257056,0.369917788179272,0.115978191314126,0,0,0.219929632902143,0.149309699589235,0.278837684702416,0.48038176589079,0.147548508799717,0.323846871792537,0,0,0,0.151559009120295,0.127984762368455,0.203828739158635,0.185319050095474,0.166808503524465,0.409921715184944,0,0,0.14380459644127,0.348011127914143,0.584327811670802,0,0.477726083650688,0.260962201430905,0,0,0.341619453403788,0.340836709413079,0.329408151726768,0,0.334139010695393,0.373930557127964,0,0,0.187629837946886,0.214962361641833,0.210213465533629,0,0.122460240592092
0,0,0.35572296406305,0.200429545901996,0.265778936914331,0,0,0,0,0.311196545934649,0,0.138942864644976,0,0.296724782630253,0.119261828684536,0.148043305625926,0.135972284635697,0,0.255731965233214,0.130027672867677,0.179068141086509,0,0.23698620146541,0,0.305245515215742,0.203344177970646,0.119774743890625,0.200815830840376,0,0.146549170253392,1,0.161094462368863,0,0.146674255054222,0.190239971755837,0,0,0,0.171069031066078,0,0,0,0,0,0,0,0.141665899552697,0.129571859094354,0,0,0.154354320567496,0,0.201864475054334,0.143558978111189,0.152232642448599,0,0,0.168269156526204,0,0.221386693655736,0.118006805229857,0.156958676551348,0,0.278041711153432,0.119931131811089,0.178246920910453,0,0.112488084027875,0.166530180468301,0,0.238214066061754,0,0,0.276550193398881,0.190217427901941,0.37807490082358,0,0.265549713590229,0,0.214495230463823,0,0,0.251843113906318,0.198766543217709,0,0,0.13691436730795,0,0.11626433781751,0.161561910963979,0.174513078179525,0.219204394368714,0.14053008445562,0,0.18527099060264,0.120695552474873
0.179575600968581,0.404818494621105,0,0.222294303126078,0,0,0.219844928635375,0.17830554708203,0.166645941623273,0,0,0.11037264541224,0.274690777474271,0.325056178293622,0.221281321567851,0,0,0.200864833184524,0,0.180756650723453,0.263751086159409,0.280716507293754,0.183758956163102,0.264477603632397,0.47364283154478,0.244824605279299,0.248282692707066,0.264330550861722,0.285753654680215,0.710096957122759,0.161094462368863,1,0.266451146190636,0.256713798915922,0.357154823131953,0.17012627603055,0.374146509649856,0.532459244208896,0.425239505216919,0.681981925667861,0.597402476541633,0.11225501360887,0.1611564864237,0.191206360541805,0.396778610866872,0.204117251433488,0.19661923921341,0.146364756131154,0.134522521233323,0.258085521667565,0,0.162237572110054,0,0,0.162634262251753,0.186921968225083,0.202651288028285,0,0.271053261074323,0.196164538032599,0.278291047546383,0.215834354896225,0,0.202347267455311,0,0.139848614936259,0.316543229032662,0,0.128845315922785,0.345374001034725,0.358310901142954,0.354842158560983,0.383403913964757,0.196073365850025,0.220967990627735,0.209654890141041,0.126695034122689,0.532492899899518,0.171165160696141,0.659173931572646,0.224902202963698,0.301013779257153,0.341636250047964,0.32783594335085,0.437226526132255,0.344292104008249,0.171009827927357,0.477088793394773,0.425000239817294,0.187916582120393,0,0.219470821729704,0.153170293192669,0,0,0
0.198312115474125,0.615340044664779,0,0.240357798636054,0.178089709061606,0,0,0.550686571253354,0,0.219429786791436,0.290058313896243,0.651685878396534,0,0,0,0.297252961369196,0,0.813590475077254,0.238641849944185,0.121667468901021,0,0.342917439927715,0.160878857474604,0.542930632218517,0,0,0.140792414241507,0.361793935594904,0.271645933159323,0.319139134882711,0,0.266451146190636,1,0.36210541560211,0.314655867558385,0.589516976427665,0.311810724133849,0.367627404383474,0.611225219285422,0.264029886773501,0.388510508375658,0.288360068245723,0.140593010987771,0.121600877080399,0,0.118443165747278,0.138425735200679,0,0.165042166755775,0.618527700792059,0.168833230516791,0,0.325010238632873,0.110839580005239,0.459149129487784,0.251643541744794,0.180823909918053,0,0.142498521455622,0.55604271514138,0.287579559264405,0.135904815937864,0,0.401049076907896,0.111605947243923,0.543393108895449,0.109686543427991,0.177508418629905,0,0,0,0.262979736520388,0.216902675489874,0,0.114299994526608,0.313955255689132,0.31852157433124,0,0.117301022687859,0,0.766732539083908,0.429492656317443,0,0.546194108716666,0.396674944968019,0.419396017527188,0.225608980458505,0,0,0.165541864591807,0.302321363770802,0.153429441206032,0.166648820279704,0,0,0.209916868807449
0,0.551467274158441,0,0.211045579457499,0,0.344932138858162,0,0.341192647172159,0,0,0.197280940834402,0,0.200274638701047,0,0.523858126541206,0,0,0.25225480962482,0.209857215190286,0.428698031360097,0,0,0.185650150176069,0.602535495487542,0,0.523636985410539,0.740515479562715,0.422407884260843,0.109702380573617,0,0.146674255054222,0.256713798915922,0.36210541560211,1,0.368602729982822,0.601426497985211,0.647970490221112,0.11079440509521,0.510003581300188,0.125061332005833,0,0.433027410411259,0.236050171199237,0,0.285057539029727,0.182946540766323,0,0.200789515910375,0.277133098147539,0.509940767113718,0.139543149890275,0,0.109239405526743,0.299598957509805,0.164807890995763,0.349863682109824,0.343848741922495,0.135069253551996,0,0.278571467820183,0.278814241306055,0,0.432657028823233,0.128921370241546,0.167157948473758,0.385045842392693,0.270300420125435,0.486053762403186,0,0.166827405140489,0.177818764432717,0.219819357510639,0.111965618052818,0.482655389632713,0.66269200834343,0.30384032816266,0,0,0.219612491703336,0,0.589550652423316,0.845464024650646,0.431822933704036,0.629427745560535,0.703859496578178,0,0.575226774173261,0,0,0.197763236155674,0.344536578419318,0,0,0,0.271496368442577,0.240139618592899
0,0.366624855179933,0,0,0,0.238031356878062,0,0.295394006458551,0,0,0.325933478140234,0.218790298878336,0.114482381833009,0,0.584730244718283,0,0,0.341489381817657,0.148252790620959,0.525394598389514,0,0.144077012036564,0.159488699217531,0.593922314264152,0,0.483871675480348,0.32418074493376,0.376700219375925,0.232116236424765,0,0.190239971755837,0.357154823131953,0.314655867558385,0.368602729982822,1,0.309014454138797,0.258158210876116,0.402386167841079,0.659591725821018,0.413158336418364,0.14660921850124,0,0,0.113872677581646,0.121490175100427,0,0.248242424040986,0,0.19561159146491,0.398146661697272,0.203940306776202,0,0.157841352955885,0.213546235821044,0,0.455664486382925,0.212984176888102,0.136991307665051,0.271252331843415,0.321558367421805,0,0,0.524083124228375,0.120768623975609,0.30612538069138,0.13603310886184,0.340446217663089,0.556560648395556,0,0.223933635490613,0.336011124329613,0.3139035691675,0.144176952614558,0.413614760860304,0.433083089579754,0.465428515753353,0,0.131762302627895,0.290176072549142,0.199013503178261,0.341911172637232,0.471127388139722,0.723998058868276,0.294139870065947,0.259994763087067,0.158353506288906,0.417045994742934,0.268109999744797,0,0.217351496316319,0.21022864502777,0.328043277961498,0.29643854415934,0,0.189857848437291,0.164424921079275
