0 0.332400880232422 0.178960001352338 0.0648831484839429 0.0252717666795686 0.0119037524515333 0.112059799872414 0.0241011275768311 0.0918662709545428 0.164692609842156 0.0057966426703498 0.00620415625497889 0.0109968557249973 0 0 0.252382287318865 0 0 0.00371472746223185 0 0.0559828594511169 0.00763319083311432 0.00882244832781841 0 0 0 0 0 0 0 0 0 0.00307023844083394 0 0 0 0 0 0 0 0 0 0 0.0108351767538799 0.00464055530745846 0.0573696439951163 0.0478511340929219 0.0048454038407389 0 0 0 0 0 0 0 0 0 0 0 0 0 0 0 0 0 0 0 0 0 0 0 0 0 0 0 0 0 0 0 0 0 0 0 0 0 0 0 0 0 0 0 0 0 0 0 0
0.332400880232422 0 0.0361117991158634 0.0194349290917613 0.156553545447756 0 0.456150123289543 0.00629736070390038 0.0124574516520515 0.016750318217054 0.0114902243391721 0.00392134547266774 0.00625171595450574 0.239045430942726 0 0.0173684054536595 0 0 0.00326540202640409 0 0.0138275117747271 0.0288152168732849 0.0108861406316631 0 0.282947202006835 0.00666931813514172 0.00480517209514226 0 0.0457874773042305 0.00647865509073089 0.0249408954127414 0 0.199417465207627 0 0 0.0116695056850297 0.00527809061315488 0 0 0 0 0 0.018756931751514 0.0186469309744093 0.00420923195098618 0.0313878443194866 0.00910169988224734 0 0 0 0 0 0 0 0 0 0 0 0 0 0 0 0 0.00462597281249245 0 0 0 0 0 0 0 0 0 0.00441984869153754 0 0 0 0 0 0 0.00610123660797501 0.00413157289269218 0 0.00568082300425775 0.00513761435932096 0 0 0 0 0 0.0171272007097394 0.00668583011784418 0 0 0 0
0.178960001352338 0.0361117991158634 0 0.14047930868052 0.0174449947285681 0.0955990870845104 0.026218699842644 0.0252151513205223 0.00567964560521784 0.040997867217886 0.00790272352459632 0.0189704832760959 0.00422475166393836 0 0 0.217850958905406 0 0 0 0 0.0265822012186454 0.00406399767894729 0.00474592228320947 0 0 0 0 0 0.00677830886994796 0.0125963618819502 0 0.0378384489977402 0.00705332274116337 0 0 0 0 0.0125635754318531 0.00816837386028899 0 0.0239672018202933 0.0342113167836097 0.00743561764994091 0.00829784736904457 0.0364622191545929 0.128040875407324 0.25048861185807 0.0259045994777869 0 0 0 0 0 0 0 0 0 0 0 0 0 0 0 0 0 0 0 0 0 0 0 0 0 0 0 0 0 0 0 0 0 0 0 0 0 0 0 0 0 0 0 0 0 0 0 0.0100749768670014
0.0648831484839429 0.0194349290917613 0.14047930868052 0 0.138943318040846 0.485363286848392 0.00897578170450522 0.232610268509323 0 0.0128248326804264 0.115916162848063 0 0.00458663053100687 0.0130858137069687 0.0975036429360625 0.0107251433355657 0.0295320326935532 0 0 0.0211643207546358 0.0136154591292191 0 0.00340321548309298 0.00718785788997541 0 0 0 0 0 0 0 0 0 0 0.004334202297007 0 0 0 0 0 0 0.00866918148299714 0 0 0.0477606424792236 0.128476951779189 0.22229759385756 0.110205665611845 0 0 0 0 0 0.00329279192497068 0 0 0 0 0 0 0 0 0 0 0.00711435448522658 0 0 0 0 0 0 0 0 0 0 0 0 0 0 0 0 0 0 0 0 0 0 0 0 0 0 0 0 0 0 0.0146602633428626
0.0252717666795686 0.156553545447756 0.0174449947285681 0.138943318040846 0 0.0149579347810978 0.0154161472189053 0.052125329596504 0 0.0159818990717902 0.258518028635432 0.031623626262587 0.0234338706819215 0.389589206394519 0 0.00975789312708736 0 0 0.0065812726186184 0 0.0110708724019695 0.0116055887332283 0.0129960935378061 0 0 0 0 0 0.00569082848394563 0 0 0 0 0 0 0 0 0 0 0 0 0 0 0.00328634569549924 0 0.0513242258340049 0 0 0 0 0 0 0 0 0 0 0 0 0 0 0 0 0 0 0 0 0 0 0 0 0 0 0 0 0 0 0 0 0 0 0 0 0 0 0 0 0 0 0 0 0 0 0 0 0 0
0.0119037524515333 0 0.0955990870845104 0.485363286848392 0.0149579347810978 0 0 0.00935265560645267 0 0 0.00374047005950384 0 0 0 0.123425695702552 0 0.348721710777266 0 0 0.132590240157214 0 0 0 0.00548798960310152 0 0 0 0.00488786709435741 0 0 0 0 0 0 0.00474987124134115 0 0 0 0 0 0 0.110208640617997 0.0253679698511596 0 0.053741413943898 0.0390919676967336 0.125044821961551 0.22335277131437 0 0 0.0208007118004282 0.0114580376455849 0 0.0633915919730642 0 0 0 0 0 0 0 0 0.00298879676451992 0 0.0368048883496901 0 0 0.00755530760579816 0 0 0 0 0 0 0 0 0 0 0 0 0 0 0 0 0 0 0 0 0 0 0 0 0.00694625823589012 0 0 0.0518202724115725
0.112059799872414 0.456150123289543 0.026218699842644 0.00897578170450522 0.0154161472189053 0 0 0.0137116787820539 0.283968126863263 0.00619428435422971 0.0031629481022044 0.00295649489758933 0.0654517731104034 0.0121859937966833 0 0.0098666445551448 0 0 0 0 0.0435264150756014 0.204156530746439 0 0 0 0 0 0 0 0.00709170109274827 0 0 0.0664315797485006 0 0 0.0116559266250904 0 0 0.00910977484592376 0 0 0 0.0030357394102887 0.00475466533207715 0 0.0255628987897572 0.0056226013815134 0 0 0 0 0 0 0 0 0 0 0 0 0 0 0 0 0 0 0 0 0 0 0 0 0 0 0 0 0 0 0 0 0 0 0 0 0 0 0 0 0 0 0 0 0 0 0 0 0
0.0241011275768311 0.00629736070390038 0.0252151513205223 0.232610268509323 0.052125329596504 0.00935265560645267 0.0137116787820539 0 0 0.00982864380783121 0.180772660276817 0.0554506489675878 0.00920863516258302 0.0225661618381079 0.0250835211652174 0.0103788315926534 0 0.267260750990107 0 0.00595878556428818 0.0153908722511999 0 0.00697327436336195 0.273550433639325 0 0 0 0.0144440332529961 0 0 0 0 0 0 0.0113270572529462 0 0 0 0.00330040484500073 0.00415949322639883 0 0.0368913702375553 0.00331617760264715 0 0.103830512301426 0.0926778671694714 0 0.00817033736872812 0 0 0 0 0 0 0 0 0 0 0 0 0 0 0.00723845898096276 0 0 0 0 0.00553493079521206 0 0 0 0 0 0 0 0 0 0 0 0 0 0 0 0 0 0 0 0 0 0 0 0 0.0105348844107625 0 0 0
0.0918662709545428 0.0124574516520515 0.00567964560521784 0 0 0 0.283968126863263 0 0 0.0117241103219231 0 0 0.101042416696506 0 0 0.00839627034319936 0 0 0.00746234661515484 0 0.305612726140868 0.0181552811801812 0.00852286841816651 0 0 0 0 0 0 0 0 0 0 0 0 0 0 0 0 0 0 0 0 0 0 0.00554524800442054 0 0 0 0 0 0 0 0 0 0 0 0 0 0 0 0 0 0 0 0 0 0 0 0 0 0 0 0 0 0 0 0 0 0 0 0 0 0 0 0 0 0 0 0 0 0 0 0 0 0
0.164692609842156 0.016750318217054 0.040997867217886 0.0128248326804264 0.0159818990717902 0 0.00619428435422971 0.00982864380783121 0.0117241103219231 0 0.00549345017025621 0.0083595491330653 0.0195293155578717 0.0129167495560042 0 0.497608388452082 0 0 0.0678498540586715 0 0.164251014822702 0.0191527501485332 0.166830678179494 0 0 0.0302887451484306 0.0385719578121287 0 0 0 0 0 0.0094288055272585 0.00524140684898421 0 0.0175286081366914 0.00490948363799279 0 0.00307006017213666 0 0 0.0056660217673546 0.0201061649975693 0.0204164942821673 0.00443297531171089 0.0540793343462244 0.00403548849363514 0 0 0 0 0 0 0 0 0 0 0.00306759826964532 0 0 0 0 0 0.0127235952760504 0 0 0 0 0 0.00397180138366766 0.010655677003294 0 0 0.0158791793582243 0.00414893308271789 0 0 0 0 0 0 0.00559686026134354 0 0.00360484357289294 0.00681182060956181 0 0 0 0 0 0.00592755869236677 0 0 0 0 0
0.0057966426703498 0.0114902243391721 0.00790272352459632 0.115916162848063 0.258518028635432 0.00374047005950384 0.0031629481022044 0.180772660276817 0 0.00549345017025621 0 0.187324359668541 0.00876030303860733 0.234329197025778 0 0.00869486698864671 0 0 0.00522145535574911 0 0 0.00944348866525477 0.016622683262078 0.00437447362414228 0.00320267419156106 0 0 0 0.00345678692254184 0 0 0 0 0 0 0 0 0 0 0 0 0.0266344228665834 0.00338884034163649 0 0.00690327062216634 0.221968473845873 0 0 0 0 0 0 0 0 0 0 0 0 0 0 0 0 0 0 0 0 0 0 0 0 0 0 0 0 0 0 0 0 0 0 0 0 0 0 0 0 0 0 0 0 0 0 0 0 0 0
0.00620415625497889 0.00392134547266774 0.0189704832760959 0 0.031623626262587 0 0.00295649489758933 0.0554506489675878 0 0.0083595491330653 0.187324359668541 0 0.00651385953502968 0.0877218536429816 0 0.024864859070817 0 0.238392733366903 0.00334240351925611 0 0 0.0031594081714296 0.012075214071399 0.0101795998347145 0 0 0 0 0.121431968900389 0.0392162735941167 0 0.106443016141795 0.0218403933885272 0 0 0.00338006595236004 0 0.202591812235436 0.00875966055438666 0 0.00315846221198164 0.0553674889123877 0.0129066422079622 0.00974922905932115 0.106443511187246 0.146458981350706 0 0 0 0 0 0 0 0 0 0 0 0 0 0 0 0 0 0 0 0 0 0 0 0 0 0 0 0 0 0 0 0 0 0 0 0 0 0 0 0 0 0 0 0 0.00360385045292978 0 0.0154835298191192 0 0 0
0.0109968557249973 0.00625171595450574 0.00422475166393836 0.00458663053100687 0.0234338706819215 0 0.0654517731104034 0.00920863516258302 0.101042416696506 0.0195293155578717 0.00876030303860733 0.00651385953502968 0 0.0244484433654891 0 0.0239033920940864 0 0 0.30185479076545 0 0.29936866274565 0.180068499187017 0.154861420224445 0 0 0.00348266125632786 0.00950250198087651 0 0 0 0 0 0 0 0 0 0 0 0 0 0 0 0.0039132646478254 0 0 0.0378504821768282 0 0 0 0 0 0 0 0 0 0 0 0 0 0 0 0 0 0 0 0 0 0 0 0 0 0 0 0 0 0 0 0 0 0 0 0 0 0 0 0 0 0 0 0 0 0 0 0 0 0
0 0.239045430942726 0 0.0130858137069687 0.389589206394519 0 0.0121859937966833 0.0225661618381079 0 0.0129167495560042 0.234329197025778 0.0877218536429816 0.0244484433654891 0 0 0.00889390309291934 0 0 0.00856791423373988 0 0.00644141894855621 0.015874846163771 0.013301037093082 0 0.189645921196644 0.00396117855519055 0 0 0.150400727555619 0.00541452577061511 0.259299418120091 0 0.0118608323022592 0 0 0.00409622156350308 0 0 0.0036255881787761 0 0 0 0.0111518461701003 0.0148980269229048 0.00331453704937142 0.317534365994656 0 0 0 0 0 0 0 0 0 0 0 0 0 0 0 0 0 0 0 0 0 0 0 0 0 0 0 0.00376764945491443 0 0 0 0 0 0 0 0 0 0 0 0 0 0 0 0 0.00754144359433955 0 0 0 0 0
0 0 0 0.0975036429360625 0 0.123425695702552 0 0.0250835211652174 0 0 0 0 0 0 0 0 0.0147222148438498 0 0 0.324747208205267 0 0 0 0.212569300762928 0 0 0 0.00937784698413155 0 0 0 0 0 0 0.0427815606752225 0 0 0 0 0 0 0.0214715879032981 0.0121978560929839 0.00408774444694538 0.179554856474849 0.0119690240869294 0 0.0133365596426288 0 0 0 0.00834318976609463 0 0.00733981880300721 0 0.0130993593036102 0 0 0 0 0 0 0.0222248709074455 0 0.0214718740884395 0 0 0.0265180398252297 0 0 0 0.00742261086685361 0 0 0 0.00574342587161531 0 0 0 0 0 0 0 0 0 0 0 0 0 0 0 0 0.0420851664234346 0 0 0.0029357925717451
0.252382287318865 0.0173684054536595 0.217850958905406 0.0107251433355657 0.00975789312708736 0 0.0098666445551448 0.0103788315926534 0.00839627034319936 0.497608388452082 0.00869486698864671 0.024864859070817 0.0239033920940864 0.00889390309291934 0 0 0 0 0.0288905600641913 0 0.111124764735934 0.0238306344559886 0.150685371917459 0.00305361391785776 0 0.0910964367233903 0.0173361158171469 0 0.00613692786687722 0.0101361862802603 0 0.0267110787242443 0.0234997093586744 0.00595633079903799 0.00333329100287012 0.0278553405474031 0.0106540629591112 0.0114836601866006 0.0115518371490427 0 0.021955348687124 0.0316027197561182 0.195207922182074 0.174717747118878 0.0249471219861302 0.066368959847802 0.0103253632504563 0.00402182501778489 0 0.00423868611556254 0 0 0 0 0 0 0 0.0110716659998666 0 0 0.00582786110753938 0 0 0.0417612509746907 0 0 0.00535952084084931 0 0.00489270933400032 0.00768159573711619 0.0172150983506816 0 0.00345508054670089 0.0551003148203573 0.0114999016173845 0 0 0 0 0 0 0.0280548286607072 0 0.0150214268505106 0.0344700227402512 0 0 0 0 0 0.0256446804112095 0.00713078465287665 0 0 0 0
0 0 0 0.0295320326935532 0 0.348721710777266 0 0 0 0 0 0 0 0 0.0147222148438498 0 0 0 0 0.215116710019067 0 0 0 0 0 0 0 0.0274002596975784 0 0 0 0 0 0 0 0 0 0 0 0 0 0 0 0 0.00696436426278285 0 0 0.232713901681702 0 0 0 0 0 0.0166540624821969 0 0 0 0 0 0 0 0 0.0125149377707894 0 0.0641016929933051 0 0 0.0239560210635106 0 0 0 0 0 0 0 0 0 0 0 0 0 0 0 0 0 0 0 0 0 0 0 0 0 0 0 0
0 0 0 0 0 0 0 0.267260750990107 0 0 0 0.238392733366903 0 0 0 0 0 0 0 0 0 0 0 0.19030136738 0 0 0 0 0 0 0 0 0 0 0 0 0 0.0393264931294277 0.0220647163983134 0 0 0.0095411364945308 0 0 0.0893840603623444 0.00846372046657084 0 0 0 0 0 0 0 0 0 0 0 0 0 0 0 0 0 0 0 0 0 0 0 0 0 0 0 0 0 0 0 0 0 0 0 0 0 0 0 0 0 0 0 0 0 0 0.0143369389304921 0 0 0
0.00371472746223185 0.00326540202640409 0 0 0.0065812726186184 0 0 0 0.00746234661515484 0.0678498540586715 0.00522145535574911 0.00334240351925611 0.30185479076545 0.00856791423373988 0 0.0288905600641913 0 0 0 0 0.219158791052546 0.196208383912449 0.506131275232079 0 0 0.0111057771905976 0.0684208757489809 0 0 0 0 0 0 0.0293642570489055 0 0 0 0 0 0 0 0 0.00572627660519951 0 0 0.0148535799038749 0 0 0 0 0 0 0 0 0 0 0 0 0 0 0.00398452677595484 0 0 0.00488480737372664 0 0 0.0340377203250661 0 0 0 0.0179189231609315 0 0 0.00400110470004921 0 0 0 0 0 0 0 0 0 0 0 0 0 0 0 0 0.00351707811927457 0 0 0 0 0
0 0 0 0.0211643207546358 0 0.132590240157214 0 0.00595878556428818 0 0 0 0 0 0 0.324747208205267 0 0.215116710019067 0 0 0 0 0 0 0.0178015054816966 0 0 0.00371952704458045 0.323525975831532 0 0 0 0 0 0 0.293982425373408 0 0 0 0 0.0186814541514518 0 0.00758250305190734 0 0 0.102817670777607 0.00480368039007106 0 0.0173809398694632 0 0 0 0.0076224012514479 0 0.0251976189099563 0 0.00974666841008082 0 0 0 0 0 0 0.0237987739896527 0 0.0881605571387089 0 0 0.0517264301737866 0 0 0 0.00857741006637807 0 0 0 0.0483599428736979 0 0 0 0 0 0 0.00342800705485958 0 0 0 0 0 0 0.0106199733987616 0 0 0.0546210096351265 0.00580712173028886 0 0.0078690203184884
0.0559828594511169 0.0138275117747271 0.0265822012186454 0.0136154591292191 0.0110708724019695 0 0.0435264150756014 0.0153908722511999 0.305612726140868 0.164251014822702 0 0 0.29936866274565 0.00644141894855621 0 0.111124764735934 0 0 0.219158791052546 0 0 0.0378267045129882 0.145994150861218 0 0 0.00875214961639225 0.0110270721163492 0 0 0 0 0 0.00543480718695265 0 0 0.00688390870887842 0 0 0 0 0 0 0.0103500379264804 0.00545660775954913 0 0.0269954943884493 0.00356622150746223 0 0 0 0 0 0 0 0 0 0 0 0 0 0 0 0 0.0051306151286075 0 0 0 0 0 0 0.00952657583302524 0 0 0.00544630123435861 0 0 0 0 0 0 0 0 0 0 0 0 0 0 0 0 0.00379526511924378 0 0 0 0 0
0.00763319083311432 0.0288152168732849 0.00406399767894729 0 0.0116055887332283 0 0.204156530746439 0 0.0181552811801812 0.0191527501485332 0.00944348866525477 0.0031594081714296 0.180068499187017 0.015874846163771 0 0.0238306344559886 0 0 0.196208383912449 0 0.0378267045129882 0 0.109216477495677 0 0 0.0222722753512791 0.0936596456156899 0 0 0 0 0 0.0993795921723935 0.123154640193731 0 0.128772240733774 0.0192251400826336 0 0 0 0 0 0.013348704309362 0.00983685493071679 0 0.0176917190860725 0 0 0 0 0 0 0 0 0 0 0 0 0 0 0 0 0 0.00369002082712023 0 0 0 0 0 0.00353056461209265 0.0185326377592256 0 0 0.0151152972127361 0 0 0 0 0 0 0 0 0 0 0 0 0 0 0 0 0.00875291586635962 0 0 0 0 0
0.00882244832781841 0.0108861406316631 0.00474592228320947 0.00340321548309298 0.0129960935378061 0 0 0.00697327436336195 0.00852286841816651 0.166830678179494 0.016622683262078 0.012075214071399 0.154861420224445 0.013301037093082 0 0.150685371917459 0 0 0.506131275232079 0 0.145994150861218 0.109216477495677 0 0 0 0.0644959662085577 0.147650694526115 0 0 0 0 0 0.00997858590556002 0.00887987620430034 0 0.0312970828806894 0.0032051267071686 0 0 0 0 0 0.0624182094371219 0.0107009386321207 0 0.0362822140271543 0 0 0 0 0 0 0 0 0.00403235990337567 0 0 0 0 0 0.00930313473225619 0 0 0.0284472709104931 0 0 0.0212238621602848 0 0.00611312616586421 0.0108859254530158 0.0743406897879376 0 0 0.0377302557840394 0.00637867824361366 0 0 0 0 0 0 0.00560528660597074 0 0.00311000073706773 0.00480128181621518 0 0 0 0 0 0.0227319669158072 0 0 0 0 0
0 0 0 0.00718785788997541 0 0.00548798960310152 0 0.273550433639325 0 0 0.00437447362414228 0.0101795998347145 0 0 0.212569300762928 0.00305361391785776 0 0.19030136738 0 0.0178015054816966 0 0 0 0 0 0 0 0.00576964151353671 0 0 0 0 0 0 0.0957250931555718 0 0 0.0948574182426676 0.294592750657737 0 0.00864915310215193 0.0304763567210294 0.0113901154642539 0.00669714478670899 0.162931508514528 0.0258370803636519 0 0 0 0 0 0 0 0 0 0 0 0 0 0 0 0 0.00783916592052027 0 0 0 0 0.00878766340348237 0 0 0 0.0041795107706664 0 0 0 0.0033037980229643 0 0 0 0 0 0 0.00363104182957739 0 0 0 0 0 0 0.00344894854070203 0.00528297937891044 0 0.051087833922499 0 0 0
0 0.282947202006835 0 0 0 0 0 0 0 0 0.00320267419156106 0 0 0.189645921196644 0 0 0 0 0 0 0 0 0 0 0 0 0 0 0.330790002913772 0 0.525655129759953 0 0.0144674105876953 0 0 0 0.00634663145343455 0 0 0 0 0.0048274141323766 0.0144670685545946 0.0284998844167645 0 0.0821534821912668 0 0 0 0 0 0 0 0 0 0 0 0 0 0 0 0 0 0 0 0 0 0 0 0 0 0 0 0 0 0 0 0 0 0 0.00343942831100441 0.00360341247196123 0 0.00715556629918673 0.00545588386530813 0 0 0 0 0 0.0229501680559263 0.00434743253346419 0 0 0 0
0 0.00666931813514172 0 0 0 0 0 0 0 0.0302887451484306 0 0 0.00348266125632786 0.00396117855519055 0 0.0910964367233903 0 0 0.0111057771905976 0 0.00875214961639225 0.0222722753512791 0.0644959662085577 0 0 0 0.427913223164554 0.0095844961246715 0 0 0 0 0.00948644660399063 0.0482577091845518 0 0.0198113355191546 0.0201961986182647 0 0 0 0 0.0129797011273302 0.0152343452450156 0.0186680648272074 0 0.00663395799589051 0 0 0 0.00507472433657168 0 0 0 0 0 0 0 0.00460125763343738 0 0 0 0 0 0.0192827114685343 0 0 0 0 0 0.00743973477711741 0.00417777079921044 0 0.00335743645397733 0.257635284732834 0.0390949540282142 0 0 0 0 0 0 0.0203867519456785 0 0.00325475417481995 0.0067896782936343 0 0 0 0 0.0041206641382027 0.00474599398913355 0.0175794981705884 0 0 0 0
0 0.00480517209514226 0 0 0 0 0 0 0 0.0385719578121287 0 0 0.00950250198087651 0 0 0.0173361158171469 0 0 0.0684208757489809 0.00371952704458045 0.0110270721163492 0.0936596456156899 0.147650694526115 0 0 0.427913223164554 0 0.230914480280694 0 0 0 0.0999247586287438 0.00480848768963745 0.360349933154923 0 0.025927804987008 0.0354311277325265 0 0 0.00881021547915026 0 0.00322775580143648 0.0227632752359862 0.00726531485124327 0 0.00340732685094984 0 0 0 0 0 0 0 0 0 0 0 0 0 0 0 0 0 0.00836426511749325 0 0 0 0 0 0.0032000605325066 0.00930249494611662 0 0.00460212674922478 0.0774294972941931 0.104497475838954 0.0156061967528782 0 0.00582951509578245 0 0.00328998010814748 0 0.0243310796747822 0 0.00492032602346899 0.00792920683567719 0 0 0 0 0 0.0125194389727055 0.0130780940160646 0 0 0 0
0 0 0 0 0 0.00488786709435741 0 0.0144440332529961 0 0 0 0 0 0 0.00937784698413155 0 0.0274002596975784 0 0 0.323525975831532 0 0 0 0.00576964151353671 0 0.0095844961246715 0.230914480280694 0 0 0.00551299741527426 0 0.0982683831582929 0 0.0738578516127486 0.0210103232606381 0 0.00592162990672558 0 0.00953429793865963 0.312298966540693 0.00489932857092804 0.00837634874034688 0.00823056213317203 0 0.0344870017285419 0.00826802108363263 0 0 0 0 0 0 0 0 0 0.00383696836207408 0 0 0 0 0 0 0.0123372166719267 0 0.00368139444851768 0 0 0.0523292893633742 0 0 0 0.00696311779416164 0 0 0.00859286699161742 0.331033668833158 0 0.00827131091937626 0 0.0209214203971979 0 0.00866920216267968 0.00602918071414982 0 0 0 0 0.0452599203876866 0 0.0158823887004846 0.0082595715870417 0 0.0332323574814016 0.00746284989836337 0 0
0 0.0457874773042305 0.00677830886994796 0 0.00569082848394563 0 0 0 0 0 0.00345678692254184 0.121431968900389 0 0.150400727555619 0 0.00613692786687722 0 0 0 0 0 0 0 0 0.330790002913772 0 0 0 0 0.0952836998415158 0.0580897921940851 0.0133295262530404 0.158599695544607 0 0 0.01205528312946 0.0113260237754095 0 0 0 0 0.00682494533479135 0.0234378433561025 0.0204764644235842 0.026774115500853 0.0885368042831606 0 0 0 0 0 0 0 0 0 0 0 0 0 0 0 0 0 0 0 0 0 0 0 0 0 0 0 0 0 0 0 0 0 0 0 0 0 0 0 0 0 0 0 0 0.00987454379327003 0 0 0 0 0
0 0.00647865509073089 0.0125963618819502 0 0 0 0.00709170109274827 0 0 0 0 0.0392162735941167 0 0.00541452577061511 0 0.0101361862802603 0 0 0 0 0 0 0 0 0 0 0 0.00551299741527426 0.0952836998415158 0 0 0.414016341325976 0.128270330516408 0.0479967129226912 0 0.0668120766958046 0.176292707377372 0.00593333667756887 0.0113025051689848 0 0.0108439106856928 0.00672454054335284 0.0363893224377969 0.0104761116313943 0.0224917101365777 0.0359967103873079 0 0 0 0 0 0 0 0 0 0 0 0 0 0 0 0 0 0 0 0 0 0 0 0 0 0 0 0 0 0.00581608087751071 0 0.0138961197074619 0 0.00410984261899981 0 0.00918915495152756 0 0.0048074088321726 0.00851519407443182 0 0 0 0 0 0.0260904139854821 0.00783876713497718 0.00413809948759071 0 0 0
0 0.0249408954127414 0 0 0 0 0 0 0 0 0 0 0 0.259299418120091 0 0 0 0 0 0 0 0 0 0 0.525655129759953 0 0 0 0.0580897921940851 0 0 0 0 0 0 0 0 0 0 0 0 0 0 0.003971251553566 0 0.123024605951624 0 0 0 0 0 0 0 0 0 0 0 0 0 0 0 0 0 0 0 0 0 0 0 0 0 0 0 0 0 0 0 0 0 0 0 0 0 0 0 0 0 0 0 0 0 0 0 0 0 0
0 0 0.0378384489977402 0 0 0 0 0 0 0 0 0.106443016141795 0 0 0 0.0267110787242443 0 0 0 0 0 0 0 0 0 0 0.0999247586287438 0.0982683831582929 0.0133295262530404 0.414016341325976 0 0 0.0351747398638083 0.0466230750337869 0 0.00553997246415679 0.0115977693956198 0.132423606087272 0.0426604241766548 0.0353889844750468 0.12954296190153 0.0253970803733838 0.100281593687133 0.0128112807597146 0.119835904706508 0.034196203194902 0 0 0 0 0 0 0 0 0 0 0 0 0 0 0 0 0 0 0 0 0 0 0 0 0 0 0 0 0.00361382281327597 0.0253796735485735 0 0.0159739600710563 0 0.0183455282039313 0 0.0059819831467973 0 0 0 0 0 0 0 0 0.0492893578239457 0 0.0145128670987363 0 0 0
0.00307023844083394 0.199417465207627 0.00705332274116337 0 0 0 0.0664315797485006 0 0 0.0094288055272585 0 0.0218403933885272 0 0.0118608323022592 0 0.0234997093586744 0 0 0 0 0.00543480718695265 0.0993795921723935 0.00997858590556002 0 0.0144674105876953 0.00948644660399063 0.00480848768963745 0 0.158599695544607 0.128270330516408 0 0.0351747398638083 0 0.00411874552946688 0 0.36542650696666 0.0364197071616681 0.0213244876069485 0.00296123006490228 0 0 0.00564971176471585 0.0210110930052083 0.0241859016014676 0.00553373879111005 0.0223115047325248 0 0 0 0 0 0 0 0 0 0 0 0 0 0 0 0 0 0.00545989169324208 0 0 0 0 0 0 0.00406841450966804 0 0 0.00426554345701872 0 0 0 0 0 0 0 0 0 0.00296148424566571 0.00381687466968952 0 0 0 0 0 0.0128841549282519 0 0 0 0 0
0 0 0 0 0 0 0 0 0 0.00524140684898421 0 0 0 0 0 0.00595633079903799 0 0 0.0293642570489055 0 0 0.123154640193731 0.00887987620430034 0 0 0.0482577091845518 0.360349933154923 0.0738578516127486 0 0.0479967129226912 0 0.0466230750337869 0.00411874552946688 0 0 0.0652435154262307 0.195194315132814 0 0 0 0 0 0.0556973697957585 0 0 0 0 0 0 0.00331400772289175 0 0 0 0 0 0 0 0.00432581125188536 0 0 0 0 0 0.0189652391337699 0 0 0 0 0 0.0032306676117104 0.0105436107166426 0 0.00421499470456663 0.0239752872870616 0.0116167193407292 0.00669302398686305 0 0.00718030777472197 0 0 0.0112260757796235 0.0144506313675464 0 0.0150984301615531 0.013519833636042 0 0 0 0 0.00411395193112863 0.0801297677418896 0.0173917631026274 0 0 0 0
0 0 0 0.004334202297007 0 0.00474987124134115 0 0.0113270572529462 0 0 0 0 0 0 0.0427815606752225 0.00333329100287012 0 0 0 0.293982425373408 0 0 0 0.0957250931555718 0 0 0 0.0210103232606381 0 0 0 0 0 0 0 0 0 0 0.117102684024829 0.0742709392852051 0 0.0230974979868376 0.0133477699010495 0.00797300172963588 0.231724183618345 0.01016076523295 0 0 0 0 0 0 0 0 0 0 0 0 0 0 0 0 0 0 0 0 0 0.00555012077446992 0 0 0 0.00385622800366689 0 0 0 0.00376008185109505 0 0 0 0 0 0 0.00310691985145658 0 0 0 0 0 0 0.0031550636941999 0.0195528169624883 0 0.0820623839602787 0 0 0
0 0.0116695056850297 0 0 0 0 0.0116559266250904 0 0 0.0175286081366914 0 0.00338006595236004 0 0.00409622156350308 0 0.0278553405474031 0 0 0 0 0.00688390870887842 0.128772240733774 0.0312970828806894 0 0 0.0198113355191546 0.025927804987008 0 0.01205528312946 0.0668120766958046 0 0.00553997246415679 0.36542650696666 0.0652435154262307 0 0 0.256043323704137 0 0.00728355787389495 0 0 0.00829083868412579 0.0411735141052377 0.0223571245557158 0.00463680194812369 0.0121992387299957 0 0 0 0 0 0 0 0 0 0 0 0.00543865921973788 0 0 0 0 0 0.0183516122464304 0 0 0 0 0 0.00372251364253372 0.0251783007504962 0 0 0.0261105210476941 0.00360109006767936 0 0 0 0 0 0 0.00486115174139 0 0 0.0051363268457225 0 0 0 0 0.00413225081368127 0.0268690385043694 0.00646308461553217 0 0 0 0
0 0.00527809061315488 0 0 0 0 0 0 0 0.00490948363799279 0 0 0 0 0 0.0106540629591112 0 0 0 0 0 0.0192251400826336 0.0032051267071686 0 0.00634663145343455 0.0201961986182647 0.0354311277325265 0.00592162990672558 0.0113260237754095 0.176292707377372 0 0.0115977693956198 0.0364197071616681 0.195194315132814 0 0.256043323704137 0 0 0 0 0 0.0156694085675096 0.110582382980513 0.0339119713379794 0.00758637438266655 0.00351227741611167 0 0 0 0.00377764801503795 0 0 0 0 0 0 0 0.00620240591503151 0 0 0 0 0 0.0281287471483212 0 0 0 0 0 0 0.00465750839460277 0 0.00477055880534906 0.0163921088881327 0.00334079038783759 0 0 0.00469077016679165 0 0 0.0135281100155223 0.00916370866911125 0 0.0101663781575949 0.0126452294776263 0 0 0 0 0.00422717007856224 0.0678343021672588 0.0186804847652297 0 0 0 0
0 0 0.0125635754318531 0 0 0 0 0 0 0 0 0.202591812235436 0 0 0 0.0114836601866006 0 0.0393264931294277 0 0 0 0 0 0.0948574182426676 0 0 0 0 0 0.00593333667756887 0 0.132423606087272 0.0213244876069485 0 0 0 0 0 0.104085069692713 0 0.0320416293194405 0.00336038765863609 0 0 0.0499783931516383 0.0102770962472859 0 0 0 0 0 0 0 0 0 0 0 0 0 0 0 0 0 0 0 0 0 0 0 0 0 0 0 0 0 0 0 0 0 0 0 0 0 0 0 0 0 0 0 0 0 0 0 0 0 0
0 0 0.00816837386028899 0 0 0 0.00910977484592376 0.00330040484500073 0 0.00307006017213666 0 0.00875966055438666 0 0.0036255881787761 0 0.0115518371490427 0 0.0220647163983134 0 0 0 0 0 0.294592750657737 0 0 0 0.00953429793865963 0 0.0113025051689848 0 0.0426604241766548 0.00296123006490228 0 0.117102684024829 0.00728355787389495 0 0.104085069692713 0 0.0587008694438608 0.408817870006616 0.0175644727174725 0.00414585490339766 0.00871432834594935 0.165818261226164 0.022774014659511 0 0 0 0 0 0 0 0 0 0 0 0 0 0 0 0 0 0 0 0 0 0 0 0 0 0 0 0 0 0 0 0 0 0 0 0 0 0 0 0 0 0.00695778437567453 0 0 0.0559535870325848 0 0.0404093953013127 0 0 0
0 0 0 0 0 0 0 0.00415949322639883 0 0 0 0 0 0 0 0 0 0 0 0.0186814541514518 0 0 0 0 0 0 0.00881021547915026 0.312298966540693 0 0 0 0.0353889844750468 0 0 0.0742709392852051 0 0 0 0.0587008694438608 0 0.0796949997747721 0.00746369881876624 0.0547238742126809 0 0.182358191348732 0.00379543037771434 0 0 0 0 0 0 0 0 0 0 0 0 0 0 0 0 0 0 0 0 0 0 0 0 0 0.00395842422408821 0 0 0 0.0146919176971036 0 0 0 0 0 0 0.00350388006756258 0 0 0.00366916958865136 0.00669970613686182 0.0269587881019989 0 0.00397362684046905 0.140305961972434 0 0.102753724492181 0 0 0
0 0 0.0239672018202933 0 0 0 0 0 0 0 0 0.00315846221198164 0 0 0 0.021955348687124 0 0 0 0 0 0 0 0.00864915310215193 0 0 0 0.00489932857092804 0 0.0108439106856928 0 0.12954296190153 0 0 0 0 0 0.0320416293194405 0.408817870006616 0.0796949997747721 0 0.00889690700655847 0.0189854122350375 0.00600498659235044 0.104119625395937 0.0312174815023701 0 0 0 0 0 0 0 0 0 0 0 0 0 0 0 0 0 0 0 0 0 0 0 0 0 0 0 0 0 0 0 0 0 0 0 0 0 0 0 0 0 0.0044362239619186 0 0 0.036423526042981 0 0.00865565876613122 0 0 0
0 0 0.0342113167836097 0.00866918148299714 0 0.110208640617997 0 0.0368913702375553 0 0.0056660217673546 0.0266344228665834 0.0553674889123877 0 0 0.0214715879032981 0.0316027197561182 0 0.0095411364945308 0 0.00758250305190734 0 0 0 0.0304763567210294 0.0048274141323766 0.0129797011273302 0.00322775580143648 0.00837634874034688 0.00682494533479135 0.00672454054335284 0 0.0253970803733838 0.00564971176471585 0 0.0230974979868376 0.00829083868412579 0.0156694085675096 0.00336038765863609 0.0175644727174725 0.00746369881876624 0.00889690700655847 0 0.294437017911084 0.222329432433895 0.18822275201842 0.0755454980364098 0.0649276518808721 0.00370729516628592 0 0 0.013530744018834 0 0 0.113082543002366 0 0.0147320520738282 0 0 0.00871039015361501 0.00903701751685802 0 0 0.00392529886935637 0 0 0 0 0.00778549253212209 0 0 0 0.00440368013823713 0 0.00681165341134515 0 0.0079611591143128 0 0 0 0 0 0 0.0127184002805309 0 0 0 0.00408488243687708 0.00492847047823117 0.0030129326557748 0.19553805787327 0.0130842022850096 0 0.0262678039722562 0.0281404275906815 0.00830582302534907 0.00538621601920772
0 0.018756931751514 0.00743561764994091 0 0 0.0253679698511596 0.0030357394102887 0.00331617760264715 0 0.0201061649975693 0.00338884034163649 0.0129066422079622 0.0039132646478254 0.0111518461701003 0.0121978560929839 0.195207922182074 0 0 0.00572627660519951 0 0.0103500379264804 0.013348704309362 0.0624182094371219 0.0113901154642539 0.0144670685545946 0.0152343452450156 0.0227632752359862 0.00823056213317203 0.0234378433561025 0.0363893224377969 0 0.100281593687133 0.0210110930052083 0.0556973697957585 0.0133477699010495 0.0411735141052377 0.110582382980513 0 0.00414585490339766 0.0547238742126809 0.0189854122350375 0.294437017911084 0 0.284043312077834 0.143378098355399 0.00986747049014693 0.003443468410003 0.00776651977733488 0 0.00486619404892648 0 0 0 0 0 0 0 0.00460073995351588 0 0 0.00679293640431814 0.00324720517291011 0 0.0506048462340395 0 0 0.00679495547902507 0 0.00488381715677982 0.00710952314803272 0.04474752420855 0 0.0136485923567624 0.00876472402759698 0.00845165807042124 0.0151353043681159 0 0.026177800891461 0 0.0363472229444456 0.00825234309172273 0.0428026687975859 0 0.0261676451037004 0.0561891557765292 0 0 0.0249948782376743 0 0.00665488067611776 0.236216996416505 0.022566818131016 0.027539076801281 0 0 0
0.0108351767538799 0.0186469309744093 0.00829784736904457 0 0.00328634569549924 0 0.00475466533207715 0 0 0.0204164942821673 0 0.00974922905932115 0 0.0148980269229048 0.00408774444694538 0.174717747118878 0 0 0 0 0.00545660775954913 0.00983685493071679 0.0107009386321207 0.00669714478670899 0.0284998844167645 0.0186680648272074 0.00726531485124327 0 0.0204764644235842 0.0104761116313943 0.003971251553566 0.0128112807597146 0.0241859016014676 0 0.00797300172963588 0.0223571245557158 0.0339119713379794 0 0.00871432834594935 0 0.00600498659235044 0.222329432433895 0.284043312077834 0 0.123134904409617 0.0326186408558801 0 0 0 0 0 0 0 0 0 0 0 0 0 0 0 0 0 0.00358368619538545 0 0 0 0 0 0 0 0 0.00669983644930865 0.0112566923621325 0.00310262186203244 0 0 0.00703142428304367 0 0 0.00347117884898884 0.0143860242382375 0 0.014404506259225 0.0144644097055236 0 0 0 0 0 0.0211840837107276 0.00927410250158215 0.00408903324964889 0 0 0
0.00464055530745846 0.00420923195098618 0.0364622191545929 0.0477606424792236 0 0.053741413943898 0 0.103830512301426 0 0.00443297531171089 0.00690327062216634 0.106443511187246 0 0.00331453704937142 0.179554856474849 0.0249471219861302 0.00696436426278285 0.0893840603623444 0 0.102817670777607 0 0 0 0.162931508514528 0 0 0 0.0344870017285419 0.026774115500853 0.0224917101365777 0 0.119835904706508 0.00553373879111005 0 0.231724183618345 0.00463680194812369 0.00758637438266655 0.0499783931516383 0.165818261226164 0.182358191348732 0.104119625395937 0.18822275201842 0.143378098355399 0.123134904409617 0 0.0976319533254087 0.0502192632171265 0.221096365936802 0 0 0 0.00628455856986779 0 0.0138266205350336 0 0.0105110925510023 0 0 0 0.00344423945376763 0 0 0.0327093547447929 0 0.0273390775536961 0.00803583944806293 0 0.0377453872060905 0 0 0 0.0161368754913316 0 0 0 0.0192071045574987 0 0.00800452902744411 0 0.0154669139567764 0 0 0.0246593783906864 0 0 0.00434322878416396 0.0106300358799574 0.0654156286105829 0.0159275397159384 0.0140907614717735 0.0925176325963831 0 0.14674110334428 0.00644687734323048 0 0.0274386748231366
0.0573696439951163 0.0313878443194866 0.128040875407324 0.128476951779189 0.0513242258340049 0.0390919676967336 0.0255628987897572 0.0926778671694714 0.00554524800442054 0.0540793343462244 0.221968473845873 0.146458981350706 0.0378504821768282 0.317534365994656 0.0119690240869294 0.066368959847802 0 0.00846372046657084 0.0148535799038749 0.00480368039007106 0.0269954943884493 0.0176917190860725 0.0362822140271543 0.0258370803636519 0.0821534821912668 0.00663395799589051 0.00340732685094984 0.00826802108363263 0.0885368042831606 0.0359967103873079 0.123024605951624 0.034196203194902 0.0223115047325248 0 0.01016076523295 0.0121992387299957 0.00351227741611167 0.0102770962472859 0.022774014659511 0.00379543037771434 0.0312174815023701 0.0755454980364098 0.00986747049014693 0.0326186408558801 0.0976319533254087 0 0.261586196303282 0.18254941009966 0 0 0.00387543365137935 0 0 0 0 0 0 0 0 0 0 0 0.0040114483666623 0.00377885367278667 0 0 0 0.00642308406765696 0 0 0 0.00359400586563196 0 0.00703237146075297 0 0.00446501600465627 0 0 0 0 0 0.00381875925023274 0.00348842984299164 0 0.00480311101221976 0 0 0.00431990187814101 0 0.00432676515112875 0.00623562649364011 0 0.0124475915434731 0.00495184703767945 0 0.0206630636551033
0.0478511340929219 0.00910169988224734 0.25048861185807 0.22229759385756 0 0.125044821961551 0.0056226013815134 0 0 0.00403548849363514 0 0 0 0 0 0.0103253632504563 0 0 0 0 0.00356622150746223 0 0 0 0 0 0 0 0 0 0 0 0 0 0 0 0 0 0 0 0 0.0649276518808721 0.003443468410003 0 0.0502192632171265 0.261586196303282 0 0.0419933559863063 0 0 0 0 0 0 0 0 0 0 0 0 0 0 0 0 0 0 0 0 0 0 0 0 0 0 0 0 0 0 0 0 0 0 0 0 0 0 0 0 0 0 0 0 0 0 0 0
0.0048454038407389 0 0.0259045994777869 0.110205665611845 0 0.22335277131437 0 0.00817033736872812 0 0 0 0 0 0 0.0133365596426288 0.00402182501778489 0.232713901681702 0 0 0.0173809398694632 0 0 0 0 0 0 0 0 0 0 0 0 0 0 0 0 0 0 0 0 0 0.00370729516628592 0.00776651977733488 0 0.221096365936802 0.18254941009966 0.0419933559863063 0 0 0 0.0112599419455785 0 0 0.00820280917319818 0 0 0 0 0 0 0 0 0 0 0.00894284722396578 0 0 0 0 0 0 0 0 0 0 0 0 0 0 0 0 0 0 0 0 0 0 0 0 0 0 0 0.00455703498656294 0.0133100596419971 0 0.137528612347073
0 0 0 0 0 0 0 0 0 0 0 0 0 0 0 0 0 0 0 0 0 0 0 0 0 0 0 0 0 0 0 0 0 0 0 0 0 0 0 0 0 0 0 0 0 0 0 0 0 0.232233824968031 0.184445205009542 0.112834479117538 0.0461301286289144 0.00640973744676535 0.0656811401159937 0.00821486673493652 0.0658783063427626 0.207448449979266 0 0 0.0147554425300783 0.0049575343723831 0 0.39725686571877 0 0 0.0137265634041712 0 0.0896340815579191 0.0054539362360555 0.019878560109626 0 0 0 0.00572872071633914 0 0 0 0 0 0.00411580822755146 0 0 0 0 0 0 0 0 0.00691001849710764 0.00845603224304063 0.0345687029492277 0 0.0338704146476592 0 0.00459098823044419
0 0 0 0 0 0 0 0 0 0 0 0 0 0 0 0.00423868611556254 0 0 0 0 0 0 0 0 0 0.00507472433657168 0 0 0 0 0 0 0 0.00331400772289175 0 0 0.00377764801503795 0 0 0 0 0 0.00486619404892648 0 0 0 0 0 0.232233824968031 0 0.0238880453751681 0.0201474653503249 0.162605241634633 0 0.462227815973547 0.00396694982149091 0.030846082155374 0.0518970240646486 0.012616939399298 0.0361063361240302 0.0261539287935041 0.164436140669642 0 0.0256722499414835 0 0.0129905108693042 0.0156438203925893 0 0.0420614456491796 0.0433722682497237 0.0182608818764298 0 0.316452965462392 0.00629219284988657 0 0 0.0342646349571321 0.00295462419004821 0.0337927024715446 0.00444714992870995 0.19576665000383 0 0 0.0152118053081262 0.00307136246474739 0.00405370662201531 0.00453767086938601 0 0.00504980051179407 0 0.00406019396947742 0.0239653402991868 0 0.0113833870454205 0 0
0 0 0 0 0 0.0208007118004282 0 0 0 0 0 0 0 0 0 0 0 0 0 0 0 0 0 0 0 0 0 0 0 0 0 0 0 0 0 0 0 0 0 0 0 0.013530744018834 0 0 0 0.00387543365137935 0 0.0112599419455785 0.184445205009542 0.0238880453751681 0 0.17662120611391 0.0221761388159282 0.0958090006243578 0.0121267965320906 0.0240909519849913 0.00415718975251332 0.0421119849067211 0 0.00445760113099845 0.0223002902587171 0.00772607798387544 0 0.221472902748083 0 0 0.0138675486773443 0 0.0193287105176523 0.00953559236754496 0.0145406152406608 0 0 0 0 0 0 0.0123020787159269 0 0.0142975614154238 0.00539320782141387 0 0.0226394247889128 0.00512346650648762 0.00753348282266785 0.0112028667446752 0.036419966640583 0.010917997502993 0.0224153185094587 0.0107206207592049 0.00591162244765765 0.0170566644062098 0.0157868055045771 0.211893818713837 0.131758337205643 0.0362677261514051
0 0 0 0 0 0.0114580376455849 0 0 0 0 0 0 0 0 0.00834318976609463 0 0 0 0 0.0076224012514479 0 0 0 0 0 0 0 0 0 0 0 0 0 0 0 0 0 0 0 0 0 0 0 0 0.00628455856986779 0 0 0 0.112834479117538 0.0201474653503249 0.17662120611391 0 0.162050396590678 0.34099467892978 0.00930334961411703 0.187569908930339 0 0.0121599434043922 0.0823297436932163 0.0123494395945715 0.00670307351188425 0.0141162710098164 0.0663864321376627 0.00900053657295827 0.0914726639837917 0 0.00303189007988474 0.0474759437072167 0.0133511541695766 0 0.00309885633382916 0 0 0 0 0 0 0 0 0 0 0 0 0 0 0 0 0 0 0.00871071517941632 0.00487223531954183 0 0.0488404754686061 0.189284695760197 0 0.0919320484707007
0 0 0 0 0 0 0 0 0 0 0 0 0 0 0 0 0 0 0 0 0 0 0 0 0 0 0 0 0 0 0 0 0 0 0 0 0 0 0 0 0 0 0 0 0 0 0 0 0.0461301286289144 0.162605241634633 0.0221761388159282 0.162050396590678 0 0 0.0062122515069133 0.0529522630916255 0 0.0245137634996835 0.246779385842259 0.037139097225249 0.00975923191280547 0.313911979720104 0.00342863460794927 0.00986627359440712 0 0 0.00588358468804791 0.00442551785989304 0.0112403267102856 0.00300857949503769 0.00607359642307707 0.00412039027419823 0 0 0 0 0.00316798791732434 0 0 0 0 0 0 0 0 0 0 0 0 0 0 0.00423719320090847 0.00347686777541304 0.0446218797607513 0 0
0 0 0 0.00329279192497068 0 0.0633915919730642 0 0 0 0 0 0 0 0 0.00733981880300721 0 0.0166540624821969 0 0 0.0251976189099563 0 0 0 0 0 0 0 0 0 0 0 0 0 0 0 0 0 0 0 0 0 0.113082543002366 0 0 0.0138266205350336 0 0 0.00820280917319818 0.00640973744676535 0 0.0958090006243578 0.34099467892978 0 0 0 0.0115055656968981 0 0 0.00418390223443211 0 0 0 0.048590415674717 0 0.350456051858339 0 0 0.114139779105446 0 0 0 0.00451127498683173 0 0 0 0.00601983762700068 0 0 0 0 0 0 0.00586561972127702 0 0 0 0 0 0 0.0316941367273389 0.0341450553791368 0 0.0261690863504302 0.0376828877571232 0.0148905285039709 0.126244742681039
0 0 0 0 0 0 0 0 0 0 0 0 0 0 0 0 0 0 0 0 0 0 0.00403235990337567 0 0 0 0 0 0 0 0 0 0 0 0 0 0 0 0 0 0 0 0 0 0 0 0 0 0.0656811401159937 0.462227815973547 0.0121267965320906 0.00930334961411703 0.0062122515069133 0 0 0.00472569574680084 0.235451940721731 0.00665508276645115 0 0.0089799253929941 0.0762249347873961 0 0 0.00963167114546886 0 0.00634351083402147 0.00642812102231166 0 0.151276945498503 0.172651716239838 0.0202606247623398 0 0 0.0041129240829965 0 0 0 0.00338981986955143 0 0.00672589918637775 0.0742328110955181 0 0 0.00991759619710092 0 0.00763843010176903 0.0042810898129297 0.00434947239922509 0.00708543261130817 0 0.0037934160757919 0.00524866809220661 0.00332429812730893 0.00891328493293645 0 0
0 0 0 0 0 0 0 0 0 0 0 0 0 0 0.0130993593036102 0 0 0 0 0.00974666841008082 0 0 0 0 0 0 0 0.00383696836207408 0 0 0 0 0 0 0 0 0 0 0 0 0 0.0147320520738282 0 0 0.0105110925510023 0 0 0 0.00821486673493652 0.00396694982149091 0.0240909519849913 0.187569908930339 0.0529522630916255 0.0115055656968981 0.00472569574680084 0 0 0.0109071460351357 0.0884055019549607 0.0811842096034008 0.00691717350708276 0.0168892266465838 0.0480033486805468 0.00461797075766231 0.00615097359439487 0.150915592193569 0 0.0244095454326584 0.00537330075045523 0 0 0.290626354229842 0 0 0 0.00669966264716979 0 0 0 0 0 0 0.00552729280054511 0 0 0 0.00902939843298216 0 0 0.0406819260815021 0.0160666952772085 0 0.169722696221159 0.106001468641232 0 0.038589721632376
0 0 0 0 0 0 0 0 0 0 0 0 0 0 0 0 0 0 0 0 0 0 0 0 0 0 0 0 0 0 0 0 0 0 0 0 0 0 0 0 0 0 0 0 0 0 0 0 0.0658783063427626 0.030846082155374 0.00415718975251332 0 0 0 0.235451940721731 0 0 0.0157113548420796 0 0 0.0888883132578864 0 0 0.0052125315978261 0 0 0.0100135787838392 0 0.479264816793011 0 0.0103550118409309 0 0 0 0 0 0 0 0 0 0 0 0 0 0 0 0 0 0 0 0 0 0 0.00429986108859993 0 0
0 0 0 0 0 0 0 0 0 0.00306759826964532 0 0 0 0 0 0.0110716659998666 0 0 0 0 0 0 0 0 0 0.00460125763343738 0 0 0 0 0 0 0 0.00432581125188536 0 0.00543865921973788 0.00620240591503151 0 0 0 0 0 0.00460073995351588 0 0 0 0 0 0.207448449979266 0.0518970240646486 0.0421119849067211 0.0121599434043922 0.0245137634996835 0 0.00665508276645115 0.0109071460351357 0.0157113548420796 0 0.00353320548865566 0 0.0493669457371242 0.00747456171732492 0 0.346638500544821 0 0 0.107377401844011 0 0.221201583600004 0.0142422914921751 0.125373797867247 0 0 0.00860215404083849 0.0165926787538174 0 0 0 0 0 0.0080649717318585 0.00889240624881865 0 0.0129269091637445 0.0186985921096425 0 0 0 0 0.0291979235489573 0.0365393741864947 0.0981716466434424 0.00428908100392026 0.0549153736737127 0 0.00483683243867914
