0 0.180030974768596 0.231073872185518 0.0485389461820864 0.0727541537576552 0 0.267790344977951 0.014231431308837 0.141093631922669 0.226798637724626 0.0508995554749614 0.00759948694385794 0.0163611981110736 0.00145704836631954 0 0.259481891965602 0 0 0.0148456331229167 0 0.142699180784591 0.00451693778578916 0.0316141526055315 0 0 0.00479486873975993 0 0 0 0 0 0 0.00148855178069881 0 0 0 0 0 0 0 0 0.00140560005242884 0.00503343379473988 0.00504200234933445 0.00312460996066323 0.0319241717654163 0 0 0 0 0 0 0 0 0 0 0 0 0 0 0 0 0 0 0 0 0 0 0 0 0 0 0 0 0 0 0 0 0 0 0 0 0 0 0 0 0 0 0 0 0 0 0 0 0 0
0.180030974768596 0 0 0 0.120717754745616 0 0.426905527980083 0.00451488272190394 0.00331857918502503 0.0090828459570437 0.0117274205932808 0.00509560338749453 0.0455952530122298 0.246690484740238 0 0.0337641871506844 0 0.00214849759389901 0.00910128875860635 0 0.0453033020753347 0.0762811332104202 0.0434971143618155 0 0.406047256894134 0.00385002873082224 0.00285046980211714 0 0.0804453514820189 0.0159021586619576 0.00369531785470793 0.0194055233002652 0.128443418451778 0.00638088800641976 0 0.00909651343694788 0.00835603474536266 0.0143946181393951 0 0 0 0 0.015246442033159 0.00342647462359905 0 0.00889670517904082 0.00235353382077769 0 0 0 0 0 0 0 0 0 0 0 0 0 0 0 0 0 0 0 0 0 0 0 0 0 0 0.00219942286246675 0 0 0 0 0 0 0 0.00372506937881317 0 0.00131235636011373 0.00410016668831351 0 0 0 0 0 0 0.00219044895825094 0 0 0 0
0.231073872185518 0 0 0.144895015662821 0.0616186568870925 0.108703018600689 0.00143237868999226 0.0105081320208759 0 0.0301412181366563 0.0087739319601373 0.0039283068228271 0.0081700175982562 0.00148652952375643 0 0.17147320234068 0 0 0.00406169612562485 0 0.00297277800405979 0.00665315873161946 0.0225693664606948 0 0 0 0 0 0 0.0031195162131421 0 0.00849889069406432 0.00153607275718794 0 0 0.00233315678496587 0.00703762929545571 0 0.00545447219608947 0.00172004694186304 0.0077398145590543 0.0193861942761575 0.00338187735083695 0.0110859937191183 0.00782152340313271 0.130434330541738 0.114306635698094 0 0 0 0 0 0 0.00133496639442582 0 0 0 0 0 0 0 0 0 0 0 0 0 0 0 0 0 0 0 0 0 0 0 0 0 0 0 0 0 0 0 0 0 0 0 0 0 0 0 0 0 0
0.0485389461820864 0 0.144895015662821 0 0.12309226295965 0.508910433027082 0 0.174589008001884 0 0 0.0384763177044109 0 0 0.00318101208753124 0.0782610733508534 0.00265240767184038 0.0361023828164483 0 0 0.0117374519525908 0 0 0 0 0 0 0 0 0 0 0 0 0 0 0 0 0 0 0 0 0 0.00437172542273757 0.0046755463356108 0 0.0518611736412579 0.11883782617899 0.0210948318267432 0.0470009908850476 0 0 0 0 0 0.00388363743521413 0 0 0 0 0 0 0 0 0 0 0.00200606335950093 0 0 0 0 0 0 0 0 0 0 0 0 0 0 0 0 0 0 0 0 0 0 0 0 0 0 0 0 0 0 0
0.0727541537576552 0.120717754745616 0.0616186568870925 0.12309226295965 0 0 0.025442487956992 0.0943217379667122 0 0.0031577440565855 0.280984380862354 0.0371394647468521 0.00710929936384455 0.262029622813693 0 0.0292587775944368 0 0.00236237227328086 0.0021221796680744 0 0.0120774250599578 0.00140225031642968 0.00565702750876623 0 0 0 0 0.00132360423839425 0 0 0 0 0 0 0.00151671001549554 0 0 0 0 0 0 0.00186777058767761 0.00163797712706324 0 0.00699725261521951 0.113846092571903 0 0 0 0 0 0 0 0 0 0 0 0 0 0 0 0 0 0 0 0 0 0 0 0 0 0 0 0 0 0 0 0 0 0 0 0 0 0 0 0 0 0 0 0 0 0 0 0 0 0
0 0 0.108703018600689 0.508910433027082 0 0 0 0 0 0 0 0 0 0 0.0348387593742051 0.00286130711738408 0.189980712950128 0 0 0.0850636047501943 0 0 0 0 0 0 0 0 0 0 0 0 0 0 0 0 0 0 0 0 0 0.0196088187658116 0.0461496241543621 0 0.0469433677861565 0.0710265772798741 0.0176813626234941 0.145148899989863 0 0 0.0113662875814743 0.00171968741957624 0 0.101622120106424 0 0 0 0 0 0 0 0 0 0 0.00442001538932679 0 0 0 0 0 0 0 0 0 0 0 0 0 0 0 0 0 0 0 0 0 0 0 0 0 0 0 0 0 0 0
0.267790344977951 0.426905527980083 0.00143237868999226 0 0.025442487956992 0 0 0.0103138464543849 0.28904331825371 0.00452479733738919 0.0309862937071958 0.00390762607252865 0.0626623325536775 0.00488954586263283 0 0.0275452050305084 0 0 0.00786980946190148 0 0.0688101088263239 0.170382060595232 0.0342387217191669 0 0.00141664674000224 0.00161556552199005 0 0 0 0.00498894550372103 0 0.00500874958439573 0.0688723713961212 0.00140623995016114 0 0.0096664887375916 0.00282512032381719 0.00167968456169213 0 0 0 0.00230370710467958 0.00310072313620742 0.00338727297520924 0.0019246960692149 0.0132171707852802 0.00241036708906277 0 0 0 0 0 0 0 0 0 0 0 0 0 0 0 0 0 0 0 0 0 0 0 0.0022942323998155 0 0 0.00251288060599614 0 0 0 0 0 0 0 0 0 0 0 0 0 0 0 0 0 0 0 0 0 0
0.014231431308837 0.00451488272190394 0.0105081320208759 0.174589008001884 0.0943217379667122 0 0.0103138464543849 0 0 0 0.0975758280906625 0.100443065421301 0 0.0239371475135223 0.119866275884356 0.0141734120885015 0.0139667827861799 0.203349712188752 0 0.00332947228012354 0.00184260067337234 0 0.00190011218222467 0.257743502990047 0 0 0 0.0111130879684974 0 0 0 0 0 0 0.00181244986888491 0 0 0 0.0119866231522473 0 0 0.0280072400740935 0.0153581045193921 0 0.0967838193776184 0.0940736572512581 0 0.0132621268949131 0 0 0 0.00335688434928752 0 0 0 0.0117147130595676 0 0 0 0 0 0 0.00514647558134791 0 0.0161781346237443 0 0 0.0102512756735279 0 0 0 0.00241711535026362 0 0 0 0.00532410047512572 0 0 0 0 0 0 0.00142710762131012 0 0 0 0 0 0 0 0 0 0 0 0 0
0.141093631922669 0.00331857918502503 0 0 0 0 0.28904331825371 0 0 0.00253209270738454 0 0 0.178981909314271 0 0 0.00546899453076543 0 0 0.00201835013968285 0 0.207861217865895 0.00853610225498733 0.0114008724100349 0 0 0.00131747473086287 0 0 0 0 0 0 0.00128180279431601 0 0 0 0 0 0 0 0 0 0 0 0 0 0 0 0 0 0 0 0 0 0 0 0 0 0 0 0 0 0 0 0 0 0 0 0 0 0.0025558814049859 0 0 0.00252096975958696 0 0 0 0 0 0 0 0 0 0 0 0 0 0 0 0 0 0 0 0 0 0
0.226798637724626 0.0090828459570437 0.0301412181366563 0 0.0031577440565855 0 0.00452479733738919 0 0.00253209270738454 0 0.0165441983642791 0.00238865936099655 0.0204203405358803 0.00302672529803513 0 0.404269377585079 0 0 0.08885961016931 0 0.168183589165326 0.00612082247383874 0.142129675396403 0 0 0.0465112492712899 0.0229637885649776 0 0 0 0 0 0.00246330532035656 0.00240410809170557 0 0.00158180685832693 0.00349081149935995 0 0 0 0 0.00518811723114289 0.00605653252704488 0.228773915330186 0.00171882090572769 0.0196004119504537 0 0 0 0 0 0 0 0 0 0 0 0 0 0 0 0 0 0 0 0 0 0 0 0 0 0 0 0 0 0 0 0 0 0 0 0 0 0 0 0 0 0 0 0 0 0 0 0 0 0
0.0508995554749614 0.0117274205932808 0.0087739319601373 0.0384763177044109 0.280984380862354 0 0.0309862937071958 0.0975758280906625 0 0.0165441983642791 0 0.3142523119489 0.00654637774557217 0.217469838516556 0 0.0560238733367438 0 0.00280106335416666 0.00496462341636791 0 0.0193058825169971 0.00178518848536474 0.0156175471928842 0 0.00182485668574523 0 0 0.00154637009353961 0.00208219341777708 0 0 0 0 0 0 0 0 0 0 0 0 0.00899877659968609 0.00276585258382594 0 0.0118347440861248 0.315937428720752 0 0 0 0 0 0 0 0 0 0 0 0 0 0 0 0 0 0 0 0 0 0 0 0 0 0 0 0 0 0.00140950346557114 0 0 0 0 0 0 0 0 0 0 0 0 0 0 0 0 0 0 0 0
0.00759948694385794 0.00509560338749453 0.0039283068228271 0 0.0371394647468521 0 0.00390762607252865 0.100443065421301 0 0.00238865936099655 0.3142523119489 0 0 0.0785006921188151 0 0.00786367384037166 0 0.316110018836396 0 0 0.00241425889994498 0 0.00192270117308569 0.0180155780102815 0.00235835231175191 0 0 0.00814616196151066 0.0464435443593178 0.0243591810116297 0 0.0850745081245657 0.00196583819730847 0 0.0108726240293016 0 0 0.276323223892502 0.012892732622607 0.0053006124302213 0.0013709916308245 0.0295764748386117 0.00441394313855386 0 0.0807180872387142 0.163787003665491 0 0 0 0 0 0 0 0 0 0 0 0 0 0 0 0 0 0 0 0.00192211075046627 0 0 0 0 0 0.0012981125783746 0 0 0 0.00770917627277903 0 0 0 0 0 0 0.00192551052979012 0 0 0 0 0 0 0 0 0 0.00763568986195501 0 0 0
0.0163611981110736 0.0455952530122298 0.0081700175982562 0 0.00710929936384455 0 0.0626623325536775 0 0.178981909314271 0.0204203405358803 0.00654637774557217 0 0 0.0148387512953965 0 0.0475817047534877 0 0 0.297325372135404 0 0.323912128441272 0.141060476759687 0.210815945785646 0 0 0 0 0 0 0 0 0 0 0 0 0 0 0 0 0 0 0 0.00206364054832204 0.00434716906949918 0 0.0179413785479816 0.00154312409478086 0 0 0 0 0 0 0 0 0 0 0 0 0 0 0 0 0 0 0 0 0 0 0 0.00152784237629855 0 0 0.0019098078279133 0 0 0 0 0 0 0 0 0 0 0 0 0 0 0 0 0 0 0 0 0 0
0.00145704836631954 0.246690484740238 0.00148652952375643 0.00318101208753124 0.262029622813693 0 0.00488954586263283 0.0239371475135223 0 0.00302672529803513 0.217469838516556 0.0785006921188151 0.0148387512953965 0 0 0.0514315293788746 0 0 0.00364215476848573 0 0.00653747174826195 0.0190925053142688 0.0241081259159071 0 0.149637911350011 0 0.00152654537649494 0 0.0909538398159888 0.00935434769936236 0.280963541907852 0.00345851646197801 0.00832656258009806 0.00181239327639477 0.00247699954798618 0.00312492357394221 0.00170622281890695 0.00240518641162119 0.00365543995535162 0.00395058673893128 0.00331590142052585 0.0019195130980888 0.00837349935708241 0.00399150484827761 0.00309760982173619 0.337973894482079 0.00418647160796355 0 0 0 0 0 0 0 0 0 0 0 0 0 0 0 0 0 0 0 0 0 0 0 0 0 0 0 0 0 0 0 0 0 0 0 0 0 0 0 0 0 0 0 0 0 0 0 0 0
0 0 0 0.0782610733508534 0 0.0348387593742051 0 0.119866275884356 0 0 0 0 0 0 0 0 0.0601831803961535 0 0 0.425407729677779 0 0 0 0.177427170315798 0 0 0 0.0768967410733252 0 0 0 0 0 0 0.0037336407816184 0 0 0 0 0 0 0 0 0 0.0183605406866211 0.00159412697153933 0 0.0017019001170945 0 0 0 0.00593668183399006 0 0 0 0.0469613045922011 0 0 0 0.00154259890416891 0 0 0.0225189935851166 0 0.0414112486020048 0.00174465496507982 0 0.0205038465615968 0 0 0 0.00174787591963543 0 0 0 0.0306140524697262 0 0 0 0 0 0 0 0 0 0 0 0 0 0 0 0 0.00336114924360197 0.00166045715167594 0 0
0.259481891965602 0.0337641871506844 0.17147320234068 0.00265240767184038 0.0292587775944368 0.00286130711738408 0.0275452050305084 0.0141734120885015 0.00546899453076543 0.404269377585079 0.0560238733367438 0.00786367384037166 0.0475817047534877 0.0514315293788746 0 0 0 0 0.0217173241311254 0 0.0907861014091406 0.0660511936308247 0.1963642616251 0 0.0244508638106059 0.138804280512647 0.0279476986862707 0.00141013330146037 0.00209109151278203 0.00267714207964628 0.00335385491608283 0.00340746670544848 0.0566703401780648 0.0118510215378363 0.00380843018277806 0.0458433352204572 0.0325712896157309 0 0.00874008326572476 0.00584031639041529 0.00891900835632079 0.0542161709035165 0.183554455469446 0.252386879172494 0.0284975404106658 0.0654104835353833 0.0340017433256179 0 0 0 0 0 0 0 0.00183503195117074 0 0 0 0 0 0 0 0 0.0278878959242358 0 0 0.00149479470553545 0 0 0.0136468980049594 0.02370228196412 0 0 0.0331800058685253 0.0112476150660391 0 0 0 0 0 0.00359138986832213 0.0131499455487107 0 0.00492304572513571 0.00963031120403641 0 0 0 0 0.00282178302192273 0.0241042151969213 0.00721201961030602 0 0 0 0
0 0 0 0.0361023828164483 0 0.189980712950128 0 0.0139667827861799 0 0 0 0 0 0 0.0601831803961535 0 0 0 0 0.292400808676223 0 0 0 0 0 0 0 0.0795820718202333 0 0 0 0 0 0 0 0 0 0 0 0 0 0 0 0 0.0416275596581356 0.00130839143362539 0 0.192829871974317 0 0 0 0.013016935772488 0 0.0444921417094413 0 0.0233053488833905 0 0 0 0 0 0 0.0169122061150866 0 0.207866452642569 0 0 0.0594681767324655 0 0 0 0 0 0 0 0 0 0 0 0 0 0 0 0 0 0 0 0 0 0 0 0 0.0085387161845819 0 0 0.00377634356706944
0 0.00214849759389901 0 0 0.00236237227328086 0 0 0.203349712188752 0 0 0.00280106335416666 0.316110018836396 0 0 0 0 0 0 0 0 0 0 0 0.160369870277955 0 0 0 0.0159565656766294 0 0 0 0.00199638764715975 0 0 0.00306113584187391 0 0 0.0762567622601717 0.0285795260192777 0 0 0.0146359603098407 0.00344048156097995 0 0.0626527020348589 0.0254721137264728 0 0 0 0 0 0 0 0 0 0.00168888190684096 0 0 0 0 0 0 0.00209394994828138 0 0 0 0 0.00261393775944575 0 0 0 0.00222677259847435 0 0 0 0.00956890286471629 0 0 0 0 0 0 0 0 0 0 0 0 0 0 0 0 0.00174481477931261 0 0 0
0.0148456331229167 0.00910128875860635 0.00406169612562485 0 0.0021221796680744 0 0.00786980946190148 0 0.00201835013968285 0.08885961016931 0.00496462341636791 0 0.297325372135404 0.00364215476848573 0 0.0217173241311254 0 0 0 0 0.244291737325891 0.179876223108587 0.468265780212462 0 0 0.0140108736915981 0.00381767237907541 0 0 0 0 0 0 0.0031992007179407 0 0 0 0 0 0 0 0 0 0.00214838985128279 0 0.00669651014239003 0 0 0 0 0 0 0 0 0 0 0 0.00132167533292534 0 0 0.00324751311185571 0 0 0 0 0 0.0369838738000949 0 0 0 0.019089284714851 0 0 0 0 0 0 0 0 0 0 0 0 0 0 0 0 0 0 0 0 0 0 0 0 0
0 0 0 0.0117374519525908 0 0.0850636047501943 0 0.00332947228012354 0 0 0 0 0 0 0.425407729677779 0 0.292400808676223 0 0 0 0 0 0 0.119330032654805 0 0 0 0.330583287033305 0 0 0 0 0 0 0.187454065627217 0 0 0 0.0264601450528118 0.00311286801507388 0 0 0 0 0.0221357201320454 0.00134616419259225 0 0 0 0 0 0.00805938933984102 0 0.00419673036277354 0 0.0290577578933733 0 0 0 0 0 0 0.0160382327185989 0 0.0831181900167098 0.00151029655545689 0 0.0300897827889018 0 0 0 0.00427180647718431 0 0 0 0.0446666158414507 0 0 0 0 0 0 0 0 0 0 0 0 0 0 0 0 0.004969389309566 0.00165867712261926 0 0
0.142699180784591 0.0453033020753347 0.00297277800405979 0 0.0120774250599578 0 0.0688101088263239 0.00184260067337234 0.207861217865895 0.168183589165326 0.0193058825169971 0.00241425889994498 0.323912128441272 0.00653747174826195 0 0.0907861014091406 0 0 0.244291737325891 0 0 0.0168817940470678 0.193402917244107 0 0 0.00221240165099485 0 0 0 0 0 0 0 0 0 0 0 0 0 0 0 0 0.00216848709945346 0.00138180247111588 0.00141459850782786 0.0199340071396576 0 0 0 0 0 0 0 0 0 0 0 0 0 0 0 0 0 0 0 0 0 0 0 0 0.00178639997796076 0 0 0.00202407053919228 0 0 0 0 0 0 0 0 0 0 0 0 0 0 0 0 0 0 0 0 0 0
0.00451693778578916 0.0762811332104202 0.00665315873161946 0 0.00140225031642968 0 0.170382060595232 0 0.00853610225498733 0.00612082247383874 0.00178518848536474 0 0.141060476759687 0.0190925053142688 0 0.0660511936308247 0 0 0.179876223108587 0 0.0168817940470678 0 0.227741341333572 0 0.00621554288318126 0.0410636249712585 0.0773625485635289 0 0 0 0 0 0.193352580231373 0.0977030708633638 0 0.143210343638972 0.0463861769611966 0 0 0 0 0.00502840436135648 0.00567253914800357 0.0210002040561757 0.00194843348915053 0.00451636523037465 0.00597376426397054 0 0 0 0 0 0 0 0.00164747918344387 0 0 0 0 0 0 0 0 0.0137044569737214 0 0 0.00200649721701279 0 0 0.0101589036204963 0.0240240963043947 0 0 0.0465567338394924 0.0101732063793559 0 0 0 0 0 0 0.00745815918245777 0 0 0 0 0 0 0 0 0.0033119958089058 0 0 0 0 0
0.0316141526055315 0.0434971143618155 0.0225693664606948 0 0.00565702750876623 0 0.0342387217191669 0.00190011218222467 0.0114008724100349 0.142129675396403 0.0156175471928842 0.00192270117308569 0.210815945785646 0.0241081259159071 0 0.1963642616251 0 0 0.468265780212462 0 0.193402917244107 0.227741341333572 0 0 0 0.073288447947609 0.14931892020243 0 0 0 0 0 0.00777160780852869 0.0271601700260519 0 0.00550762524873745 0 0 0 0 0 0.00449166558737278 0.0086511714242556 0.0286261909718754 0.00253756452862232 0.0270646098156359 0.00754559999882597 0 0 0 0 0 0 0 0.0021401936796041 0 0 0 0 0 0 0 0 0.0101041150971738 0 0 0.0046806873838456 0 0 0.00865045608838324 0.0556101018353352 0 0 0.0433000622312327 0.00198517141307568 0 0 0 0 0 0 0.00305831668663146 0 0 0 0 0 0 0 0 0 0 0 0 0 0
0 0 0 0 0 0 0 0.257743502990047 0 0 0 0.0180155780102815 0 0 0.177427170315798 0 0 0.160369870277955 0 0.119330032654805 0 0 0 0 0 0 0 0.182482538562856 0 0 0 0 0 0 0.209778076415221 0 0 0.0775663338362581 0.267181687145872 0.0184480750097281 0 0 0 0 0.0225904128491144 0.00387497912031627 0 0 0 0 0 0 0 0 0 0.00369501451761021 0 0 0 0 0 0 0.00302098157056606 0 0 0.00167770058695013 0 0.00593232503795097 0 0 0 0.00644112945852589 0 0 0 0.0326515100699112 0 0 0 0 0 0 0.00207191817891598 0 0 0 0 0 0 0 0 0 0.00684317981614788 0 0 0
0 0.406047256894134 0 0 0 0 0.00141664674000224 0 0 0 0.00182485668574523 0.00235835231175191 0 0.149637911350011 0 0.0244508638106059 0 0 0 0 0 0.00621554288318126 0 0 0 0.005159106429734 0.00251749897494137 0 0.303342732971657 0.0198748536084935 0.362578503978234 0 0.0191417910158542 0.00380325555224847 0 0.00648873515352767 0.00502197303536591 0 0 0 0 0 0.0386916844543763 0.00167841717822602 0 0.033313263617382 0.00226536581505877 0 0 0 0 0 0 0 0 0 0 0 0 0 0 0 0 0 0 0 0 0 0 0 0 0 0 0.00188250320826159 0 0 0 0 0 0 0 0.00617942026970927 0 0.00214046228300801 0.005039512983985 0 0 0 0 0 0.00662860285864191 0.00416240511026223 0 0 0 0
0.00479486873975993 0.00385002873082224 0 0 0 0 0.00161556552199005 0 0.00131747473086287 0.0465112492712899 0 0 0 0 0 0.138804280512647 0 0 0.0140108736915981 0 0.00221240165099485 0.0410636249712585 0.073288447947609 0 0.005159106429734 0 0.506057714788554 0.00407971149924812 0 0.00357689606684091 0 0 0.00599245133899704 0.0878555637095902 0 0.00655581115997667 0.0303090652958815 0 0 0 0 0.0018400750848213 0.0153942701384958 0.0070096135259747 0 0 0 0 0 0 0 0 0 0 0.00275976339640672 0 0 0 0 0 0 0 0 0.00585025856517812 0 0 0.00591306183168932 0 0 0.0281113756666796 0.0198680206798249 0 0 0.204272702159892 0.0335707292485034 0 0 0.00365734886150724 0 0 0.0018738312095824 0.0826313572612628 0 0.00682259750802085 0.0522149247301755 0 0 0 0 0 0 0.0391572005771376 0 0 0 0
0 0.00285046980211714 0 0 0 0 0 0 0 0.0229637885649776 0 0 0 0.00152654537649494 0 0.0279476986862707 0 0 0.00381767237907541 0 0 0.0773625485635289 0.14931892020243 0 0.00251749897494137 0.506057714788554 0 0.153045929440433 0 0.00643957903982158 0 0.126434203314299 0.00337952957923235 0.4582837704057 0 0.0167319942254013 0.0328793875706835 0 0.00144836003063753 0.067791105011241 0 0 0.00681940038305762 0.00651902614162579 0.00154990550460311 0 0 0 0 0 0 0 0 0 0 0 0 0 0 0 0 0 0 0.00365082474363482 0 0 0 0 0 0.00787653857258985 0.00789839112703903 0 0 0.0763021829838696 0.0124472812492571 0.0128362718055336 0 0.00467644276220078 0 0.00132976955870879 0 0.0587048925499496 0 0.00500637585292332 0.0359705167089277 0 0 0 0 0 0.00289734555811783 0.0372650627607559 0 0 0 0
0 0 0 0 0.00132360423839425 0 0 0.0111130879684974 0 0 0.00154637009353961 0.00814616196151066 0 0 0.0768967410733252 0.00141013330146037 0.0795820718202333 0.0159565656766294 0 0.330583287033305 0 0 0 0.182482538562856 0 0.00407971149924812 0.153045929440433 0 0 0.0240528651615641 0 0.0844956866826347 0 0.0251336960997224 0.229053266057138 0 0.00192426657687221 0 0.0572017899202521 0.187738537056439 0.00945115728509346 0.00473516024178749 0.0499126622444944 0 0.080495316070356 0.0111151784676867 0 0 0 0 0 0.00172123525032638 0 0 0 0.0119721559398525 0 0 0 0.00514695361574408 0 0 0.0128133314060259 0 0.0201074116860297 0.011141541849697 0 0.0528818148108671 0 0 0 0.0192364301123843 0 0 0.00316021250500288 0.345019626221238 0 0.00228701499898236 0 0.0144358550710297 0 0 0.0225915252018274 0 0 0 0.00481789245537329 0.0193728056125135 0 0.00548491017010808 0.0179470439412305 0 0.0183074711868456 0.00764650083118601 0 0
0 0.0804453514820189 0 0 0 0 0 0 0 0 0.00208219341777708 0.0464435443593178 0 0.0909538398159888 0 0.00209109151278203 0 0 0 0 0 0 0 0 0.303342732971657 0 0 0 0 0.179978458094361 0.106322890730579 0.00434315028965502 0.257087610138921 0.00235922117692964 0 0.00215271565716182 0.00381901714754294 0 0 0 0 0 0.00463538524774608 0 0 0.00846008049834083 0 0 0 0 0 0 0 0 0 0 0 0 0 0 0 0 0 0 0 0 0 0 0 0 0 0 0 0 0 0 0 0 0 0 0 0 0 0 0 0 0 0 0 0 0 0 0 0 0 0
0 0.0159021586619576 0.0031195162131421 0 0 0 0.00498894550372103 0 0 0 0 0.0243591810116297 0 0.00935434769936236 0 0.00267714207964628 0 0 0 0 0 0 0 0 0.0198748536084935 0.00357689606684091 0.00643957903982158 0.0240528651615641 0.179978458094361 0 0.00844688541220168 0.352260497794756 0.224113870079965 0.0263699918621555 0 0.13474155002776 0.118102584941553 0.00187557554985539 0.0227994016932036 0.00234831235034825 0.0100673351630862 0.00987110977218844 0.0335925629146713 0.0346843002198634 0.0224790539536414 0.0216876320878311 0.0309633602306496 0 0 0 0 0 0 0 0 0 0 0 0 0 0 0 0 0 0 0 0 0 0 0 0 0 0 0 0.00169466582330269 0.0101805876352788 0 0.00303234416784823 0 0 0 0.00321826919680524 0 0.00244985754124091 0.0107580375520791 0 0 0 0 0.00285134889730047 0.0162970067537722 0.0223306240718803 0 0 0 0
0 0.00369531785470793 0 0 0 0 0 0 0 0 0 0 0 0.280963541907852 0 0.00335385491608283 0 0 0 0 0 0 0 0 0.362578503978234 0 0 0 0.106322890730579 0.00844688541220168 0 0 0.00555954621233027 0 0 0 0.00131251505373096 0 0 0 0 0 0.00722531092587346 0 0 0.0619839643353577 0.00458671604541552 0 0 0 0 0 0 0 0 0 0 0 0 0 0 0 0 0 0 0 0 0 0 0 0 0 0 0 0 0 0 0 0 0 0 0 0 0 0 0 0 0 0 0 0 0 0 0 0 0
0 0.0194055233002652 0.00849889069406432 0 0 0 0.00500874958439573 0 0 0 0 0.0850745081245657 0 0.00345851646197801 0 0.00340746670544848 0 0.00199638764715975 0 0 0 0 0 0 0 0 0.126434203314299 0.0844956866826347 0.00434315028965502 0.352260497794756 0 0 0.0181234557209542 0.0682668294378191 0 0.00153636956749856 0.00621345055822228 0.0723369865806309 0.118497173342852 0.0382277082525335 0.0435797382251319 0.00431880369626301 0.0148570911799368 0.0154664381972262 0.0979861241351153 0.0116486132313173 0.0416714124657852 0 0 0 0 0 0 0 0 0 0 0 0 0 0 0 0 0 0 0 0 0 0 0 0 0 0 0 0 0.0230034474177685 0 0 0 0.00699525512477439 0 0 0 0 0 0 0 0.0042444495715671 0 0 0.0133996321612167 0 0.0114220155677463 0 0 0
0.00148855178069881 0.128443418451778 0.00153607275718794 0 0 0 0.0688723713961212 0 0.00128180279431601 0.00246330532035656 0 0.00196583819730847 0 0.00832656258009806 0 0.0566703401780648 0 0 0 0 0 0.193352580231373 0.00777160780852869 0 0.0191417910158542 0.00599245133899704 0.00337952957923235 0 0.257087610138921 0.224113870079965 0.00555954621233027 0.0181234557209542 0 0.0445119668656416 0 0.452660950262831 0.185106130218058 0.00211734203119102 0.00204477054116496 0 0 0.00862290909100452 0.0246824097236542 0.0199879681408125 0.00386771802470501 0.00386753706052558 0.0152511706554707 0 0 0 0 0 0 0 0 0 0 0 0 0 0 0 0 0.00332678025388966 0 0 0 0 0 0.00206020887379865 0.0046675852686788 0 0 0.00658720930178631 0.0015400801274782 0 0 0 0 0 0 0.00644004567968544 0 0 0.00176366193353793 0 0 0 0 0 0.00270587022539813 0.00455172360585788 0 0 0 0
0 0.00638088800641976 0 0 0 0 0.00140623995016114 0 0 0.00240410809170557 0 0 0 0.00181239327639477 0 0.0118510215378363 0 0 0.0031992007179407 0 0 0.0977030708633638 0.0271601700260519 0 0.00380325555224847 0.0878555637095902 0.4582837704057 0.0251336960997224 0.00235922117692964 0.0263699918621555 0 0.0682668294378191 0.0445119668656416 0 0 0.0300095895175497 0.224149304772159 0 0 0.00267109213769349 0 0.00835910389380787 0.03301243887548 0.0361979650021896 0.00540383074827775 0 0.00488256291182053 0 0 0 0 0 0 0 0 0 0 0 0 0 0 0 0 0.0171678086307429 0 0 0 0 0 0.0179133455531879 0.0117723088148528 0 0 0.0473379097232968 0.0172262713438448 0.00449381573458227 0 0.00464159525762483 0 0 0.0037057569138126 0.0540214346171683 0 0.0112598751900018 0.0428685206293802 0 0 0 0 0.00493482722017928 0.0208946081942633 0.0330376912100737 0 0 0 0
0 0 0 0 0.00151671001549554 0 0 0.00181244986888491 0 0 0 0.0108726240293016 0 0.00247699954798618 0.0037336407816184 0.00380843018277806 0 0.00306113584187391 0 0.187454065627217 0 0 0 0.209778076415221 0 0 0 0.229053266057138 0 0 0 0 0 0 0 0 0 0 0.27369804525471 0.265225667328403 0 0.00965883266523638 0 0 0.0420924979469513 0.0622409554646922 0.004063080077959 0 0 0 0 0 0 0 0 0.00192821060067631 0 0 0 0 0 0 0 0 0 0.00168674127621609 0 0.00365158609308489 0 0 0 0.00523014750715576 0 0 0 0.0401930602940807 0 0 0 0 0 0 0.00201956844506482 0 0 0 0 0.00225264996082068 0 0.00137410883045267 0 0 0.00968305460313543 0.00158527444432366 0 0
0 0.00909651343694788 0.00233315678496587 0 0 0 0.0096664887375916 0 0 0.00158180685832693 0 0 0 0.00312492357394221 0 0.0458433352204572 0 0 0 0 0 0.143210343638972 0.00550762524873745 0 0.00648873515352767 0.00655581115997667 0.0167319942254013 0 0.00215271565716182 0.13474155002776 0 0.00153636956749856 0.452660950262831 0.0300095895175497 0 0 0.262195464728542 0 0 0 0 0.00622502817861369 0.0109812429944563 0.0103323995566245 0.0023427066373321 0.00394750727842056 0.0123267483775191 0 0 0 0 0 0 0 0 0 0 0 0 0 0 0 0 0.00871539993838416 0 0 0 0 0 0.00304418093603567 0.00736020231297175 0 0 0.00725571227609778 0.00559983507382615 0 0 0 0 0 0 0.00336387219816588 0 0 0 0 0 0 0 0 0.00358199758679213 0 0 0 0 0
0 0.00835603474536266 0.00703762929545571 0 0 0 0.00282512032381719 0 0 0.00349081149935995 0 0 0 0.00170622281890695 0 0.0325712896157309 0 0 0 0 0 0.0463861769611966 0 0 0.00502197303536591 0.0303090652958815 0.0328793875706835 0.00192426657687221 0.00381901714754294 0.118102584941553 0.00131251505373096 0.00621345055822228 0.185106130218058 0.224149304772159 0 0.262195464728542 0 0 0 0 0 0.0187934558675466 0.0933767816260339 0.0572855406650657 0.0110043253408403 0.00138966425016072 0.0321266761547743 0 0 0 0 0 0 0 0 0 0 0 0 0 0 0 0 0.0248175859212319 0 0 0 0 0 0.0114414881096891 0.00949384308697807 0 0 0.0156960488294406 0.0156484773697185 0.00148240828239614 0 0.00238554322169331 0 0 0.00423845485595524 0.0292301722159379 0 0.00868420034478109 0.0214791916663163 0 0 0 0 0.00605512103456013 0.0460457759519134 0.0434599977995136 0 0 0 0
0 0.0143946181393951 0 0 0 0 0.00167968456169213 0 0 0 0 0.276323223892502 0 0.00240518641162119 0 0 0 0.0762567622601717 0 0 0 0 0 0.0775663338362581 0 0 0 0 0 0.00187557554985539 0 0.0723369865806309 0.00211734203119102 0 0 0 0 0 0.211798970395525 0 0.00589485377661319 0 0 0 0.0259300049769129 0.00148660242987294 0 0 0 0 0 0 0 0 0 0 0 0 0 0 0 0 0 0 0 0 0 0 0 0 0 0 0 0 0 0 0 0 0 0 0 0 0 0 0 0 0 0 0 0 0 0 0 0 0 0
0 0 0.00545447219608947 0 0 0 0 0.0119866231522473 0 0 0 0.012892732622607 0 0.00365543995535162 0 0.00874008326572476 0 0.0285795260192777 0 0.0264601450528118 0 0 0 0.267181687145872 0 0 0.00144836003063753 0.0572017899202521 0 0.0227994016932036 0 0.118497173342852 0.00204477054116496 0 0.27369804525471 0 0 0.211798970395525 0 0.060890533306292 0.321297368509693 0.004135078584527 0.00530502124111394 0 0.0704664519042829 0.0111944986270911 0 0 0 0 0 0 0 0 0 0 0 0 0 0 0 0 0 0 0 0 0 0 0 0 0 0 0 0 0 0.0100020331060067 0 0 0 0 0 0 0 0 0 0 0 0.00167117572655073 0 0 0.00212315892250937 0 0.00357803883304245 0 0 0
0 0 0.00172004694186304 0 0 0 0 0 0 0 0 0.0053006124302213 0 0.00395058673893128 0 0.00584031639041529 0 0 0 0.00311286801507388 0 0 0 0.0184480750097281 0 0 0.067791105011241 0.187738537056439 0 0.00234831235034825 0 0.0382277082525335 0 0.00267109213769349 0.265225667328403 0 0 0 0.060890533306292 0 0.0659803634490083 0.0180289438332023 0.00668033070651294 0.00201306063123561 0.0928522333521453 0.0437400931471981 0.00349488477496352 0 0 0 0 0 0 0 0 0 0 0 0 0 0 0 0 0 0 0 0 0 0 0 0 0 0 0 0 0.0229996488970654 0 0 0 0 0 0 0.00166137658144009 0 0 0 0 0.0116654024757353 0.00129460810096751 0.00236707755907848 0.0206876917475546 0 0.0353535230581358 0.00254311340006138 0 0
0 0 0.0077398145590543 0 0 0 0 0 0 0 0 0.0013709916308245 0 0.00331590142052585 0 0.00891900835632079 0 0 0 0 0 0 0 0 0 0 0 0.00945115728509346 0 0.0100673351630862 0 0.0435797382251319 0 0 0 0 0 0.00589485377661319 0.321297368509693 0.0659803634490083 0 0.0209501057234201 0.0399225224019739 0.00192743377979254 0.137970248549936 0.0246780785145014 0.00233127722256407 0 0 0 0 0 0 0 0 0 0 0 0 0 0 0 0 0 0 0 0 0 0 0 0 0 0 0 0 0.0154533948752199 0 0 0 0.00222278591510592 0 0 0 0 0 0 0 0.00364920462191716 0 0 0.0339957947644342 0 0.0163075668843314 0 0 0
0.00140560005242884 0 0.0193861942761575 0.00437172542273757 0.00186777058767761 0.0196088187658116 0.00230370710467958 0.0280072400740935 0 0.00518811723114289 0.00899877659968609 0.0295764748386117 0 0.0019195130980888 0 0.0542161709035165 0 0.0146359603098407 0 0 0 0.00502840436135648 0.00449166558737278 0 0 0.0018400750848213 0 0.00473516024178749 0 0.00987110977218844 0 0.00431880369626301 0.00862290909100452 0.00835910389380787 0.00965883266523638 0.00622502817861369 0.0187934558675466 0 0.004135078584527 0.0180289438332023 0.0209501057234201 0 0.325337446671065 0.172252049655458 0.309279039154505 0.0575640408637481 0.00337339323984862 0.0238426108113686 0 0 0.0328009224185643 0 0 0.00147234382757089 0 0 0 0 0 0.00287167107632686 0 0 0 0.0227971845944768 0 0.00254148844964962 0 0 0 0 0 0 0 0 0 0.00452552189653679 0 0 0 0 0 0.00128979485700689 0.0032939175122153 0 0 0 0 0.0014309033211821 0 0.179349418937404 0.00157670962306599 0 0.00347500134259794 0.00205917843890827 0.0111322053033951 0
0.00503343379473988 0.015246442033159 0.00338187735083695 0.0046755463356108 0.00163797712706324 0.0461496241543621 0.00310072313620742 0.0153581045193921 0 0.00605653252704488 0.00276585258382594 0.00441394313855386 0.00206364054832204 0.00837349935708241 0 0.183554455469446 0 0.00344048156097995 0 0 0.00216848709945346 0.00567253914800357 0.0086511714242556 0 0.0386916844543763 0.0153942701384958 0.00681940038305762 0.0499126622444944 0.00463538524774608 0.0335925629146713 0.00722531092587346 0.0148570911799368 0.0246824097236542 0.03301243887548 0 0.0109812429944563 0.0933767816260339 0 0.00530502124111394 0.00668033070651294 0.0399225224019739 0.325337446671065 0 0.273055768211583 0.233379804239665 0.034976418624738 0.00838540991169646 0.0746532572658725 0 0 0 0 0 0 0 0 0 0 0 0 0 0 0 0.011994266229779 0 0 0 0 0 0.0029654146066206 0.00459130526691771 0 0 0.00726860530609194 0.00170919302535499 0.0503410175230178 0 0.0020838565463418 0 0.0208237267196506 0.00294427298104206 0.0148230371944259 0 0.00896008689368443 0.0210433939379112 0.00188799200700986 0.00690006280331693 0.0496714701277416 0.00823360606890006 0.0018562677796334 0.176609045853474 0.04575538348002 0.0511223865061996 0.00158777400271031 0 0
0.00504200234933445 0.00342647462359905 0.0110859937191183 0 0 0 0.00338727297520924 0 0 0.228773915330186 0 0 0.00434716906949918 0.00399150484827761 0 0.252386879172494 0 0 0.00214838985128279 0 0.00138180247111588 0.0210002040561757 0.0286261909718754 0 0.00167841717822602 0.0070096135259747 0.00651902614162579 0 0 0.0346843002198634 0 0.0154664381972262 0.0199879681408125 0.0361979650021896 0 0.0103323995566245 0.0572855406650657 0 0 0.00201306063123561 0.00192743377979254 0.172252049655458 0.273055768211583 0 0.070035389508081 0.00709783772320657 0.00224806532470806 0 0 0 0 0 0 0 0 0 0 0 0 0 0 0 0 0 0 0 0 0 0 0 0 0 0 0.00224921424542692 0 0 0 0 0 0 0 0.00568171849985074 0 0.002413795058687 0.00540256525910462 0 0 0 0 0 0.00517146609513632 0.00821324837346356 0 0 0 0
0.00312460996066323 0 0.00782152340313271 0.0518611736412579 0.00699725261521951 0.0469433677861565 0.0019246960692149 0.0967838193776184 0 0.00171882090572769 0.0118347440861248 0.0807180872387142 0 0.00309760982173619 0.0183605406866211 0.0284975404106658 0.0416275596581356 0.0626527020348589 0 0.0221357201320454 0.00141459850782786 0.00194843348915053 0.00253756452862232 0.0225904128491144 0 0 0.00154990550460311 0.080495316070356 0 0.0224790539536414 0 0.0979861241351153 0.00386771802470501 0.00540383074827775 0.0420924979469513 0.0023427066373321 0.0110043253408403 0.0259300049769129 0.0704664519042829 0.0928522333521453 0.137970248549936 0.309279039154505 0.233379804239665 0.070035389508081 0 0.0900550169060046 0.00702093286021531 0.268057486862264 0 0 0 0.00370890183966228 0 0.0117459586659616 0 0.0103035768744939 0 0 0 0.0146523990739465 0 0 0.00832119934500929 0 0.00731068483737244 0.0259911549550264 0 0.016095175871666 0 0 0 0.0143931520546788 0 0 0 0.0472546957667835 0 0 0 0.0132760957155366 0 0 0.0361642042525065 0 0 0 0.00745359829400892 0.0473587587512208 0.00533005210771408 0.00527017037376854 0.0284263574907217 0 0.11365759168502 0.00558268700384841 0 0.0123798707934918
0.0319241717654163 0.00889670517904082 0.130434330541738 0.11883782617899 0.113846092571903 0.0710265772798741 0.0132171707852802 0.0940736572512581 0 0.0196004119504537 0.315937428720752 0.163787003665491 0.0179413785479816 0.337973894482079 0.00159412697153933 0.0654104835353833 0.00130839143362539 0.0254721137264728 0.00669651014239003 0.00134616419259225 0.0199340071396576 0.00451636523037465 0.0270646098156359 0.00387497912031627 0.033313263617382 0 0 0.0111151784676867 0.00846008049834083 0.0216876320878311 0.0619839643353577 0.0116486132313173 0.00386753706052558 0 0.0622409554646922 0.00394750727842056 0.00138966425016072 0.00148660242987294 0.0111944986270911 0.0437400931471981 0.0246780785145014 0.0575640408637481 0.034976418624738 0.00709783772320657 0.0900550169060046 0 0.419658688584105 0.12550908196013 0 0 0 0 0 0 0 0 0 0 0 0 0 0 0 0 0 0 0 0 0 0 0 0 0 0 0 0.00503482906457158 0 0 0 0 0 0 0.00227344713485754 0 0 0 0 0 0 0 0 0 0.00238106632648623 0 0 0
0 0.00235353382077769 0.114306635698094 0.0210948318267432 0 0.0176813626234941 0.00241036708906277 0 0 0 0 0 0.00154312409478086 0.00418647160796355 0 0.0340017433256179 0 0 0 0 0 0.00597376426397054 0.00754559999882597 0 0.00226536581505877 0 0 0 0 0.0309633602306496 0.00458671604541552 0.0416714124657852 0.0152511706554707 0.00488256291182053 0.004063080077959 0.0123267483775191 0.0321266761547743 0 0 0.00349488477496352 0.00233127722256407 0.00337339323984862 0.00838540991169646 0.00224806532470806 0.00702093286021531 0.419658688584105 0 0 0 0 0 0 0 0 0 0 0 0 0 0 0 0 0 0 0 0 0 0 0 0 0 0 0 0 0 0 0 0 0 0 0 0 0 0 0 0 0 0 0 0 0 0 0 0 0 0
0 0 0 0.0470009908850476 0 0.145148899989863 0 0.0132621268949131 0 0 0 0 0 0 0.0017019001170945 0 0.192829871974317 0 0 0 0 0 0 0 0 0 0 0 0 0 0 0 0 0 0 0 0 0 0 0 0 0.0238426108113686 0.0746532572658725 0 0.268057486862264 0.12550908196013 0 0 0 0 0 0.00127873245957713 0 0.00231077476470055 0 0 0 0 0 0 0 0 0 0 0.00388758681629686 0 0 0 0 0 0 0 0 0 0 0 0 0 0 0 0 0 0 0 0 0 0 0 0 0 0 0 0.00981085238835444 0 0 0.0666987770625466
0 0 0 0 0 0 0 0 0 0 0 0 0 0 0 0 0 0 0 0 0 0 0 0 0 0 0 0 0 0 0 0 0 0 0 0 0 0 0 0 0 0 0 0 0 0 0 0 0 0.17873897494027 0.148699641393215 0.0742929327451364 0.0311788103118299 0.001628750344697 0.180715590345121 0.00519271393144087 0.0998646230172188 0.237504554835536 0.00983403138951657 0.0128152700962627 0.0134865955989857 0 0 0.328383904889354 0 0 0.00328839403641082 0 0.136786163427639 0.00786449395751082 0.0187803277314656 0 0 0.0013820874557038 0.00347567174010993 0 0 0 0 0 0 0 0 0 0 0 0 0 0 0 0 0.00707050347602456 0 0.0453709863901979 0 0
0 0 0 0 0 0 0 0 0 0 0 0 0 0 0 0 0 0 0 0 0 0 0 0 0 0 0 0 0 0 0 0 0 0 0 0 0 0 0 0 0 0 0 0 0 0 0 0 0.17873897494027 0 0.0165656567888186 0.0157899106803886 0.0830061923414554 0 0.450828303302217 0.00233390315665769 0 0.0371663414298772 0.00481201442451155 0.0145690858531285 0.022302115651274 0.203358014406097 0 0.0160553634068961 0 0.00608900945171223 0.0121454437449641 0 0.0126871414016588 0.0482388858350292 0.0323896693281894 0 0.383290808812793 0.00306104201563873 0 0 0.0505349899696786 0.0172053443681277 0.0220803490613718 0.0241682287725236 0.173825125936412 0.00146355227945481 0 0.0147394713626737 0.00595764655828892 0.0225605161482963 0 0 0 0 0 0.00314565884408092 0 0.0192820856923416 0 0
0 0 0 0 0 0.0113662875814743 0 0 0 0 0 0 0 0 0 0 0 0 0 0 0 0 0 0 0 0 0 0 0 0 0 0 0 0 0 0 0 0 0 0 0 0.0328009224185643 0 0 0 0 0 0 0.148699641393215 0.0165656567888186 0 0.201714606954876 0.0779005001270187 0.0302305308929923 0.0100573126551959 0.015687275220129 0 0.0455105875056047 0.0159337311326884 0.0135032432808922 0.0181999050210138 0.0116680201636375 0 0.200901671453653 0 0.00177897594118692 0.00679015680793158 0 0.00691749273789213 0.00370829853196939 0.0156077494462262 0 0 0 0 0.00194078702173065 0 0.00607655771048353 0 0.00957707926710731 0 0 0.0032986482499057 0.0045317162339127 0.0109872745157546 0 0.0126929264949369 0.00759029113275729 0.0210519946860079 0.0293686905516274 0.0278353432647791 0.00304158103809409 0.0287455072048486 0.186047193808633 0.05031576917 0
0 0 0 0 0 0.00171968741957624 0 0.00335688434928752 0 0 0 0 0 0 0.00593668183399006 0 0.013016935772488 0 0 0.00805938933984102 0 0 0 0 0 0 0 0.00172123525032638 0 0 0 0 0 0 0 0 0 0 0 0 0 0 0 0 0.00370890183966228 0 0 0 0.0742929327451364 0.0157899106803886 0.201714606954876 0 0.12407895980917 0.439168651074805 0 0.25342785256489 0 0.00619168797500677 0.0462898297350087 0.00249416316892575 0 0.00318088759065567 0.0733831134819914 0.00668659010318034 0.0418717599266701 0 0 0.0272714613985268 0 0 0 0 0 0 0 0.00337730239422862 0 0 0 0 0 0 0 0 0 0 0 0 0 0.0161173381928569 0.0297953251998599 0.00339752825161947 0.0523351059274418 0.130194318716315 0 0.0975780936574357
0 0 0 0 0 0 0 0 0 0 0 0 0 0 0 0 0 0 0 0 0 0 0 0 0 0 0 0 0 0 0 0 0 0 0 0 0 0 0 0 0 0 0 0 0 0 0 0 0.0311788103118299 0.0830061923414554 0.0779005001270187 0.12407895980917 0 0 0.00324089715035257 0.0270851356500746 0 0.0103312744693557 0.332844811745686 0.0754535775468716 0.00182394751628536 0.321641110047255 0 0.00437136849743349 0 0.00243904267063069 0 0 0.00195553103939083 0 0.0018121409115319 0 0 0 0 0 0 0 0 0 0 0 0 0 0 0 0.00332018758041133 0 0.00307128610634405 0 0 0 0.00249196460875053 0.219151696088212 0 0
0 0 0.00133496639442582 0.00388363743521413 0 0.101622120106424 0 0 0 0 0 0 0 0 0 0 0.0444921417094413 0 0 0.00419673036277354 0 0 0 0 0 0 0 0 0 0 0 0 0 0 0 0 0 0 0 0 0 0.00147234382757089 0 0 0.0117459586659616 0 0 0.00231077476470055 0.001628750344697 0 0.0302305308929923 0.439168651074805 0 0 0 0.00473372628459421 0 0 0 0 0 0 0.0389421043602991 0 0.383093303395749 0 0 0.149459081934358 0 0 0 0 0 0 0 0 0 0 0 0 0 0 0 0 0 0 0 0 0 0.0201711743338613 0.0464809498184528 0 0.0793759140491582 0.0142151284870757 0.00352372642459225 0.155540831154477
0 0 0 0 0 0 0 0 0 0 0 0 0 0 0 0.00183503195117074 0 0 0 0 0 0.00164747918344387 0.0021401936796041 0 0 0.00275976339640672 0 0 0 0 0 0 0 0 0 0 0 0 0 0 0 0 0 0 0 0 0 0 0.180715590345121 0.450828303302217 0.0100573126551959 0 0.00324089715035257 0 0 0 0.339579062138499 0.0718204929087389 0.00314024104544414 0.00520370277625478 0.0651715054395515 0.00404658282999307 0 0.0172949861314269 0 0.00227813965705828 0.00628014597699257 0 0.140918415780701 0.161337861008246 0.029395013640143 0 0.00717651926382536 0.00779623669572405 0.00164654154885934 0 0.00353172208505438 0.00362562683922533 0 0.00490809998988804 0.0141573734983986 0 0 0.00424522048366365 0.00183347065969442 0.00967423596704661 0 0 0 0 0 0.00308256697060773 0 0.0138989029704956 0 0
0 0 0 0 0 0 0 0.0117147130595676 0 0 0 0 0 0 0.0469613045922011 0 0.0233053488833905 0.00168888190684096 0 0.0290577578933733 0 0 0 0.00369501451761021 0 0 0 0.0119721559398525 0 0 0 0 0 0 0.00192821060067631 0 0 0 0 0 0 0 0 0 0.0103035768744939 0 0 0 0.00519271393144087 0.00233390315665769 0.015687275220129 0.25342785256489 0.0270851356500746 0.00473372628459421 0 0 0 0 0.138513885036034 0.0527592342010887 0 0.00251554514576656 0.143278311018158 0 0.0382487946269123 0.27565633553197 0 0.0724130882823499 0 0 0 0.260517831647375 0 0 0.00201040490167545 0.027019876844057 0 0 0 0 0 0.00187169093343555 0 0 0 0 0.00681416966748003 0 0 0.00927895917456152 0.00309833958470527 0 0.0868513131088638 0.0693072872516093 0 0.0158362104752356
0 0 0 0 0 0 0 0 0 0 0 0 0 0 0 0 0 0 0 0 0 0 0 0 0 0 0 0 0 0 0 0 0 0 0 0 0 0 0 0 0 0 0 0 0 0 0 0 0.0998646230172188 0 0 0 0 0 0.339579062138499 0 0 0.0627277698535469 0 0 0.168124323521002 0 0 0.0145053211554238 0 0 0.00793501526161581 0 0.373719729051201 0.0208704226293592 0.0155310003989534 0 0 0.00316465262875947 0 0 0 0 0 0 0 0 0 0 0 0 0 0 0 0 0 0 0 0 0 0
0 0 0 0 0 0 0 0 0 0 0 0 0 0 0 0 0 0 0.00132167533292534 0 0 0 0 0 0 0 0 0 0 0 0 0 0 0 0 0 0 0 0 0 0 0 0 0 0 0 0 0 0.237504554835536 0.0371663414298772 0.0455105875056047 0.00619168797500677 0.0103312744693557 0 0.0718204929087389 0 0.0627277698535469 0 0.00279391847912504 0.00469104465788587 0.10031315957802 0.00913908449302237 0 0.390116550335349 0 0 0.0430933183911105 0 0.318957452832681 0.0112250074815282 0.206551525449558 0 0 0.00260893161311435 0.03813207163227 0 0 0.0017127238951767 0 0 0.00254967518539849 0.00438767959775421 0 0.00669812201175821 0.0104134831983329 0 0 0 0 0.0095196372256203 0.0287061863348049 0.0994430093071749 0.00287019093301515 0.0512032742604434 0 0
