1,0.264074122776573,0.128952811774402,0.143124463137911,0,0.11398766760484,0.42197761345385,0,0.446130960010386,0.197799985533626,0.253497339340365,0,0,0,0.237824804108739,0.10496816606866,0.146783638740443,0,0,0,0.313872762099437,0,0,0.282955959294523,0,0.16202306674577,0,0.18353350276081,0,0.27528529716984,0.298177339258185,0,0.193163644753917,0,0,0.378845326183074,0.183064363795464,0,0.150047622496126,0,0,0.105773993944363,0,0.206179687553492,0.220168011208399,0.16128828309339,0,0,0.446384622507438,0,0,0.13275981619378,0.119108763170025,0.140111907233817,0.111139315158731,0.140084213371808,0.352485822290202,0,0,0.147469330573165,0.165724080361562,0,0,0.31306811646858,0.283928286284347,0,0.120520634054693,0.239432301482627,0,0,0.132331181821742,0.160238016038274,0.303162354841308,0,0.151693435060481,0.184887111796026,0,0,0.343956239273003,0,0,0.13172244246251,0,0.129089004246987,0.445816676357778,0.196260071222645,0.144411150545505,0,0.115721517367691,0,0,0.195969874048122,0.288411481138497,0.336731978017594,0.135676461144249,0.228977104538757
0.264074122776573,1,0.15461384643721,0,0.290136747205151,0.221751780476195,0,0.565654327206112,0,0.138729410051825,0.233214769045293,0.232299507201919,0.214815322078953,0.253247957673972,0.684610029354968,0,0.166529384278073,0,0.187036064397948,0.638590554833761,0,0.327468670272447,0.133788980078097,0.234500910995477,0.278632516255008,0.478527656338964,0.546268865160412,0,0.586798632517165,0,0.209154468817632,0,0,0.190635432862985,0.53658480540759,0.277748165951309,0,0.11642761118409,0.473836722151959,0.23459983492021,0.16133448028948,0,0,0.300681313409242,0,0.150015870983628,0.17954297853223,0.274681488866905,0,0.468671756217102,0,0.168978178441691,0.10964384513422,0.108688224312192,0.124140379549076,0,0,0.14193682014538,0,0.326376033621606,0.127548714466847,0.275546913251019,0.543952418472359,0,0.266553578295093,0,0.119708067394217,0.475508068134079,0,0,0,0.19251310787293,0.138549616452145,0.368392762883652,0.41556615009126,0.113357683832053,0.411565385532321,0,0,0,0.257408665072565,0,0.361017115165958,0.129022964817103,0.134784736484137,0.270370906673974,0.155783027365443,0.112324040006462,0.172080414684272,0.334185613013926,0.210486852380271,0.286101445472211,0,0.11665645489953,0.160667195212466,0
0.128952811774402,0.15461384643721,1,0.357456325343375,0.261253618902421,0,0,0.159001660870506,0.124834040868981,0.326835362046473,0.188719799866546,0,0,0.238386182431021,0.247541632556908,0.432751446628588,0.217377008189985,0.199412580251479,0.182905698506819,0.158623545646361,0,0,0,0.120410468745553,0.209025254121215,0.361643846651396,0.150165014603394,0,0,0,0.175059219569814,0.353856910556806,0.110942385663542,0,0,0,0.1161633741518,0,0.414614510635987,0,0.145419775849334,0.231150361464723,0.203798783332017,0,0,0,0,0,0.241523421385179,0.36931348769139,0.13258216071005,0.195942768268005,0.393674383718253,0.14425256143272,0.180313289965926,0.166378399760714,0.278501905336008,0.245105835120912,0.209938986161743,0.118083292967095,0,0.245255984505198,0.128242700655506,0,0,0,0.240146078889753,0,0.219898317267244,0.151605983723114,0.147434730087575,0.201637958080757,0,0.400084777986108,0.120750307146436,0,0.209607357532545,0,0,0.116760852705322,0.154504200995632,0,0.168850423001594,0.110913159795368,0,0,0.340821477397354,0.31261553301425,0.319527040640764,0.136832959327835,0,0,0,0,0,0
0.143124463137911,0,0.357456325343375,1,0.502062261334552,0.453586336834309,0.259721634973106,0.178852891851279,0.110210948833669,0.33492584055824,0.305812856536341,0.151049678789569,0.335169921582514,0.132640135012033,0.107696566468594,0,0,0.181402493500387,0.323238297961129,0,0,0.194622129610498,0.169245657255687,0,0,0,0.126915898617309,0.170195733276549,0,0.136764874132997,0.212014167000796,0.302833356615778,0,0.268768583615434,0,0,0.338940629479401,0.168587394015144,0.218684828988785,0,0.19240603918205,0.121982642306296,0.201377214487869,0,0.264042417448926,0,0.113734957085846,0,0.233083507912016,0.359997871901881,0.315852199796795,0.672922836504794,0.457212127825353,0.605314600043234,0.128254261754739,0.21829397153065,0.316877445599104,0,0.520898973236185,0.255073033480614,0.479004797680904,0,0,0.284158625693103,0.373837167969563,0,0.125169548534845,0.286031115639313,0.227308312552202,0,0.118310648678347,0,0.203120053472956,0,0,0.178763419062977,0.105378618956355,0,0.292974953725007,0.103764313655885,0,0.155181557712974,0.278865011256317,0.104106618678495,0,0,0.18760547462111,0.461631409993675,0,0,0.189985133743684,0,0.302406462773754,0.144338542953323,0.180691774617381,0.422439398026973
0,0.290136747205151,0.261253618902421,0.502062261334552,1,0,0.13231507944224,0.250131530732893,0,0.454427972803325,0,0.254530929914638,0.125832066675747,0.373321423806668,0.336436123002824,0.301139654602811,0.312923047993634,0.221182128072776,0.354157727279259,0.158162365850431,0.162830965447173,0.232704105033231,0,0,0.336589757667033,0.232265652002646,0.360822880545137,0.125555593323424,0.214219907520023,0,0.525841586791458,0.38804902888821,0.172713598448064,0.284705570751185,0,0,0.369909925500572,0.112852763999934,0.163358341703437,0.268693323845398,0.398275896383471,0.130295034012629,0,0,0.178905827832291,0.239497687911272,0.113660851573349,0.108272637110722,0,0.224836558391976,0.159515677761078,0.505814090029656,0.652932478654069,0.110743687453248,0,0,0,0,0.407694213346464,0.354188612571374,0.314502848195946,0.325710183979245,0.243592341577987,0,0,0.196966749552707,0,0,0,0.133109040166171,0.262269352774205,0.166256243889559,0,0.144827829946411,0.25343929746941,0.20699211676626,0,0,0,0.194877527523668,0.21146266339577,0.209874474464196,0.166542473328097,0,0.126473059173695,0.143038713917557,0,0.369472530923953,0.175287616947099,0,0,0,0.336048814406049,0.33916468165365,0.104062167108526,0.361547900118214
0.11398766760484,0.221751780476195,0,0.453586336834309,0,1,0.190910002017738,0.243706297483452,0.128286066296219,0.249827895044188,0.351658134651484,0.15705339755114,0.411475763450961,0.431582175240994,0.293645434452255,0,0.135074133387358,0.135449947862945,0.204941286098886,0.453525026366687,0,0.400851481070121,0.129586343488567,0,0.155411417135818,0,0.23766457625901,0.265547518940901,0.186497112948824,0,0.159299160001126,0,0.109114968739685,0,0.410662260242563,0.243559965936627,0,0,0.285017993877999,0,0.173006116167518,0.493920048960443,0,0.345835923703702,0.461407051027789,0,0.356784701335204,0.142077726572203,0.133264106790677,0.462853997942375,0.284249538345314,0.433671518499764,0.1051328883181,0.774247801821747,0.345010916716901,0.318032086248757,0.160158981094234,0,0.399120516514796,0,0.345041947648727,0.454730924606566,0.305646970184235,0,0.232839080754426,0,0,0.50432371624776,0,0,0.114317242065425,0,0.286424967285904,0.140972233209804,0.303656267295949,0,0,0.127029047840607,0.394402924290933,0,0.356707621881799,0.197417729644862,0.288534426773061,0.162504889693832,0,0,0.303908079395011,0.307582003264989,0,0.204548073485994,0,0,0,0,0.20202186284114,0.25755776372363
0.42197761345385,0,0,0.259721634973106,0.13231507944224,0.190910002017738,1,0.25135654257229,0.731599329389254,0.298917434994379,0.224285325109466,0.208512593699013,0,0.13954040870562,0,0.298867423451604,0.244822294482232,0.466923442063646,0.231903825289337,0.456030896047525,0.570415341879922,0,0.212074828797666,0,0.170520718676948,0,0.13601445860307,0.334457493023146,0.170299755374921,0,0.216528477878599,0.422799376894585,0.155392572672924,0.137753962260934,0.269656476658163,0,0.248869076143943,0.148081456187983,0,0,0,0,0,0.211670697624292,0.239786214457019,0.213514296263003,0.131384718742785,0,0.204316709651961,0.183817284042945,0.11274029857454,0.161200490312987,0.134771036911411,0.313520095463672,0.192002481031054,0.451089529438747,0.655248508972549,0.401620770058917,0.213529170824309,0.246637258511689,0.277411142101822,0.176577256809555,0.206976721834004,0.470612017255772,0.293662951487499,0.110100860443407,0.294633047391223,0.54405554041247,0.477260447629289,0.232841240815666,0.209827301991416,0.249713397973197,0.479115615670596,0.236543038790821,0,0.441401984297051,0.135111174711713,0.496070327625287,0.189786436034128,0.404042506084273,0,0.16103374580182,0.505032377603007,0,0.269629894393653,0,0.486180301072135,0.220323819091977,0,0.17832165924606,0.148952038079997,0.21058314810694,0.29547801113936,0,0,0.499150141452048
0,0.565654327206112,0.159001660870506,0.178852891851279,0.250131530732893,0.243706297483453,0.25135654257229,1,0.147602389732774,0.105055595590561,0.405914888162676,0.238115031487116,0,0.134619186935293,0.536566333022951,0,0.140697302193305,0.341215457608519,0.183077552979984,0.591365720711632,0.279872788414184,0,0,0.374924137182861,0.282697395311564,0.251517226810045,0.280517661479325,0.271686538674201,0.375666080612772,0,0.260896304805904,0,0.268942418563355,0.247441974691325,0.446721232175764,0.425506090025919,0.179103572173094,0.349633423861714,0.347010113122375,0,0,0.135927370712134,0.197128338130731,0,0,0,0.179620500364174,0,0.113944820699074,0.316662392500277,0,0.260818457900809,0.170844094361711,0.176143709517653,0.141536121720743,0.404424700661299,0.144552669608871,0,0.254075945611197,0,0,0.159767236480281,0.169095472931037,0.290494655840771,0.191689503161858,0.11474145539902,0,0.419155269465223,0.267772865716684,0.182937932524292,0,0,0.192053601403804,0,0.182283644018844,0,0.179418571993576,0,0.253686239279305,0,0.387124755753339,0,0.242801502612196,0,0,0.180153498718386,0.26036050813403,0,0,0.148578062024064,0.114929527720484,0,0,0,0,0
0.446130960010386,0,0.124834040868981,0.110210948833669,0,0.128286066296219,0.731599329389254,0.147602389732774,1,0.405364371696329,0,0.214044244336979,0.19520931127586,0,0,0.231612174556078,0.176643757599023,0.335105115787958,0.105724101586358,0.214342761555682,0.688584535594829,0.104244504270844,0.169324762454789,0,0,0,0.153658346135804,0.239669933086335,0,0,0.295377419295534,0.325532352397098,0.305577650183382,0,0,0.253213410883299,0,0.164913330500704,0,0,0,0.171893880222416,0,0.3028881172972,0,0.235047307974758,0.188898225409889,0,0,0,0.233452605017104,0,0.250034989132851,0,0,0.342051714001679,0.531261936511386,0.343440250722901,0,0.250352205096058,0,0,0.109010797584372,0.315996209121441,0.259932404009412,0.236858714534014,0.353787046692092,0.341826176506908,0.511818399228979,0.115094964081225,0.250723473579329,0.218989944441349,0.29518354887592,0.172373733243575,0,0.387470855262673,0,0.222395860062373,0.190342865858496,0.310807692877639,0,0.144849811101793,0.320605317262436,0.300601417191748,0.361550255101102,0.129493537170141,0.381949410971815,0.184105578631062,0,0.266389262551702,0.118785436791637,0.195461632067913,0.307071437799938,0.103558405826603,0,0.357678843551351
0.197799985533626,0.138729410051825,0.326835362046473,0.33492584055824,0.454427972803325,0.249827895044188,0.298917434994379,0.105055595590561,0.405364371696329,1,0.139641799060462,0,0,0,0.155178779582053,0.593727052100367,0.266428601935407,0,0.245195028547558,0,0.515137301989866,0.148525064639636,0.117131048418017,0,0.275338751172513,0,0.151408589192784,0.111386887459764,0,0,0.330401597068584,0.16830973579929,0.138066929094459,0,0,0.195895835566376,0.134031225419534,0,0.29452617761242,0.258821918568335,0.297506240840324,0.170550449759468,0,0.252189133156534,0,0.158896305661834,0.146923917762329,0.288635536862891,0.11515893543124,0.164193550108067,0.409065114346739,0.404399439687195,0.495608954096546,0.149229696724975,0.22901366100051,0,0,0.24212477695321,0.334223852609337,0.138199066910194,0,0,0.207061823382339,0.138008906705019,0.153791549040835,0,0,0,0.285508290285394,0,0.14011004035077,0.20120170764689,0,0.129409219919727,0.120298707877431,0.123112699689306,0,0,0.16273378079999,0,0,0,0,0,0.207782576009592,0.328233723388778,0,0.262757973623595,0.244657053725897,0.334248757627012,0.391422183559409,0.259543570488593,0,0,0.127924633306089,0
0.253497339340365,0.233214769045293,0.188719799866546,0.305812856536341,0,0.351658134651484,0.224285325109466,0.405914888162676,0,0.139641799060462,1,0.224327588226907,0,0.111695518120734,0.291752606793374,0.129188566805972,0.181789486306663,0.310408712798998,0.238953819105614,0.481283421165719,0.120992853401619,0,0,0.286429524267957,0.281252511098323,0,0,0.361717295301582,0.129530231252156,0,0,0.215202101729366,0.193101821457849,0,0.342863968265339,0.273762502708041,0.27202999612882,0.333114287213202,0.332143784914121,0.461093812190623,0.213369809576148,0.20401192660138,0.112374737528012,0,0,0.140060772884487,0,0,0.105834460208679,0.26814384174343,0,0.147342910330687,0.17470998137958,0.278219191064051,0.295251321804977,0.398836835447527,0.342593517196246,0.370091216553415,0.371195689027627,0,0.179376231105787,0,0,0.110553711708188,0.132257023449432,0,0,0.361702185801378,0.152773025743342,0,0,0.114048757215085,0.190413826623274,0.167388123337366,0,0.511104989375241,0,0.208251038139378,0.151193781380084,0.104127711525389,0.210284920688537,0.219842373162572,0.128358716308499,0,0.219309011249865,0.322973763522728,0.179857649186022,0.183468671582877,0,0.223801290556387,0,0.201991185584379,0.130623508139706,0.146711293298644,0,0.321984058255483
0,0.232299507201919,0,0.151049678789569,0.254530929914638,0.15705339755114,0.208512593699013,0.238115031487116,0.214044244336979,0,0.224327588226907,1,0.404462713737892,0.422656571262402,0.128340346655347,0,0.309285194619828,0.488570014202124,0.186614120557359,0,0,0.296327193304735,0.245124260331019,0.176082008919546,0.299073237906944,0.277147898569743,0.380961203796436,0.450987023990521,0.436703345705468,0,0.35065967726117,0.136914093437668,0.403718699876751,0,0.10775244930135,0.175988534089274,0.436833116137115,0.674583626070201,0,0.585054098764771,0.554944673494256,0.156411960429091,0,0.210625714812234,0.232746794690983,0.223815673271266,0.290469698559672,0.350935981627221,0.116387181397204,0.212309718857647,0,0,0.106790699035795,0,0,0.312267272250581,0,0.180398440822845,0.327395997975896,0.660576849900424,0,0.319435714729507,0.322493834729166,0.21283458976917,0.25364994378967,0.319740559450096,0.115976618105402,0.11606004293446,0.158335269595663,0,0.158370031221004,0,0.333606821675369,0.139560922932708,0.376991040240059,0.302063355355272,0.422050874269258,0,0.192406084005952,0,0.188352102558639,0,0.103862310673559,0,0.225590904810988,0.110236832339846,0,0,0.120078835227991,0,0,0.266241238488531,0.305951941356742,0.267981532975096,0,0
0,0.214815322078953,0,0.335169921582514,0.125832066675747,0.411475763450961,0,0,0.19520931127586,0,0,0.404462713737892,1,0.241894394981628,0.111135586214692,0,0.104607427901532,0,0.228412422140833,0,0.263791827384982,0.119917960869982,0.114452903663337,0,0,0,0,0.286172622744095,0.332156065747079,0.146587413013971,0,0,0.402347805241718,0.243652386044944,0.207682925304396,0,0,0.314006503990309,0,0.297517024649569,0.22659829810547,0,0,0,0.264241098730013,0,0.128679548823294,0.11073763326063,0,0.490254368806631,0,0.436830329024451,0.19229939550246,0.402975895824019,0,0,0,0,0.176486470623623,0,0.392024321793168,0.105303857572021,0.188757018714374,0,0.188539297000748,0.310536022314084,0.276742256407771,0.225685941612965,0.213469509881235,0,0.144428807972507,0.130457695763873,0,0,0,0.269604025230059,0.20214462022539,0,0.116028683045416,0.182790247579143,0.120444070626559,0,0.185877021021059,0,0,0.162087991393736,0,0.408835015538646,0,0,0.17010697223494,0.1605410154335,0.116690206668343,0,0,0.340149119527741
0,0.253247957673972,0.238386182431021,0.132640135012033,0.373321423806668,0.431582175240994,0.13954040870562,0.134619186935293,0,0,0.111695518120734,0.422656571262402,0.241894394981628,1,0.507857981619553,0,0,0.205942963527841,0.376562188720246,0.402464512848489,0.216239473389648,0.415180489362403,0.181822303676769,0.161180334070413,0.366440818403703,0,0.148000529346745,0.166696433844939,0.361064419413638,0.175760751191456,0.474209141099565,0.13000060798362,0,0,0.537179001455114,0,0.200772522365422,0.122416153197574,0.289604757964841,0.343700353323564,0.531516290610351,0.150869773631555,0.123180559127244,0.257097179546444,0.400140821030523,0.283452118054755,0.187894915950703,0.128001083754027,0,0.34343930489469,0.129771387419805,0,0.447724966970353,0.28312597928017,0.227215712884067,0.216223724895133,0.245765574596616,0.123225909668988,0.108035728427334,0.367595021319525,0.141699095526152,0.770721058769489,0.586509318129833,0,0.34591070245147,0,0.192756873937102,0.494864808061927,0,0,0,0,0.436507773323321,0,0.191764483318232,0.105078212207896,0.328235059509819,0.244195042570476,0.469988100498912,0.16600500483698,0,0,0.485090018280402,0.158941489584676,0,0,0.159320448331193,0,0,0,0,0.180499671590144,0,0,0,0.23822602284259
0.237824804108739,0.684610029354967,0.247541632556908,0.107696566468594,0.336436123002825,0.293645434452255,0,0.536566333022951,0,0.155178779582053,0.291752606793374,0.128340346655347,0.111135586214692,0.507857981619553,1,0.135584333549491,0,0.1721870294011,0.355053927541862,0.652908051134108,0.115239232059632,0.273077255624232,0.110229469530993,0.538417880933227,0.383578623092622,0.194626410256706,0.405814300738013,0,0.502903023474112,0.178437483497992,0.457977970240343,0,0,0.188847311080795,0.579915998842834,0.351054290309437,0,0.132087347571836,0.363907211065551,0.134958978534363,0.307139365851478,0.12584444396295,0.113135072657539,0.280349714468259,0,0.35654327402004,0.163727400934164,0.22919668439615,0,0.367984963201028,0,0.200953161075709,0.322212754161186,0.132262935116896,0,0.169396503182839,0,0.103392007483901,0,0.332085886098054,0,0.476725800611174,0.671502875216617,0,0.267119110425575,0,0,0.46100599309385,0,0.214157497828675,0.150671591632261,0,0.231718721845785,0.136016761041183,0.360384843264752,0,0.253907544489292,0.119123627293194,0.147223370505206,0,0.262273599502365,0,0.313960138746226,0.211424789125177,0,0.277147213952554,0,0,0.275990947288216,0.260605196470814,0.200135663506583,0.294508606998572,0,0,0.218382611634315,0
0.10496816606866,0,0.432751446628588,0,0.301139654602811,0,0.298867423451604,0,0.231612174556078,0.593727052100368,0.129188566805972,0,0,0,0.135584333549491,1,0.224244163928198,0,0,0,0.214663340075868,0.319090662507035,0.180406082874967,0,0.251545152970241,0.309760143394442,0.290639327779529,0.209733333620398,0,0,0.250140418422077,0,0,0.414520834519775,0.181484517249652,0.190710592546565,0,0.132812838125333,0.44693545470126,0,0,0.25514304267118,0,0.457461413271046,0,0.19939066888626,0,0.192541919854216,0.175298540182725,0.23103003939569,0.258220956582936,0,0.309260327126307,0,0.12552087148039,0,0.162947377814274,0.274551944720232,0,0,0.256169035383241,0,0.266313760154501,0.38727761578552,0.24959771973384,0,0.226606846128858,0,0.105154748971821,0.307754032155244,0.36830457826429,0.455628129373746,0,0,0.171585086989241,0.156086006813318,0,0.164313342775566,0.142387685700602,0,0,0.349103780642782,0,0.138843909257877,0.147466116203453,0.387956513932848,0.181878870724701,0,0,0.441773310311098,0.4655901811951,0.367059785352165,0,0,0.116645694837341,0.156275216751275
0.146783638740443,0.166529384278073,0.217377008189985,0,0.312923047993634,0.135074133387358,0.244822294482232,0.140697302193305,0.176643757599023,0.266428601935407,0.181789486306663,0.309285194619828,0.104607427901532,0,0,0.224244163928198,1,0,0.340303910078009,0.317443552712467,0.293044156615202,0.17014269790457,0.257008558689935,0.176452268388862,0.319192941782104,0.298974652807277,0.303835491987773,0.115086013313355,0.224505197731583,0.307159239320226,0.286460377337551,0,0,0,0,0,0.136697881938082,0.147284780741291,0,0.248136844520629,0.286716295236724,0.14048511944578,0.288653788971662,0,0,0,0.208556271043485,0.20916279638167,0,0,0,0.14105721714573,0.229929848017058,0.122715723273262,0,0,0.285397379612712,0,0,0.208629551735479,0,0,0.177480433000321,0.104098052866932,0.285853096544184,0,0,0.266837000448513,0.103536802403831,0,0,0.232052999020723,0.287721929712833,0.326297778438479,0.292778686235424,0.230303517844959,0.244249029816601,0.175009272648354,0,0.164024840235469,0.166941177312124,0.10965302691395,0,0.146710975480548,0.334667961280978,0.12644822384905,0.40786858116342,0,0,0.195712351850493,0.15080747052869,0.166035158204769,0.175486327690863,0.188261135355716,0.152355552696557,0.117886563318273
0,0,0.199412580251479,0.181402493500387,0.221182128072776,0.135449947862945,0.466923442063646,0.341215457608519,0.335105115787958,0,0.310408712798998,0.488570014202124,0,0.205942963527841,0.1721870294011,0,0,1,0,0.413967078284194,0,0,0.361622629745286,0.328127702743994,0.147001977695752,0.175905444416643,0.243318172435361,0.229710707297856,0.125502461400755,0.121136113624018,0.148866592225989,0.597373837370828,0.231244120313533,0,0.422801146040045,0,0.441122933691544,0.306230828172565,0.370076826686531,0.129081635885427,0,0,0.203848801456011,0,0.103898562358424,0,0,0.171332259617187,0.163959905971399,0.351002518808046,0.131795221152102,0.121949450435252,0,0.121129876301393,0.119114469956361,0.609938525290424,0.298882880922738,0.440523350834696,0.412693352784466,0.42980286116572,0,0.220725627894315,0.201229010161237,0.29163484781304,0.155465223683301,0.345319046328055,0.37091601994596,0.451015939154599,0.176558222847291,0.146180550333888,0.300295906204428,0,0.212430559540136,0,0.164083291936812,0.218916094124411,0,0.42791547273566,0.146644665619375,0.333913741490147,0.13362613938388,0.183895628014268,0.534311364756892,0,0.106634959046871,0.146906795708595,0.537960766718578,0.295376947991467,0.140309571125815,0,0,0,0.259182013017531,0.135969245488112,0,0.37564884948363
0,0.187036064397948,0.182905698506819,0.323238297961129,0.354157727279259,0.204941286098886,0.231903825289337,0.183077552979984,0.105724101586358,0.245195028547558,0.238953819105614,0.186614120557359,0.228412422140833,0.376562188720246,0.355053927541862,0,0.340303910078009,0,1,0.504856582971778,0.343308248992389,0.352381998365047,0.135571197983392,0.153598893615032,0.34535783844434,0.166579973488542,0.374890778279461,0.314619733534486,0.284979428889443,0,0.425073954690657,0.1180642545646,0.373044011198031,0.407034496686756,0.3480800743886,0.271693515182936,0.250131831112617,0,0.191825143682393,0,0.339449374825801,0.273907247360349,0,0.375594932115966,0,0,0,0,0,0,0.105745923749452,0.252464696151683,0.365393867644562,0,0,0,0.111623193873125,0,0.163965206558003,0.347786513056605,0.39492136431146,0.348971461644016,0.238979981929518,0.104638748231811,0,0,0.281653272662892,0.343825647562394,0.109689097657872,0.290403183734987,0.212970180590232,0,0.24294745210161,0.23995613194854,0.436487194297467,0.352096851675475,0,0,0.12553971266515,0,0.295137454936851,0.311489666324718,0,0.193138931805972,0.171914352981094,0,0,0.456858378556005,0.259580804976173,0.116422900012425,0.230294566247551,0,0.151708721158826,0,0,0
0,0.638590554833761,0.158623545646361,0,0.158162365850431,0.453525026366687,0.456030896047525,0.591365720711632,0.214342761555682,0,0.481283421165719,0,0,0.402464512848489,0.652908051134108,0,0.317443552712467,0.413967078284193,0.504856582971778,1,0.306760272201395,0.40166107752245,0.168101218540792,0.223186630220965,0.363536508903143,0.450392692230119,0.528596065247828,0.390440696695921,0.618179616933319,0,0.279831602006046,0.248732858778423,0.121948191810196,0.177598132046735,0.746675664211045,0.259338800258714,0,0,0.597026768281657,0,0.11393151434147,0.181131741078197,0.121682323200325,0.240110623362586,0.143799419478871,0.227689465885071,0.133803639044683,0,0,0.54064497167868,0.103366107549338,0,0.13960523758051,0.274160367255065,0.161795046601614,0.29917946615694,0.394670308641005,0.316656610354916,0.176851169049563,0.234037455810004,0,0.424605118087696,0.513502159566933,0.282146786405617,0.318884492926001,0,0.297150299093753,0.776177907949797,0.187648284640517,0.289200581317076,0.27525832922349,0,0.510047376384104,0.520566967220296,0.555847123586794,0.343924010288065,0.476546640290786,0.331801814891247,0.16811877968368,0.139692851915158,0.216329187924071,0,0.561556979182644,0.226445768361561,0,0.199874955314126,0.406622606004225,0,0.245030885564702,0.208121072471156,0.118661060395667,0.260902639112271,0,0.115898466713851,0.145181324082781,0.231459383893711
0.313872762099438,0,0,0,0.162830965447173,0,0.570415341879922,0.279872788414184,0.688584535594829,0.515137301989866,0.120992853401619,0,0.263791827384982,0.216239473389648,0.115239232059632,0.214663340075868,0.293044156615202,0,0.343308248992389,0.306760272201395,1,0,0,0,0.261689739016398,0.165532323852376,0.203799472949959,0.246126352203655,0.136536904247647,0.12028250533584,0.260101351200662,0.178718409428742,0.239032207069371,0,0.219506045296106,0.187468646915235,0.12745260382679,0,0.181462443608621,0,0.130872252250119,0.113644208258942,0,0.163600537958459,0,0.25150739094939,0,0,0.200548399853383,0,0.320422275698571,0.204537990350816,0.31024633439121,0,0.21687101363888,0.270238677384013,0.545360394801669,0.243086020836336,0.198914912130558,0.120532315018913,0,0.153817087692978,0.191084945426918,0,0.217143676732489,0,0.290825113802636,0.31699857098357,0.609743166254323,0,0,0.264528056955755,0.278071735796409,0.275243632742159,0.200373278339233,0.385763602486754,0.19193381550828,0.209247327826599,0.149261980648412,0,0.112812733157146,0,0.307850317587349,0.103901453970211,0.277708787308759,0,0.238624606621169,0,0,0.238056622637833,0,0.208470263461591,0,0,0.107894777258764,0.151754606361086
0,0.327468670272447,0,0.194622129610498,0.232704105033231,0.400851481070121,0,0,0.104244504270844,0.148525064639636,0,0.296327193304735,0.119917960869982,0.415180489362403,0.273077255624232,0.319090662507035,0.17014269790457,0,0.352381998365047,0.40166107752245,0,1,0.222056887698029,0.115376902409987,0.224345490840668,0.155137288052316,0.35736511021952,0,0.396718459796529,0,0.214156011201287,0,0,0.293562152169468,0.379064341183871,0.240011124369559,0.269797519469193,0,0.315735404566301,0.2070627828813,0.217180990672486,0.280208531063501,0.228813483245059,0.508097774432778,0.271396952035685,0,0,0,0,0.275632335614043,0.199433588542523,0,0.215028798803887,0.158919922340288,0,0,0,0.12351443065921,0,0.266373584061341,0.227586390016228,0.515045833667925,0.327422028552489,0,0.150742529099323,0,0.273464222345083,0.339097203286542,0.158703741092788,0.190120523448882,0.329612432724939,0.168847515097528,0.388746903766646,0,0.307677482487013,0,0.249262549001208,0,0.304662790490443,0.111342061826159,0,0.318724048979775,0.204466941199878,0.23819280194402,0,0.264359142476862,0.201714050839557,0,0.138850544101295,0.345215253171951,0.392547291350841,0.184687781998812,0.179849666911636,0.159184770918518,0.142728231128419,0
0,0.133788980078097,0,0.169245657255687,0,0.129586343488567,0.212074828797666,0,0.169324762454789,0.117131048418017,0,0.245124260331019,0.114452903663337,0.181822303676769,0.110229469530993,0.180406082874967,0.257008558689935,0.361622629745286,0.135571197983392,0.168101218540792,0,0.222056887698029,1,0,0.237242265006315,0.140733748331503,0.11730182027318,0.201244654748638,0,0.424215954499887,0,0.451132525899784,0,0,0.269870665190015,0,0,0.235669851708178,0,0,0,0.191775501006397,0.200820139560697,0,0,0,0.260577685460615,0.505500138751541,0.117489831928036,0.161792235962445,0,0,0.169810740912483,0.14744753188676,0,0,0,0,0,0.125045633212653,0.129240546601222,0.166905032547647,0,0,0,0.125118134430454,0.514889462897142,0,0,0,0.43368843919738,0,0,0.126148258876618,0.162372321677899,0,0,0.251044534068652,0.134716000322868,0.341347774307101,0.293357037316508,0,0.195970318335886,0.269980584496125,0,0.116891097649616,0,0,0,0.295127884855066,0.254863201095051,0.182080567154626,0.251474076486215,0,0.154932417682814,0
0.282955959294523,0.234500910995477,0.120410468745553,0,0,0,0,0.374924137182861,0,0,0.286429524267957,0.176082008919546,0,0.161180334070413,0.538417880933227,0,0.176452268388862,0.328127702743994,0.153598893615032,0.223186630220965,0,0.115376902409987,0,1,0.187046809575623,0,0,0.157771777544667,0,0.130204179707361,0.222080922883413,0,0.223593290649864,0.218803037176267,0.179314585556843,0.26368024036677,0.327583050860632,0.142104865034944,0.246505341041726,0.117205525498715,0,0.135885744055446,0.32446875461691,0,0,0.378130777137031,0.128785478493246,0,0,0,0.216776510397144,0.287174396234844,0.24237857871107,0,0,0.332429454532497,0,0.124396353224034,0,0,0.169090235412294,0.241037347447492,0.267879925270726,0.107624369587784,0,0.428494175950603,0.108960052201012,0.140539626776882,0.278371817250577,0.124538691386815,0.251523045201814,0.321685072765088,0,0,0.123513336858653,0.139357180290029,0,0,0.195963606940099,0,0.309741101581166,0,0,0,0,0.180279806917798,0.146259289249541,0.207658237656005,0.318443384787713,0,0,0,0.20684596261553,0,0.221354370254842,0
0,0.278632516255008,0.209025254121215,0,0.336589757667033,0.155411417135818,0.170520718676948,0.282697395311564,0,0.275338751172513,0.281252511098323,0.299073237906943,0,0.366440818403703,0.383578623092622,0.251545152970241,0.319192941782104,0.147001977695752,0.34535783844434,0.363536508903143,0.261689739016398,0.224345490840668,0.237242265006315,0.187046809575623,1,0.295267510092542,0.303794214109474,0,0.509900319446448,0.172381294099272,0.545273084472027,0,0,0,0.211037416753103,0.129025439000272,0.124255663086594,0.180786055171731,0.174341925465243,0,0.312529456283949,0,0,0,0.124845361223005,0.32865133885807,0,0,0,0.151519589823068,0.184355387505201,0.184061884326276,0.238932891027221,0,0.212115107807288,0,0.335643702220794,0.147403395405875,0.130942126829887,0.375040503061856,0.140635786579938,0.37087605580628,0.288753525764371,0.211579824856529,0.480450954477477,0.167679024667777,0,0.442116924117849,0,0,0,0,0.555189842279903,0.12254706568507,0.472904892004781,0.200903119249703,0.394998162897759,0,0.409688917913688,0,0.157334085461791,0,0,0,0.189590594460377,0,0,0.146054825412629,0.186266787770158,0.372034469386027,0.184296089389595,0.324580834949679,0.194671149617427,0.156354401622159,0,0
0.16202306674577,0.478527656338964,0.361643846651396,0,0.232265652002646,0,0,0.251517226810045,0,0,0,0.277147898569743,0,0,0.194626410256706,0.309760143394442,0.298974652807277,0.175905444416643,0.166579973488542,0.450392692230119,0.165532323852376,0.155137288052316,0.140733748331503,0,0.295267510092542,1,0.729576310584301,0,0.458689346033952,0.152225111872214,0.233895748701175,0,0,0.228594193359163,0.259137794918588,0,0.21411083095897,0.229478051462467,0.469788483196165,0.141380837849786,0,0,0,0.112816979948745,0,0.17482515590697,0,0,0,0.315554498738994,0,0.141396389209578,0,0,0,0.251526310166914,0.261404262435863,0,0.249405983266521,0.346099254159057,0.162785253805038,0,0,0,0.254408507919965,0.164261282575699,0,0.300351721792112,0,0.120109857275169,0,0.229894048689675,0.284565573010151,0.627739740356486,0.670476893763342,0,0.562198121346509,0,0,0,0,0.156497009170821,0,0.288389784887743,0,0,0,0.153075920975384,0,0.214479779875219,0.123036758248181,0.161551188664196,0,0.115380446391883,0.162132323610126,0.191379186211648
0,0.546268865160412,0.150165014603394,0.126915898617309,0.360822880545137,0.23766457625901,0.13601445860307,0.280517661479325,0.153658346135804,0.151408589192784,0,0.380961203796436,0,0.148000529346745,0.405814300738013,0.290639327779529,0.303835491987773,0.243318172435361,0.374890778279461,0.528596065247828,0.203799472949959,0.35736511021952,0.11730182027318,0,0.303794214109474,0.729576310584301,1,0.196739578927489,0.506241621712442,0.155794069336578,0.252533016968872,0.186655210342144,0,0.555032723635977,0.305898237407682,0.123987658608181,0.390843567626382,0.329133355922189,0.356564564630544,0.275330191509803,0.311731631870169,0,0.136282028386212,0.257687195406988,0,0.279144530615712,0.125891865387487,0.132410649829798,0,0.312883849858387,0.104511123018673,0.291277919624639,0.141915894958676,0,0,0.15262211815648,0,0,0.31487880592881,0.555643169358941,0.197857210730471,0.189169063619973,0.226133688850647,0.148384288772876,0.132333528690715,0,0,0.248613486118093,0,0.116625927638717,0.143740309202441,0,0.230331724904108,0.618933755949237,0.861384138554466,0,0.457356100991288,0,0,0.236677165795517,0.249642654783992,0.526803952141297,0,0.36745774627753,0.140829833287135,0,0,0.299016180415236,0.267785115876654,0,0,0,0.404120404779593,0.236847643786774,0,0.325667383882127
0.18353350276081,0,0,0.170195733276549,0.125555593323424,0.265547518940901,0.334457493023146,0.271686538674201,0.239669933086335,0.111386887459764,0.361717295301582,0.450987023990521,0.286172622744095,0.166696433844939,0,0.209733333620398,0.115086013313355,0.229710707297856,0.314619733534486,0.390440696695921,0.246126352203655,0,0.201244654748638,0.157771777544667,0,0,0.196739578927489,1,0.201999054914504,0.295714623547233,0.120332541680118,0,0.585458514092541,0.472624093276191,0.145878422129927,0.215374156192205,0,0.332410614375034,0.2576739556815,0.488503526564338,0.37280032727331,0.534867130136788,0,0.16809945340609,0,0,0.132811744649103,0.173288893957312,0,0,0.265146190544784,0,0,0.147073002188842,0.176722356802677,0.170165302067839,0.241579015000801,0.117220789023939,0,0.147150743865997,0,0.128508254222424,0,0,0,0.296342208710487,0.127596533189254,0.25722635503842,0.261022077680022,0,0.398355825552473,0,0.119966790207129,0.224237848691585,0.269466774857505,0.677784141876792,0.143790023288884,0,0.115195167735115,0.180746192533936,0.46413228535876,0.424200930754363,0,0,0.198532434818962,0.156707204095635,0.135568149382759,0,0.147339389796015,0.306796518982521,0.317286734727903,0.214571506392009,0,0,0,0.197782860584806
0,0.586798632517165,0,0,0.214219907520023,0.186497112948824,0.170299755374921,0.375666080612772,0,0,0.129530231252156,0.436703345705468,0.332156065747079,0.361064419413638,0.502903023474112,0,0.224505197731583,0.125502461400755,0.284979428889443,0.618179616933319,0.136536904247647,0.396718459796529,0,0,0.509900319446449,0.458689346033953,0.506241621712442,0.201999054914504,1,0.232984892325,0.366499354180836,0.23204838372449,0.380504341597521,0,0.560504787239532,0.133149205508819,0.162080385613822,0.343086024007582,0.299260022382394,0.362105228891171,0.426698055632411,0.235104711881414,0.152197607405059,0,0,0.320559687305543,0,0,0,0.477372648762235,0.10991885829131,0.113980180080749,0.11708606419207,0,0,0.167269397947066,0.135266713444369,0,0,0.366726044921253,0.164675768359764,0.216107101153574,0.388425448602432,0,0.325707913646699,0.222276065405725,0.219460721661605,0.569958598973681,0,0.362175963461404,0.124175663063856,0.119863269339331,0.50782053708836,0.311515261088803,0.503586920666096,0.15406088341242,0.63163436073943,0.323045389410828,0.16518098369747,0.299844517568289,0.122694984636765,0,0.364542629856539,0.200235318541525,0.10432098916938,0,0.160456737541376,0,0.133664505639078,0.352060544306157,0.144008731608265,0.231263284061289,0.20946968347957,0.173227853146328,0,0
0.27528529716984,0,0,0.136764874132997,0,0,0,0,0,0,0,0,0.146587413013971,0.175760751191456,0.178437483497992,0,0.307159239320226,0.121136113624018,0,0,0.12028250533584,0,0.424215954499887,0.130204179707361,0.172381294099272,0.152225111872214,0.155794069336578,0.295714623547233,0.232984892325,1,0,0.444066849525992,0.377606905627413,0.103962156235152,0.178533948181095,0.186585660285632,0.165726779023263,0,0.143891524081525,0.193742315451923,0.268043424010196,0.148200138584541,0,0,0,0.226970826229934,0,0.124960019173339,0,0,0.17851513648975,0,0,0,0.149803140414107,0.231714339336022,0,0,0,0,0,0,0,0.120069826201692,0.224124254138075,0,0.250945554809579,0,0.162951645995266,0.128326840361537,0.110695344265202,0,0.149422037160694,0.11925851875831,0.220231154425804,0.397704692158184,0.148650674314613,0.326576217390776,0.206635810038093,0.588314557623384,0.281308982088665,0.121593542455285,0,0.262937576095118,0.13352694329185,0,0,0.154957553784908,0.183122284973085,0,0,0.132335852111011,0,0,0,0
0.298177339258185,0.209154468817632,0.175059219569814,0.212014167000796,0.525841586791458,0.159299160001126,0.216528477878599,0.260896304805904,0.295377419295534,0.330401597068584,0,0.35065967726117,0,0.474209141099565,0.457977970240343,0.250140418422077,0.286460377337551,0.148866592225989,0.425073954690657,0.279831602006046,0.260101351200662,0.214156011201287,0,0.222080922883413,0.545273084472028,0.233895748701175,0.252533016968872,0.120332541680118,0.366499354180836,0,1,0.143181393545785,0.124007960101471,0.190610136731607,0,0,0.335344018341789,0.174309049058473,0,0.26974230229554,0.473084110337325,0,0.160082151811959,0,0,0.38939217073773,0,0.163451307440081,0.215446771296368,0.120092562512749,0.161741612007116,0.169656636478497,0.553448993599614,0.146218639131834,0.191998405713113,0,0.204402942018839,0,0.22917636457736,0.299478021337653,0.18813680184198,0.358760339977023,0.317685589930405,0.18648253196723,0.35874121488901,0,0,0.29349588056586,0,0,0.120518599944124,0.292328636914667,0.386997536021332,0.16255098791065,0.410952943046518,0,0.138086344334613,0,0.334986294915353,0.172072455275378,0.161032486249611,0.117500378442483,0,0,0.367335196129717,0,0.19110517332046,0.179920431223273,0,0.222899751683374,0,0.213861122248844,0.177141561674028,0,0,0
0,0,0.353856910556806,0.302833356615778,0.38804902888821,0,0.422799376894585,0,0.325532352397098,0.16830973579929,0.215202101729366,0.136914093437668,0,0.13000060798362,0,0,0,0.597373837370828,0.1180642545646,0.248732858778422,0.178718409428742,0,0.451132525899784,0,0,0,0.186655210342144,0,0.23204838372449,0.444066849525992,0.143181393545785,1,0.147573740429297,0.221105541264011,0.427004499972915,0.177144614914772,0.279389267213616,0.109502712035342,0.296016189323387,0,0,0.145784134747429,0,0.20658792342934,0,0.220249572675545,0,0.243010382603716,0.113686531453677,0.456733637318393,0.137647238122721,0.373768891592244,0,0.178345435758829,0.134207451696822,0.410661888002723,0.416639256983274,0.274463875652494,0.152803918185391,0,0,0.10571035477868,0.19943169905264,0,0.279881636360377,0,0.44942024278128,0.400852393430826,0.234595935926185,0,0.347385583723207,0,0.33836976181133,0.149384293699446,0,0,0.276613868293635,0.539082807247828,0,0.752039660786633,0.235517523080586,0.220014014522084,0.499518412418194,0,0,0,0.235982825098793,0.256399993190048,0,0.109207354682045,0,0,0.37137925741813,0,0,0.407466488579279
0.193163644753917,0,0.110942385663542,0,0.172713598448064,0.109114968739685,0.155392572672924,0.268942418563355,0.305577650183382,0.138066929094459,0.193101821457849,0.403718699876751,0.402347805241718,0,0,0,0,0.231244120313533,0.373044011198031,0.121948191810196,0.239032207069372,0,0,0.223593290649864,0,0,0,0.585458514092541,0.380504341597521,0.377606905627413,0.124007960101471,0.147573740429297,1,0.46160038647686,0,0,0.150771470492748,0.432395993069686,0,0.267288356170162,0.161555393703718,0.387961322972328,0,0.151292944184192,0,0,0.130178528970799,0,0.139659484980565,0.117610259713216,0.118888916180692,0.268629294948438,0.332787055103818,0,0,0.133993387238335,0,0.186162075209594,0,0.123685811255044,0.173279808574131,0.242827041569837,0,0,0,0.352741483878287,0,0,0.141899129798769,0.201910195382527,0.11084976311659,0.121982198036703,0,0.105356321077225,0,0.377610613491237,0.379765809286547,0.348257193062328,0.257784512842789,0.22212564453043,0.675716141059109,0.290864827595448,0.188029472486561,0.361983712717608,0.243740103140284,0,0,0.251876923861833,0,0.216972881243549,0.179576896008814,0.118841665484001,0,0,0,0
