0 0.154750875837549 0.20628872755835 0.122637219317674 0.141679027987815 0.000880734836787692 0.091607583642986 0.0230486051681526 0.0559916678821531 0.237780040835443 0.0534026348889196 0.00196164282043497 0.0217778296086457 0.00933957720349359 0.000127332835967663 0.371109227641025 0 6.67628466566605e-05 0.00692819229329634 0.000129399042898259 0.0595800083924832 0.00448767218260239 0.0285794666692851 0.000446643749266757 0.000114315484362545 0.00116262728930158 0.00101189498002322 0 2.58013351511958e-05 0 1.88484928219821e-05 0 0.00151361572832032 0.000425844766976641 0 0.000390077149183998 8.56675276230172e-05 0 0 0 0 0.000425865157311715 0.0046852704523594 0.00200933480766649 0.000196056879649425 0.0252417490924249 0.0019110487075774 2.77713258535896e-05 3.21966137185652e-05 0.000198263130825584 3.21341456233585e-05 4.79686537471093e-05 0 0 0.000113956952585958 2.1134901333209e-05 0 0.000938793902920744 0 0 0 0.000107720099710924 0 0.00107423606121598 0 0 0 0 0.00266936804317651 5.89463531111251e-05 0.000582176268256715 1.86751383704193e-05 0.000119490764062684 0.000328256121434157 8.50771086412544e-05 0 0 0 0 0 0 0.000114516532425349 0 0 2.31424085405012e-05 0 0 0 0 0.000314410786952925 0.00031098035806979 0.000425067150087072 0 0.000194780195162563 8.33139775607687e-05 0
0.154750875837549 0 0.00159894413621575 0.00173746958231543 0.163474543105039 2.97855049279922e-05 0.417007762457212 0.00156008633081165 0.00755396534566583 0.00983838144232931 0.00803398579132251 0.00132311507005282 0.0266581966137108 0.267879377767894 0 0.0109648613369432 0 0.00011272367631888 0.00641068631638565 0 0.0154289126710687 0.0241033911734074 0.051593183798388 0.000124026815082221 0.350955705048793 0.0127966695354099 0.00448637587301795 5.83901907048958e-05 0.0544468434562976 0.00533742544525528 0.00490248149371739 0.00378166091547593 0.178669446809281 0.00678805061058257 0.000205648384656731 0.00511078410756058 0.00565823964319866 0.00234756978113188 0.000785584064693296 0.000155043480023092 0.00014518252864938 0.00167791665944484 0.0160092545152777 0.00721681346584958 0.000324348497993898 0.0316920860138299 0.000584644960243707 0 0.0001687018427879 0.00242045113983097 0.000153115256868184 0.000180755818006256 7.107911422657e-05 4.72724882193567e-05 0.000555558781646512 2.84017805007453e-05 0 0.00348471621119227 5.75137495254098e-05 3.06641669487475e-05 2.19285690931376e-05 0.00071964460346518 0 0.00551478635983114 0 0 0 0 0.0120374571743555 0.000164006632713379 0.00139280654337423 0 0.00216433190724973 0.00562129888065252 0.00291526334444978 0.000649180153545762 0 0.000286216242009999 6.01601648697031e-05 5.67039336154842e-05 0.000189922252080698 0.00341075952357154 0 0.000109622459623652 0.000566156075641785 0 0 0 0 0.00189001430001209 0.00478673155630832 0.00565489218842601 0.000154291902986504 0.00113437876780815 0.000588875459974594 0
0.20628872755835 0.00159894413621575 0 0.160948522689571 0.0531246169063906 0.066285321692 0.00127861660764562 0.0142518885914547 0.000330751947444656 0.0168605055106363 0.0230163332259274 0.00231478142755862 0.000745670732491434 0.000734715519930866 0.000207449839522867 0.198655635357206 0 0.000722763427842864 0.00084384388530474 0.000427614016316277 0.0025596840506827 0.00099409565296324 0.00518034641494574 0.00105239082497596 0.0013584961107342 8.98523561630545e-05 0.000458009591795906 0.00394160038127536 0.000196904926153863 0.00645926441388123 0.00148393356666786 0.0191226808048008 0.000758492463846811 0.000467638767827491 0.00564764201360709 0.000537220598461265 0.00577443841651866 0.00180461387005525 0.00819159119604138 0.00906370821240585 0.0156473568565121 0.0537085506272951 0.00365613260478281 0.00433970506866381 0.0276415981402372 0.108742170446875 0.337760599231303 0.00073680566001193 0 4.02508230752252e-05 6.12401583656016e-05 0 0 0.000172346882621069 0 2.33826435928344e-05 0 3.69030919387829e-05 0 0 0 0 0 0.000501074573344416 0 0 0 0 0.000129505642264347 0 3.3302311796303e-05 4.22201006315429e-05 2.8431859610958e-05 4.19692950085774e-05 9.49236445264496e-05 0.00118182792491592 0 0 0 0.000476228230512085 0 4.47209290094505e-05 0 0 0 0 0.000128139072167238 0.0010521360413805 0.000339475970204394 0.000449677466080627 0.00015583237896968 5.46996289294338e-05 0.00172815692935349 0.000332170485037587 0.000352309568793136 0
0.122637219317674 0.00173746958231543 0.160948522689571 0 0.146520469459378 0.414129786617823 0.000454630245361602 0.169780849073105 0.000238446312272969 0.000369599843154774 0.0527403293438718 0.0092829026582703 0.000421247266792892 0.000961701066106809 0.0662525114362231 0.000325058464770508 0.0608995493295951 0.00059409976286804 0.000136066555648505 0.0318982586728524 0.000289966371524834 7.24007238119036e-05 0.000315613682879618 0.002530455759806 0 0 0 0.000146855261530248 0 0 0 0 3.00422330549947e-05 0 0.000199418624975428 0 0 0 3.52788117722984e-05 0 0 0.00126391167400757 0.000292466539267075 0.00010487676979549 0.0226600049179 0.136437963987652 0.0414100851490368 0.0273129624692679 0 0 0 0.000938733786762001 0 0.00212642976220363 0 0.00186352960039177 0 0 0 0 0 0 0.00115174426124338 0 0.0146435712292382 4.46887549824763e-05 0 0.00294816582551961 4.2668809029001e-05 0 0 7.53505194196756e-05 0 0 0 4.33101407125216e-05 0 0 0 0 0 0 1.89618392984119e-05 0 0 0 0 0 0 0.000260821858609445 0 0 0.00244909180892007 0 0 0.000859513755934857
0.141679027987815 0.163474543105039 0.0531246169063906 0.146520469459378 0 0.000513379150957045 0.00330936567733921 0.0370413685413485 0.00352423924383542 0.0193110702889193 0.19990113193335 0.00637930978156287 0.0124749197445725 0.314057885880934 0.000125931554900638 0.0154122567050889 0 7.68912577635564e-05 0.00434226630519127 0.000340517487272252 0.0134528728901088 0.00138016338619874 0.0174423741493643 0.000812183690514765 0.00286065243928861 0.00016787163198099 3.61448195478244e-05 5.98844347874111e-05 0.00533586229156809 0.000488597323476615 2.05602115555404e-05 0.000146346950145498 0.000701784568085966 0.000108998396861243 0.000704306614685864 0.00029171379294462 9.16479500174021e-05 3.59679884902437e-05 0.000676624273970668 0.000123552065819692 8.70329355124078e-05 0.000127263427379457 0.000839682957132662 0.00130857001867805 0.000284716651136029 0.0882329834384006 2.88382319804105e-05 3.66679537862565e-05 2.01125466733714e-05 6.66734411316128e-05 0 0 0 0 4.88410841324955e-05 0 0 0.000186688511708835 0 0 0 2.06512928884182e-05 0 0.000211514213753095 0 0 0 0 0.000971585649037347 1.88587764319121e-05 0.000137371685347035 2.75702751803676e-05 6.93936498357592e-05 4.81759914053169e-05 3.31585193137518e-05 0 0 0 0 0 0 8.59738240873821e-05 0 0 0 0 0 0 0 4.3771125450752e-05 0.000168233768293452 0.000155374577208652 4.03609226095592e-05 4.67744816450902e-05 2.09163450778611e-05 0
0.000880734836787692 2.97855049279922e-05 0.066285321692 0.414129786617823 0.000513379150957045 0 0 0.000280022712003814 0 3.32504979763467e-05 0.000119924880073532 0 0 0 0.0479165219061643 0.000416991799275751 0.45730524658602 0 0 0.167094923642709 0 0 0 0.00011527617147047 0.000234735282659712 0 0 3.19377020406803e-05 0 0.000325372681417065 0.000251179495539391 0.000413008597928338 2.93170453790644e-05 4.09417926522217e-05 0 0 0.000752046116972074 0 0 0 4.46202814052414e-05 0.0641576412966584 0.00343745912378232 6.32045748043661e-05 0.0327569733960988 0.0222096037615815 0.00499556481738599 0.142271202314563 0 0 0 0.00760150819002992 0 0.0345090010433158 0 0.000269361420264094 0 0 0 0 0 0 0.000262749996773235 0 0.0928446193879918 0 0 0.0115614323132533 0 0 0 0 0 0 0 0 0 0 0 0 0 0 0 0 0 0 0 0 0 0.00208441775134359 0 0 0.00796145467710578 0 0 0.00336691654780627
0.091607583642986 0.417007762457212 0.00127861660764562 0.000454630245361602 0.00330936567733921 0 0 0.000281880461343531 0.28884944808575 0.00348997885493822 0.00107463541096405 0.000172863077474831 0.0727174410907971 0.007835263630146 0 0.0221337286250511 0 1.96524518546939e-05 0.00488794448594214 0 0.0799421586122327 0.11193404014878 0.0868553533171012 2.10390572388401e-05 0.00693166538800397 0.00960632004883596 0.0028345090744238 0 0.000342302158319788 0.000555307135211604 6.1555708587142e-05 0.000688413067240182 0.0430011848716742 0.0034543828800473 0 0.00512643965542544 0.00102911372786516 0.000312707513026538 0.000130800272353768 0 2.93399805506386e-05 0.00415007798456558 0.00247661523441995 0.0119084113008568 0.000327602928717011 0.00295463448001531 0.000105730060343487 0 5.85228216936673e-05 0.000412324957564292 4.22214090691587e-05 9.41707346327463e-05 2.25249513359903e-05 0 0.000416600789623715 0 4.20089082777097e-05 0.00124666878842757 2.71065299028684e-05 0 3.73296445101897e-05 0.000168228085937503 0 0.00151229331440092 0 0 6.14933922638871e-05 0 0.00442223391026778 0.000357128295958472 0.00160061540705516 0 0.000310771107027015 0.00176412540419638 0.000299181630379909 2.13743928888533e-05 0 2.51574237902254e-05 0 0 4.93025934613016e-05 0.000623364662278945 0 0 0.000130760918874108 0 0 0 0 0.000424233368077241 0.000545466180362684 0.000797394403981824 1.94875292249695e-05 0.000301338888580337 0.000133287193335971 0
0.0230486051681526 0.00156008633081165 0.0142518885914547 0.169780849073105 0.0370413685413485 0.000280022712003814 0.000281880461343531 0 0.000338275132331593 0.0029507783746275 0.101809401015857 0.118070027159436 0.00048081439307811 0.000496290577781193 0.0845713983553405 0.00196795105640354 0.00712662201696007 0.207073747138123 0.000362734347888393 0.0890753822004678 0.00219916325233954 4.80157440394743e-05 0.00147291696342701 0.20557697567905 0 0 0 0.0189551870651303 0 0 0 0 0 0 0.00713731757481706 0 0 0 0.00259781452678868 0.00118737675510608 0 0.01041971143041 0.00214812359124752 0.000123447212730208 0.152287802554291 0.0849778426424887 0.000796467065565473 0.0197036003201594 1.93818875213201e-05 2.13064953493431e-05 0 0.00144160072150511 0 0.000602818164731684 0 0.00296676337888449 0 0 0 0.000116676398515371 0 2.68991660507338e-05 0.00740226797845062 0 0.0012847471998837 0.000447978614071345 0 0.0045884107447055 3.92190428686972e-05 0 0 0.00184273838531686 0 0 0 0.00124940943440043 0 0 0 0 0 0 0.000378753833499944 0 0 0 1.94950561668362e-05 8.92034030174465e-05 0 0.00146632748735579 2.77655149016195e-05 0 0.0138919973962416 8.4458845909501e-05 0 0.00169368765933726
0.0559916678821531 0.00755396534566583 0.000330751947444656 0.000238446312272969 0.00352423924383542 0 0.28884944808575 0.000338275132331593 0 0.0323597406314738 0.0011087998037388 0.000147308028820792 0.103502361146646 0.00363462907236051 0 0.00404830705061813 0 0 0.0267123144634076 0 0.296518795851634 0.00642213864834263 0.042835403279449 0 0 5.24013791503256e-05 4.77156919194715e-05 0 0 0 0 0 0.000380596055960879 0 0 3.09991320179996e-05 0 0 0 0 0 6.77051738301245e-05 7.08282462041274e-05 0.000108969113023703 0 0.00189718410128694 0 0 0 0 0 0 0 0 0 0 0 0 0 0 0 0 0 2.38778904268987e-05 0 0 0 0 0 2.46051977954377e-05 4.62496232092862e-05 0 0 4.2904286612809e-05 0 0 0 0 0 0 0 0 0 0 0 0 0 0 0 0 0 0 0 0 0 0
0.237780040835443 0.00983838144232931 0.0168605055106363 0.000369599843154774 0.0193110702889193 3.32504979763467e-05 0.00348997885493822 0.0029507783746275 0.0323597406314738 0 0.0253766528700419 0.00115879918194574 0.0308043739556074 0.01753841915887 0.000116330376455808 0.298860681793256 0 5.52401194654837e-05 0.0348509126114389 0.000299619266647173 0.215247580479797 0.00425649326609678 0.173582873978161 0.000464339195930723 4.4991248164664e-05 0.0605208086929836 0.0177664562395065 4.93454241691687e-05 2.58013351511958e-05 0 1.90517991904244e-05 0 0.000979092042633248 0.00164187096975142 4.12359205771927e-05 0.000619982166144978 0.000197235028126189 0 0 0 0 0.00345143945023373 0.0212132151046781 0.0107817194870347 0.000167768051333734 0.0438940475067169 0.000279460676582228 0 3.58686683412372e-05 0.00049560477071509 1.8938379753061e-05 2.57553819320796e-05 0 0 0.000162553493287713 0 0 0.000596872186391433 4.58968796074053e-05 0 0 7.6085010863584e-05 0 0.00122693582593566 0 0 0 0 0.00372293169367325 6.445825353207e-05 0.000597486600397465 0 0.000448433293126607 8.24680799753874e-05 0.000131551850546888 2.15648745732665e-05 0 2.09737526070374e-05 0 0 8.48980270738076e-05 0.000448499016203915 0 2.74817306791476e-05 4.83477385447219e-05 0 0 0 0 0.000127295747676195 0.00249303600958088 0.000912014086780864 0 9.69369151252404e-05 3.65285606295003e-05 0
0.0534026348889196 0.00803398579132251 0.0230163332259274 0.0527403293438718 0.19990113193335 0.000119924880073532 0.00107463541096405 0.101809401015857 0.0011087998037388 0.0253766528700419 0 0.411163261158882 0.00489978894072379 0.12970832728412 0.00130626698538973 0.0316426413844357 0 0.0089609829951917 0.00327531460637751 0.00397638208162148 0.0161321346625788 0.000414029842107987 0.0188199591248861 0.0226410083237515 0.00304513380401911 4.16482696030623e-05 0 0.00378508332934328 0.00278703250275011 0.000392676486905251 0 0.000166335650320528 0.000505492142375038 3.31683994363659e-05 0.0108977293545405 0.000156092468154578 5.22587388224364e-05 4.04639870515241e-05 0.0153210678799604 0.000775213175832577 0.000104969424423108 0.0180171098401453 0.00221750327605113 0.00106563532206742 0.0289998324253826 0.20526293408816 0.0106600026624229 0.00113020020617637 0 3.83410600189848e-05 0 0 0 0 0 0.000120322881165409 0 9.49618925575169e-05 0 0 0 0 6.90137053951916e-05 0.000140415971717786 0 0 0 0.000108925271494587 0.000369662393977712 0 7.84500612252903e-05 0.000251487856531279 2.79711674387443e-05 5.0821018233609e-05 0 0.00038731489025991 0 0 0 0 0 4.25758164014929e-05 0.000105243663265614 0 0 0 2.26175266347822e-05 6.73815294030895e-05 0 0.00127051239653668 0.000161244375212031 9.44873803188663e-05 0.00064312363366547 2.44204552096624e-05 0 0
0.00196164282043497 0.00132311507005282 0.00231478142755862 0.0092829026582703 0.00637930978156287 0 0.000172863077474831 0.118070027159436 0.000147308028820792 0.00115879918194574 0.411163261158882 0 0.000297368471673818 0.0712414881707168 0.000963878240229362 0.001355086039296 0 0.336268602388711 0.000180756545236336 0.00278751100106015 0.000556619421614376 3.02265927423902e-05 0.000475605382312227 0.0719154297856404 0.000282933241947949 0 8.45810832978591e-05 0.00759883555832198 0.0416027787111238 0.0222699739106073 0 0.0833504406473286 0.0026527309607041 0 0.0257495376802756 0.000245541938975972 3.86216078965851e-05 0.245796622208977 0.144274899169799 0.00983273902633986 0.0109075365839959 0.00780382868524999 0.00118583198896179 0.000227108914075034 0.0270624994006065 0.0280861155868208 0.00540316969279109 0.00153790601592603 0 0 0 0 0 0 0 0.000148738072145702 0 0 0 0 0 0 0.000127673154939417 0 0 0 0 8.54886797194452e-05 1.97526074002375e-05 0 0 0.000339254660375813 0 0 2.39129026024551e-05 0.000971501142449166 0 0 0 3.77911160298863e-05 0 0 0.000111706225833698 0 0 0 6.13846286143615e-05 0.00045030441668628 8.64743405088833e-05 0.000351530279534193 0 0 0.00137620442195553 6.46640874587258e-05 2.27114375406983e-05 0
0.0217778296086457 0.0266581966137108 0.000745670732491434 0.000421247266792892 0.0124749197445725 0 0.0727174410907971 0.00048081439307811 0.103502361146646 0.0308043739556074 0.00489978894072379 0.000297368471673818 0 0.0152814700085831 2.31147550870735e-05 0.0169829030515393 0 0 0.231899635787733 7.4078252492814e-05 0.251971744006771 0.185654740449199 0.259756051425525 9.47155989779547e-05 2.35801048046986e-05 0.000560887441948023 0.000334729276996993 0 0 0 0 0 0.000216392722405423 5.19509981595769e-05 0 6.15650196931357e-05 0 0 0 0 0 0.000350364597545958 0.000499632976720054 0.00194338875627486 3.16931733340035e-05 0.00514558060766931 0 0 0 0 0 0 0 0 0.000138486599384015 0 4.88558086018604e-05 8.2912976560105e-05 0 0 5.75359829822357e-05 0 0 0.000194195642869617 0 0 0.000133148180492032 0 0.000107718169982993 0.000650493901736099 0.00120687409534197 0 0 0.000510143731774494 0.000140654698109097 0 0 0 0 0 0 0.000151977937053547 0 0 0 0 0 0 0 0 4.60782028416699e-05 2.49748761082432e-05 0 0 0 0
0.00933957720349359 0.267879377767894 0.000734715519930866 0.000961701066106809 0.314057885880934 0 0.007835263630146 0.000496290577781193 0.00363462907236051 0.01753841915887 0.12970832728412 0.0712414881707168 0.0152814700085831 0 5.75239707685589e-05 0.0173675041306457 0 0.0012441310741646 0.00433507140922524 0.00017023457380169 0.00527554821092029 0.00379104365510537 0.0187691896358444 0.00318464872109959 0.26090998113278 0.000671891277708909 0.000193677419484548 0.000470983520840202 0.159322491707895 0.0115125203794875 0.253861820527213 0.00461076987337356 0.00538480431708923 0.000492147176673006 0.0136997982303551 0.00292786099203316 0.00159546187955324 0.0016347999076817 0.0124519025174125 0.00409936895059605 0.00287216413935558 0.00104190495226875 0.00185073177469583 0.00501873143851344 0.00110078530681308 0.363474157736201 0.00068767081408614 0.000102770033882706 0 0.000207401162170302 0 1.87916592212473e-05 0 0 5.50644833213883e-05 4.38737537479952e-05 0 0.00038486843490507 2.11053579468708e-05 0 0 5.96485084838005e-05 0 0.000440917053441096 0 0 0 0 0.00189470617517081 3.36986416818853e-05 0.000219208128885497 3.1389886055512e-05 0.000203102435713997 0.000238610312341199 0.000108633504980678 7.13371147066559e-05 0 0 0 0 2.16576599678081e-05 0.0002408491151263 2.07967925896759e-05 0 4.78855855772525e-05 0 0 0.000113015599227848 1.92825265198888e-05 0.000131820052347969 0.00040742720207353 0.000460570739721933 0.000134468842713042 9.39256854918821e-05 3.76165424709114e-05 0
0.000127332835967663 0 0.000207449839522867 0.0662525114362231 0.000125931554900638 0.0479165219061643 0 0.0845713983553405 0 0.000116330376455808 0.00130626698538973 0.000963878240229362 2.31147550870735e-05 5.75239707685589e-05 0 0.000159235299851913 0.0518948746153643 0.00108169267996304 0 0.467121256116258 4.62207229555649e-05 0 8.48540278962745e-05 0.170993860477199 0 0 0 0.00799504315301209 0 0 0 0 0 0 0.0221970696546332 0 0 0 0.000125818023101088 0 0 0.00133369429054483 0.000265593570548121 2.86240063779289e-05 0.141774135885604 0.0138466256495716 0.000170401320273873 0.0170137017880976 0.000232355625432197 0.000134577283759426 0.000122589992198819 0.0047628380270264 0.000140467409074353 0.00307910560838006 0.000100300902708124 0.0120693514446139 0 8.80946808136405e-05 0.000136520673130503 0.00048049019153452 2.76044272166227e-05 0.000333816454797578 0.0325612311635362 2.50752256770311e-05 0.0150728436304268 0.00182157491859033 0 0.0169426574860424 2.43904286741559e-05 0 2.71632105767243e-05 0.00381976447605949 0 0 0 0.00169948189521038 0 0 1.89060033325755e-05 0 0 0 0.000302808031690341 0 0 0 0 2.67110911189489e-05 0 0.000183884988298228 0 0 0.0792288036816225 0.000812175102915238 3.95966371122198e-05 0.00324336931251314
0.371109227641025 0.0109648613369432 0.198655635357206 0.000325058464770508 0.0154122567050889 0.000416991799275751 0.0221337286250511 0.00196795105640354 0.00404830705061813 0.298860681793256 0.0316426413844357 0.001355086039296 0.0169829030515393 0.0173675041306457 0.000159235299851913 0 0 0.000168515060998256 0.0110880219382044 0.000300916587884561 0.0524573589630446 0.0372251022436558 0.0838951898595579 0.000725519081963031 0.0161518982529912 0.128583226868474 0.0171655929529442 0.00118363801598857 0.000670504994258488 0.00620171970350561 0.00408564420083359 0.0106541186460164 0.0198832045117134 0.0224865827524215 0.00105556347485803 0.013831659047793 0.0304789026899275 0.00126044321123356 0.00571357683329868 0.00376495214395155 0.0151901732899883 0.0606473319520671 0.204983005546688 0.461247472743954 0.0144367199842784 0.0503217734706296 0.0558626157644423 3.26856256907982e-05 0.000216367420834846 0.00346143808876032 9.18253684485507e-05 8.47536016994191e-05 8.55961833810721e-05 3.77984187721722e-05 0.000630319969928513 9.71125089001458e-05 4.27047207465528e-05 0.00252504512580967 0.000273784156047688 9.30547199730924e-05 7.49152746928408e-05 0.000538397538407842 0 0.00519467071321357 0 2.70314236094081e-05 8.59828905214471e-05 0 0.0186421488769721 0.000348315517149437 0.00252721601991017 2.75702751803676e-05 0.00409216090020898 0.0105086193175437 0.00406600235574702 0.00121437464792195 0 0.000589859817648972 4.4065674276603e-05 0.000378881795390067 0.00100578172890501 0.0114098392338239 0 0.000328032494535869 0.00318939741731799 0 0.000103956822325744 0.000950000012503757 0.000306061509624247 0.00108913994859393 0.00828496683741984 0.00722906537969825 0.00102064948400751 0.000662415826797913 0.000383928106231846 0
0 0 0 0.0608995493295951 0 0.45730524658602 0 0.00712662201696007 0 0 0 0 0 0 0.0518948746153643 0 0 0 0 0.212870845315724 0 0 0 0.000930166471428561 0 0 8.26972010178117e-05 0.0432706101103847 0 0 0 4.51294085222443e-05 0 0 4.44442840024323e-05 0 0 0 0 0 0 0.000111059046176777 2.86347517648279e-05 0 0.0217180092501609 0.000451179229712058 0 0.198489091547346 4.14869048300294e-05 0 2.8545779397289e-05 0.0172232954649781 2.87323227671987e-05 0.0353327336404644 0 0.00720924425941253 0 0 0 2.50265769378066e-05 0 3.83555338935807e-05 0.0200686252129706 0 0.205105412266564 0.000293117626546088 0 0.034783255553268 0 0 0 0.000296794843080273 0 0 0 0.000110840183028832 0 0 0 0 0 0 0 0 0 0 0 0 0 0 0 0 0.0162715929914059 0.0001492581028333 0 0.0108768863136597
6.67628466566605e-05 0.00011272367631888 0.000722763427842864 0.00059409976286804 7.68912577635564e-05 0 1.96524518546939e-05 0.207073747138123 0 5.52401194654837e-05 0.0089609829951917 0.336268602388711 0 0.0012441310741646 0.00108169267996304 0.000168515060998256 0 0 0 0.00378857267882768 3.37761837066376e-05 0 3.48945864992626e-05 0.177014508748826 3.06046403096467e-05 0 0 0.00317318149664003 0.000433829994730025 5.79124440416089e-05 0 0.000131700484994561 4.9986810217927e-05 0 0.00438024253050106 0 0 0.0270543301986776 0.0788285096436045 0.000261071375188329 6.19929290401726e-05 0.00514690058862458 0.00119847847748061 2.10275538914254e-05 0.0365029127167972 0.0137812272745497 0.00273142366309097 0.000106461256687686 0 0 0 0 0 0 0 0.000217900129467127 0 0 0 0 0 0 0.000145488122382837 0 0 0 0 0.000135998212794481 0 0 0 0.000383420733584885 0 0 0 0.000233118228595073 0 0 0 0 0 0 5.62760134385109e-05 0 0 0 0 0 0 0.000438659352782012 0 0 0.00162682826270896 0 0 0
0.00692819229329634 0.00641068631638565 0.00084384388530474 0.000136066555648505 0.00434226630519127 0 0.00488794448594214 0.000362734347888393 0.0267123144634076 0.0348509126114389 0.00327531460637751 0.000180756545236336 0.231899635787733 0.00433507140922524 0 0.0110880219382044 0 0 0 3.46995941901639e-05 0.143898022166506 0.210993280814647 0.522945518089495 4.70969609380428e-05 0 0.0074607972529107 0.0110814530028307 0 0 0 0 0 0.00288220580967485 0.016353992366 0 0.00323425318892253 2.40140437638595e-05 0 0 0 0 0.000477857670372932 0.00059143582964151 0.0016370382619159 3.26434905990806e-05 0.00283366825972006 0 0 3.52190410159527e-05 4.22675680470798e-05 0 0 0 0 0.000429265576702528 2.44096260716504e-05 0.000304290852480099 0.00017488622598607 5.53101123166373e-05 0 0.000279562277081753 3.740574744401e-05 0 0.00126959054737676 0 0 0.00273174478773621 0 0.000453881773131446 0.00266801817720035 0.0045597897411155 0 0 0.00211751656084186 0.000286730634353369 0 0 0 0 0 0 0.00017484969495341 0 0 0 0 0 0 0 0 0.000131041740660771 2.56764674150161e-05 0 2.88733640733006e-05 0 0
0.000129399042898259 0 0.000427614016316277 0.0318982586728524 0.000340517487272252 0.167094923642709 0 0.0890753822004678 0 0.000299619266647173 0.00397638208162148 0.00278751100106015 7.4078252492814e-05 0.00017023457380169 0.467121256116258 0.000300916587884561 0.212870845315724 0.00378857267882768 3.46995941901639e-05 0 9.56631595262929e-05 0 0.000135200326366683 0.208769442538649 0 0 1.97364496989964e-05 0.239617415466614 0 0 0 0 0 0 0.156481280008906 0 0 0 0.0532437247012812 0.00426397893236 0 0.00245119592164465 0.000564401119986021 5.96597225061103e-05 0.109290060169908 0.0105024615359764 0.00114470926753287 0.0224181366191765 0.000157295306231834 8.32270743606862e-05 8.66560513003824e-05 0.00742876859863603 0.000106006606266229 0.00514593204348321 5.74748118191348e-05 0.018568257280639 0 7.8787710772887e-05 7.40187104857433e-05 0.000419704453860234 2.68786850706786e-05 0.000233959856688947 0.108963092242283 2.34693472271869e-05 0.0379482025736689 0.00189126436434473 0 0.0493837193395985 2.52453759154088e-05 0 2.59919391507233e-05 0.0176272912320271 0 0 2.12627744947952e-05 0.028243542843901 0 0 0 0 0 0 0.0103588361820162 0 0 0 0.00022550810480887 0.000657250857245323 0 0.000186748048773035 0 0 0.0653025829792855 0.000554591197622824 0.000124640375880038 0.00150542989260882
0.0595800083924832 0.0154289126710687 0.0025596840506827 0.000289966371524834 0.0134528728901088 0 0.0799421586122327 0.00219916325233954 0.296518795851634 0.215247580479797 0.0161321346625788 0.000556619421614376 0.251971744006771 0.00527554821092029 4.62207229555649e-05 0.0524573589630446 0 3.37761837066376e-05 0.143898022166506 9.56631595262929e-05 0 0.0125811741182114 0.336589195920734 0.000277279010397309 2.52058477566796e-05 0.0163730808972471 0.00167544930895056 0 0 0 0 0 0.00103527989263571 0.00104894519026664 0 0.000346653013667666 2.32261061433051e-05 0 0 0 0 0.00520175526280044 0.0211636310403528 0.00263710355446108 3.99733155713748e-05 0.00537614472004596 0 0 5.20433263861528e-05 0.000497315600799391 2.30355450288309e-05 2.39215286404212e-05 2.16017107268443e-05 0 0.000149450450944471 0 3.08094010643537e-05 0.00047629850488697 3.63780659692596e-05 0 0 0.000107029842646815 0 0.00179979192501775 0 0 2.39212504785349e-05 0 0.00184946713757322 7.59059787330598e-05 0.000495825928057373 0 0.000490119803351107 0.000106534367417727 8.86645204709742e-05 0 0 2.09737526070374e-05 0 0 6.56453058882828e-05 0.000368612967192165 0 2.19037258237626e-05 3.1077933396628e-05 0 0 0 0 0.000152050068117117 0.00540440908299806 0.000703614572160526 0 9.54600696411438e-05 3.36691429519662e-05 0
0.00448767218260239 0.0241033911734074 0.00099409565296324 7.24007238119036e-05 0.00138016338619874 0 0.11193404014878 4.80157440394743e-05 0.00642213864834263 0.00425649326609678 0.000414029842107987 3.02265927423902e-05 0.185654740449199 0.00379104365510537 0 0.0372251022436558 0 0 0.210993280814647 0 0.0125811741182114 0 0.191007607712754 0 0.000636808439471574 0.0225473214785856 0.0730978902339879 0 0 0 0 0.000156000291490377 0.158427568462286 0.132386278838252 0 0.0784892635837178 0.0158580641820964 0 4.51815607640597e-05 0 0 0.00430094355564259 0.00466787257527542 0.0103806325399651 0.000346101370630156 0.00158922095374108 6.20573004901713e-05 0 0.000200084884846286 0.000276002676845564 3.45843122349667e-05 8.34658698559739e-05 5.61677147259143e-05 1.92819453420329e-05 0.00224584432380906 9.18029167735359e-05 0.00127564813297006 0.00103158249206026 0.000197319360436654 6.6852651746585e-05 0.000897249752993984 0.000189121877763307 0 0.00689175596951972 0 1.90238063123039e-05 0.00334031283531318 0 0.00213442868996173 0.0156664207910972 0.0204518379039763 0 4.31480698548726e-05 0.0188717704230431 0.0038263080607606 0 0 0 0 0 0 0.00188455793567972 0 0 0 0 0 0 0 0.000191365013127082 0.00291957215286981 0.000290486363730871 0 0.000239145546128574 0.000113646587644008 0
0.0285794666692851 0.051593183798388 0.00518034641494574 0.000315613682879618 0.0174423741493643 0 0.0868553533171012 0.00147291696342701 0.042835403279449 0.173582873978161 0.0188199591248861 0.000475605382312227 0.259756051425525 0.0187691896358444 8.48540278962745e-05 0.0838951898595579 0 3.48945864992626e-05 0.522945518089495 0.000135200326366683 0.336589195920734 0.191007607712754 0 0.000282357126808655 0.00310322036430129 0.0541206869780781 0.175690730844419 1.97077757152123e-05 2.03694751193651e-05 0 0 0 0.0264649775695995 0.0512656462124163 2.14356831320439e-05 0.0169241314179317 0.00158071312423844 0 0 0 0 0.0189454723949027 0.0362213915240652 0.0247264244445742 0.000353634504300878 0.0118270631260524 8.58703631913774e-05 0 0.000566587321499258 0.00173457469572195 0.00018978521580554 0.000353287033721295 0.000174002566542772 5.38855145097453e-05 0.0035254358726199 0.000194615854243061 0.00129611249294231 0.00587488764226704 0.000370721904386446 0.000154256348209103 0.0030270364824872 0.000745837010559052 0 0.0206274149609089 0 5.72420471068241e-05 0.0137133063962788 0 0.0231968536745469 0.0126274058799269 0.107560911977473 0 0.00084382138245204 0.0146859503017638 0.00195195349816181 8.85302963237204e-05 0 0 0 0 0.000208263954766931 0.00207204340302997 0 4.98636011494076e-05 0.000133144782695881 0 0 0 0 0.00109730955393463 0.0112705226375311 0.00240049229220111 4.11849446145348e-05 0.00118118367928123 0.000448104317800201 0
0.000446643749266757 0.000124026815082221 0.00105239082497596 0.002530455759806 0.000812183690514765 0.00011527617147047 2.10390572388401e-05 0.20557697567905 0 0.000464339195930723 0.0226410083237515 0.0719154297856404 9.47155989779547e-05 0.00318464872109959 0.170993860477199 0.000725519081963031 0.000930166471428561 0.177014508748826 4.70969609380428e-05 0.208769442538649 0.000277279010397309 0 0.000282357126808655 0 0 0 0 0.0525699005332926 0.00016213954995143 5.86484888154631e-05 0 4.85477188320473e-05 3.7157498778546e-05 0 0.169727695461908 0 0 0.0226003778400609 0.240006662916979 0.000550158758029166 8.39383818330135e-05 0.00487397199829278 0.000746878310694565 4.44077897791364e-05 0.0770402499686573 0.0209472271953017 0.00450100777504629 0.00508300372997524 3.13426948109575e-05 2.39413998564248e-05 2.07875063307406e-05 0.000295529387066106 0 2.14632030463003e-05 0 0.00242734684143932 0 1.8897733027946e-05 2.26772796335352e-05 0.00017544513519417 0 5.8191166324511e-05 0.0110099225317446 0 0.000249860799971246 0.000507865594257965 0 0.00450973868744184 0 0 0 0.0052808091516518 0 0 0 0.00325836422239233 0 0 0 0 0 0 0.00337437401360127 0 0 0 6.13511328520139e-05 0.000155702698482271 0 0.000353436269614825 0 0 0.0264722063687895 0.000112132501220995 8.53140799706365e-05 0.000266660675123355
0.000114315484362545 0.350955705048793 0.0013584961107342 0 0.00286065243928861 0.000234735282659712 0.00693166538800397 0 0 4.4991248164664e-05 0.00304513380401911 0.000282933241947949 2.35801048046986e-05 0.26090998113278 0 0.0161518982529912 0 3.06046403096467e-05 0 0 2.52058477566796e-05 0.000636808439471574 0.00310322036430129 0 0 0.00788894208496367 0.00465398835337744 8.66559343904001e-05 0.309943228773247 0.00667665302636622 0.395481408004606 0.0038585283066504 0.0583893055525266 0.00481478226384308 0.000135337217273877 0.00169858049318858 0.00339472428489486 0.000465593477627462 0.000107164013287866 8.65352395370218e-05 3.07120899548472e-05 0.00249493387820098 0.0123371627615876 0.00369559564073016 0.00021179134607262 0.085627933010847 0.00221204002127021 0 2.87491268942736e-05 0.000895441418571846 4.23095832868143e-05 2.24051980059374e-05 0 0 0.000158145831788763 0 0 0.000626074546474257 0 0 0 0.000238641527699735 0 0.00147675602603888 0 0 0 0 0.00229289614760817 4.179502665396e-05 7.33295197565307e-05 0 0.000942842432328901 0.00449303901331846 0.00233388349509489 0.000600904995207078 0 0.000205679705852494 3.2207472133535e-05 7.9405387767189e-05 6.63733047787953e-05 0.0020125284036733 0 4.01079492035867e-05 0.000275217828902488 0 0 0 0 0.000648130221991916 0.00181445150607433 0.00259811435540681 9.90600559740208e-05 0.000396423234444787 0.00020584775667955 0
0.00116262728930158 0.0127966695354099 8.98523561630545e-05 0 0.00016787163198099 0 0.00960632004883596 0 5.24013791503256e-05 0.0605208086929836 4.16482696030623e-05 0 0.000560887441948023 0.000671891277708909 0 0.128583226868474 0 0 0.0074607972529107 0 0.0163730808972471 0.0225473214785856 0.0541206869780781 0 0.00788894208496367 0 0.405708073125286 0.00129673417459749 0.00169443233260873 0.00255348473507749 4.11985535903922e-05 0.00351663508631999 0.0111100792050202 0.0536574546484751 0 0.00387342628390694 0.0113941884043618 0 0 0 0 0.011644813132651 0.0477457142365767 0.0141434680464109 0.00127072531944521 0.000514015167723954 6.06613155469331e-05 0 0.000351227348096288 0.00235392401375413 8.3649116575887e-05 8.41993681864709e-05 6.80929917414879e-05 4.35045986748204e-05 0.00191728363087152 9.59781659681252e-05 0.000912533945285432 0.00244073974454707 0.000235865175838163 9.00934919491031e-05 0.000751885777710613 0.000367031658818442 0 0.10839918377639 0 0 0.00655372414324972 0 0.00860604887449849 0.0131565908810266 0.0168101515960027 0 0.00240415724268399 0.264259571195398 0.0611662399002424 0.00737709568751248 0 0.000548237697722583 3.16220390429713e-05 0 0.000940808749001582 0.0387272615039224 0 0.000308400028157132 0.00668606337120487 0 0 0 0 0.00175210217425142 0.00258862633778244 0.0104933142799643 5.24042071333738e-05 0.000849943951913649 0.000458801571153614 0
0.00101189498002322 0.00448637587301795 0.000458009591795906 0 3.61448195478244e-05 0 0.0028345090744238 0 4.77156919194715e-05 0.0177664562395065 0 8.45810832978591e-05 0.000334729276996993 0.000193677419484548 0 0.0171655929529442 8.26972010178117e-05 0 0.0110814530028307 1.97364496989964e-05 0.00167544930895056 0.0730978902339879 0.175690730844419 0 0.00465398835337744 0.405708073125286 0 0.173617007811254 0.0019328010185369 0.0259527064754284 0.000116749381280882 0.223574235654393 0.047102782017306 0.449984351257672 2.27918923238305e-05 0.0686770407449072 0.0577794358791809 0.000198711325306885 0.00062349985476831 0.0544030705452041 0.000521505420509706 0.00434670762986526 0.01310493001014 0.00389145474180146 0.0144881678575646 0.00237794759873042 0.000358333811080768 2.64478947318327e-05 0.000159368639077861 0.000551919711560833 4.21240921984593e-05 4.07530005036486e-05 2.90392013177208e-05 2.6000862406057e-05 0.00132546399704027 7.45849685522651e-05 0.000725394594258833 0.000718294780528715 0.000169746249577694 5.60083514783326e-05 0.000494190905138211 0.000155061528914135 0 0.0162527234357894 0 0 0.0031329531226004 0 0.00223499292347382 0.0093161722688197 0.0126607853282594 0 0.000562441831596997 0.0763884013480707 0.0407512229026455 0.0133017281019883 0 0.000778679420819892 0 0.00115042714033962 0.000311975714595598 0.0234829882151812 0 0.00020826531823715 0.000583150547974409 0 0.000109083051622144 0.00103058269083025 0.000127093822328999 0.000769886045707753 0.00165663880651301 0.00436454362145894 0.00198055914098287 0.000556501443900471 0.000264397904610865 0
0 5.83901907048958e-05 0.00394160038127536 0.000146855261530248 5.98844347874111e-05 3.19377020406803e-05 0 0.0189551870651303 0 4.93454241691687e-05 0.00378508332934328 0.00759883555832198 0 0.000470983520840202 0.00799504315301209 0.00118363801598857 0.0432706101103847 0.00317318149664003 0 0.239617415466614 0 0 1.97077757152123e-05 0.0525699005332926 8.66559343904001e-05 0.00129673417459749 0.173617007811254 0 0.000211158452358152 0.00391508336404388 0 0.082120369344481 3.85460945194452e-05 0.00585745349727114 0.0577594595971228 0 0.000574434316196718 0.000334092489275653 0.0350581814205518 0.269020041314503 0.00553849889387017 0.00626614623632196 0.080412089915009 3.55312062642706e-05 0.229379067999066 0.0116564530105742 0.0176879090999545 0.0968211760355434 0 0 9.83040539166491e-05 0.000879129089247038 3.74548198035139e-05 0 0 0.00561946950372506 0 0 0 0.000247836168101249 0 0.000364042894288787 0.0591696177846987 0.000349472252501651 9.77962882446249e-05 0.000313326199597364 0 0.0538281478811567 0 3.59608547432763e-05 0 0.027057268245498 0 0 0.00257922145351467 0.233192365244626 2.34580038241071e-05 0.00117142647376001 0 0.0201071921367979 0.000180560803018283 0.000184238598151736 0.0361618941070988 2.32923215646618e-05 4.57144626912295e-05 0.000276825780626833 0.00421830565425265 0.0605691663004763 0.00475168147955996 0.000999442974244882 6.15076424069435e-05 9.95512375734573e-05 0.0759561688428964 0.00326263820852546 0.00132468176076302 2.22175318543863e-05
2.58013351511958e-05 0.0544468434562976 0.000196904926153863 0 0.00533586229156809 0 0.000342302158319788 0 0 2.58013351511958e-05 0.00278703250275011 0.0416027787111238 0 0.159322491707895 0 0.000670504994258488 0 0.000433829994730025 0 0 0 0 2.03694751193651e-05 0.00016213954995143 0.309943228773247 0.00169443233260873 0.0019328010185369 0.000211158452358152 0 0.172067434046535 0.0522699699717703 0.0375882490062908 0.14464359602496 0.0015574707940536 0.000140395068005734 0.00109188023051568 0.00100497423912362 0.00186137957281138 0.00196475476731582 0.000563296325567867 0.00124370384797652 8.41938304933759e-05 0.00028719750881744 8.14779004774605e-05 0.000967274822552839 0.0396575524397977 0.000744451097099858 0 0 0.000201400194585366 0 0 0 0 2.71593001591535e-05 0 0 8.01199354695028e-05 0 0 0 3.93809852307726e-05 0 0.000222415707589886 0 0 0 0 0.000246535040615843 0 0 0 0.000133080570779852 0.00107740628753482 0.000446493491504156 6.61857029478442e-05 0 0 0 0 0 8.63813875923222e-05 0 0 0 0 0 2.7078819063193e-05 0 0.000138512430811683 0.000240359806408508 0.000503805017952297 4.86359623774242e-05 8.69097605092912e-05 4.61708102705609e-05 0
0 0.00533742544525528 0.00645926441388123 0 0.000488597323476615 0.000325372681417065 0.000555307135211604 0 0 0 0.000392676486905251 0.0222699739106073 0 0.0115125203794875 0 0.00620171970350561 0 5.79124440416089e-05 0 0 0 0 0 5.86484888154631e-05 0.00667665302636622 0.00255348473507749 0.0259527064754284 0.00391508336404388 0.172067434046535 0 7.06483017093465e-05 0.396787456047297 0.153943891385944 0.0870797213292038 4.78229076363689e-05 0.0985312029234779 0.267218175177352 0.00500615455306499 0.00202726371006925 0.000729741531206796 0.00418430258788071 0.0140522746552888 0.0201530809257608 0.00186763058682878 0.0518588480684129 0.0479469857171534 0.00622164283193754 0 2.29312820642582e-05 0.00065730789302454 0 0 0 0 8.46085234784699e-05 0 0 0.000153402369671244 0 0 0 9.01436605284633e-05 0 0.000393785464413813 0 0 0 0 0.00037849065858301 0 0 0 0.000604578532018788 0.00123125541123954 0.000699858769632335 0.000517919022325381 0 8.37020831098546e-05 0 0.000130240579637946 0 0.000192471182660985 0 0 3.06396822328553e-05 0 0 2.62550529697832e-05 0 0.000336545431259854 0.00168193830099778 0.00169434637920585 0.000170851926253934 0.000192103375782979 8.61899912070394e-05 0
1.88484928219821e-05 0.00490248149371739 0.00148393356666786 0 2.05602115555404e-05 0.000251179495539391 6.1555708587142e-05 0 0 1.90517991904244e-05 0 0 0 0.253861820527213 0 0.00408564420083359 0 0 0 0 0 0 0 0 0.395481408004606 4.11985535903922e-05 0.000116749381280882 0 0.0522699699717703 7.06483017093465e-05 0 5.15265860842971e-05 9.38951255119858e-05 0.000198160521921814 0 5.37367513319038e-05 0.000214639867528532 0 0 0 0 0.000302301550830553 0 6.5752367990483e-05 0 0.108334644731394 0.00308990443087871 0 0 0 0 0 0 0 0 0 0 0 0 0 0 0 0 0 0 0 0 0 0 0 0 0 0 1.94312883943137e-05 0 0 0 0 0 0 0 0 0 0 0 0 0 0 0 0 0 0 0 0 0 0
0 0.00378166091547593 0.0191226808048008 0 0.000146346950145498 0.000413008597928338 0.000688413067240182 0 0 0 0.000166335650320528 0.0833504406473286 0 0.00461076987337356 0 0.0106541186460164 4.51294085222443e-05 0.000131700484994561 0 0 0 0.000156000291490377 0 4.85477188320473e-05 0.0038585283066504 0.00351663508631999 0.223574235654393 0.082120369344481 0.0375882490062908 0.396787456047297 5.15265860842971e-05 0 0.0187159869359956 0.0313294993809682 4.30379393943551e-05 0.00137793176287646 0.0524675147899019 0.100091037697417 0.0592556863478535 0.0723061854217519 0.0848650928368837 0.0117725748142851 0.0198511644757702 0.000369065510820508 0.151707973031508 0.0488689292850307 0.0168051888932336 3.71429230028755e-05 0 0 0 0 0 0 0 0 0 0 0 0 0 0 0 4.0145549736281e-05 0 0 0 0 0 0 0 0 0 0 0.000853414072860131 0.0109811408817265 0 0.00013616422109503 0 0.00356737393274946 3.41199360225289e-05 0.000292548513689657 0 0 2.02446669533653e-05 0 0.0004045330582181 0.00252645102889473 0.000315676713407679 0.00039911308491861 0 2.96974932298438e-05 0.00395989145883264 0.00052727367586178 0.000127476254262375 0
