1,0.171407835924241,0.421393268069188,0.307337286283681,0.0536232204357627,0.328617215169369,0.157519033789638,0.0789349835287757,0.224130493808662,0.068633194216994,0.0457189857270857,0.12198580385897,0.38892853532252,0.0583018990008101,0.019437220744087,0.0627981978271523,0.410133974321306,0.0512108505534183,0.365862531451561,0.120963658580314,0.284789728697792,0.444146306638203,0.139346037228613,0.228034876329891,0.0910826128317683,0.0512485461713964,0.034702463454526,0.0526919798433374,0.0196075786660193,0.0125642151556321,0.00867909861598072,0.120331753046017,0.189671547161973,0.185780509739775,0.0381986915448997,0.39660141192072,0.0451316819381273,0.234143473277713,0.172167574807538,0.0688924115183664,0.0607240818065279,0.107825743829666,0.0940486430710986,0.00693884777758753,0.0698176220095224,0.282820157578448,0.00634752224412139,0.0369082579777986,0.330487873773947,0.0080606062304861,0.307443797954994,0.370771972550498,0.380770811752801,0.413655867008084,0.193837118232146,0.276048186149712,0.0474740463192644,0.0551528964823214,0.0217007145361155,0.190339879900563,0.45299996025498,0.359396558394298,0.00466628746188575,0.240968394445083,0.0173435305852455,0.305858748949277,0.265710017832403,0.210827275723691,0.236298466410779,0.561495242155419,0.162247952364124,0.0595149649722676,0.0606447061270691,0.161661447512584,0.409075857575666,0.0981636303838283,0.106378699630889,0.181608087656778,0.12301081115174,0.115953289689368,0.0107137900831313,0.043318471347289,0.0224505557586272,0.186684882412161,0.325851205829217,0.0560395152000579,0.337637556517203,0.0335286493400375,0.150143269040127,0.0304805771031965,0.00326504023229306,0.18699444597338,0.0666612548052631,0.168270608494684,0.0691402992652443,0.251633331142726
0.171407835924241,1,0.0310714608545865,0.000120551030222688,0.215948635302636,0.107514653590728,0.37912488417404,0.319430243682626,0.0813769695076314,0.0551372769693333,0.237271364449992,0.184032940632786,0.219209911033799,0.165992430122221,0.0723790245000391,0.00028542353004973,0.222366491835095,0.391726124042125,0.0231508901583894,0.0986353273548965,0.224069137536659,0.259718570316248,0.0371539094227726,0.218260413128141,0.336038173110109,0.0166340107697082,0.351759846109758,0.0151475204161072,0.0402715053641657,0.123462671489097,0.255848703184366,0.157473235113741,0.446289020189095,0.600305606329032,0.0542488017298932,0.553233969140242,0.550234628837054,0.05862315907198,0.117393047931112,0.0226591491136977,0.229821041361349,0.157432852372548,0.399868976612251,0.036491039150376,0.322847551072986,0.0118613001323895,0.085693018902857,0.0559017555008517,0.020279645079724,0.275954218964715,0.0943169284599671,0.21133300541414,0.0129433260571141,0.0671543833861954,0.0264954927027004,0.113982917128191,0.351772081188038,0.224856730872591,0.0689608349498273,0.161801940161531,0.00274029213554572,0.0408311305046907,0.0647272636888732,0.178468899623517,0.169215657954742,0.0565467703602315,0.196368194918936,0.101054056654382,0.392959929046808,0.0983044324650733,0.218814333505433,0.021489994035147,0.362971938548702,0.263056239296724,0.182433273480326,0.321445502658706,0.119087544039576,0.13816408216036,0.02684477006522,0.0272241456260146,0.374975900281829,0.0522843868652298,0.0793653211042858,0.208678800940367,0.271463349614142,0.124750676550998,0.140008350224665,0.133427086946863,0.106937677551424,0.280703952285144,0.285017497279665,0.0339495904378812,0.203986801761744,0.150091687786625,0.216899886575392,0.207021398354165
0.421393268069188,0.0310714608545865,1,0.48920595939902,0.36888740777366,0.398644616611539,0.113999142772982,0.105624467671733,0.060060357489504,0.208945844729482,0.112508526160997,0.0522331229886957,0.15578768126959,0.0507234401372111,0.220726936832284,0.274421824173907,0.316132576525407,0.120249079355035,0.356421479440845,0.0611292407630203,0.126658430158534,0.308406646544775,0.259195287289475,0.0984081370888667,0.0957032416521171,0.174496723556958,0.317850808243577,0.0907056453248886,0.133157687298056,0.0492926387191922,0.0501235090410364,0.069605797926986,0.244322686492303,0.281710654407201,0.0111003922618953,0.207380905689241,0.0472315464597725,0.0516023734370125,0.0793906561661144,0.0391709702583152,0.142647876942057,0.14278808093619,0.0708606671471434,0.0309240917096497,0.148572761765058,0.2257404478454,0.0394741377853076,0.141204390673724,0.194514075387488,0.0240225681117476,0.364504275769931,0.286818275746379,0.259615134909545,0.386202240527317,0.172420246624558,0.32261646029516,0.0105850718745563,0.107551469813703,0.00911331227622506,0.0143909577938648,0.257145011101597,0.273341974068573,0.0269490323098662,0.369387928704109,0.026791846643328,0.12725065562767,0.198040072774423,0.0443791527900811,0.175134691819028,0.367224248515477,0.308437529671519,0.0894624957822784,0.0899740311571206,0.253578133412859,0.431794800934032,0.188267610844707,0.131123934206381,0.0480319231295877,0.070763745408604,0.110422795807665,0.0609373259131105,0.266874746591013,0.107155444657563,0.152071501080221,0.220111767577863,0.0758457437131488,0.336580025395741,0.14272804669624,0.0128715203918185,0.00108741579110393,0.0602521354488588,0.0679449118153821,0.12953798802269,0.00278833698717011,0.0327605872059105,0.030552904212366
0.30733728628368,0.000120551030222688,0.489205959399019,1,0.285728816362519,0.689442849833088,0.051261565544959,0.010485523307138,0.0860578907852084,0.137780368148876,0.0424325753807009,0.0553898523151664,0.212292395336778,0.0263393106236794,0.121903337167738,0.105928192087298,0.212698466889674,0.109824416162823,0.392801888954599,0.0281823415807359,0.117779371052297,0.468307594744441,0.203230135023473,0.0789641642935836,0.231624090712243,0.125757987813084,0.0732294693927402,0.0694200829600831,0.0942174857889393,0.142673439599017,0.0828188967691141,0.121165903319769,0.147102536523563,0.0161941578287975,0.0744551309447475,0.0374955764180291,0.0297793256315728,0.0299028611543937,0.0223401290968621,0.00557807839989084,0.0174727914341753,0.0540919778097493,0.000574518522176468,0.0240365560758511,0.0877919209624276,0.164166281320961,0.0961363499844287,0.0188896906328902,0.0375817464664562,0.166031862282841,0.0596274904573061,0.395433921857127,0.380748871593349,0.603150642951701,0.0474282247833727,0.513416162042686,0.20057883626062,0.299145322159148,0.149645853218764,0.26173799805947,0.543986902429561,0.230420270680111,0.0347888110818129,0.287615393481942,0.207362781821641,0.254508215049228,0.360083064024253,0.00701960413323257,0.149743127758198,0.357141589328187,0.358085786470604,0.123148444271964,0.104252175183767,0.136936462744939,0.0860205019208124,0.12454877516046,0.0846945181999489,0.17339571977665,0.229651793307952,0.125876870683865,0.169371471214955,0.0177117269607042,0.263296322630563,0.270318176188369,0.00178435844101001,0.173206921315574,0.257778328528074,0.0446556175606039,0.0228163966307306,0.00296719435794067,0.024983926822466,0.310131458332015,0.0272054175020871,0.0503917231452994,0.0108032271913835,0.0888804489233717
0.0536232204357627,0.215948635302636,0.36888740777366,0.285728816362519,1,0.151023894599525,0.142653549950622,0.16002949727604,0.0897672543668213,0.0199461469140372,0.351131254935563,0.341559899845993,0.0430805170751841,0.191773078826129,0.371490715096501,0.153520749112197,0.190181427249664,0.319099327093197,0.0268396940581826,0.163395863159457,0.015190752204499,0.0502740878166694,0.246118679543826,0.0841406127540477,0.0159578801284198,0.0703602428474646,0.0749032068178666,0.156585207256466,0.12024983064975,0.200960896374173,0.0980127931367723,0.0862973787719699,0.00884625778677744,0.0775097167028106,0.0156475698007008,0.232175525384381,0.150616392732936,0.152441304585177,0.206308641434646,0.0251372325221971,0.0674335660092393,0.252252134825381,0.0679519167469559,0.143781990592018,0.270261746246729,0.179343545919226,0.250248873020963,0.0340740411235277,0.0968921900644842,0.276405821149095,0.1424403474183,0.230289500108469,0.406635000467604,0.176959320689758,0.00223585560994318,0.163825979081428,0.233365157613529,0.0320664626295186,0.171305815573094,0.253489836608519,0.118927723866033,0.267958572364165,0.362285356491999,0.0837016676491577,0.0672697056757323,0.117734390682774,0.121664417466327,0.120523524388024,0.289622191034735,0.021230842814353,0.148613300838975,0.438494087172215,0.249443292101682,0.112612487578033,0.0354997994657787,0.176198929049798,0.0677900633357359,0.164352796853742,0.144163859094916,0.0872255288911729,0.110241482592019,0.145934706118301,0.107981105027803,0.145115941094162,0.176013714906154,0.00311186933720873,0.123038678615542,0.374928842609311,0.318005370053843,0.295393022210333,0.0503342095410503,0.215076111683246,0.150733679202479,0.106016296315143,0.196628591448467,0.297630293013156
0.328617215169369,0.107514653590728,0.398644616611539,0.689442849833088,0.151023894599525,1,0.0848095044625078,0.0640079082840554,0.144888480356352,0.115296317901463,0.224772255844738,0.084694485554126,0.162933246575257,0.0803612519343108,0.0130109617641373,0.0125533492411654,0.313850014943403,0.127266012770308,0.180997594527543,0.0505717674121921,0.0233300830936127,0.433351754020733,0.0901419692336112,0.152552542842394,0.101089269784695,0.00443513955468125,0.0250733469485112,0.146570728854943,0.104505396133204,0.0077659968019798,0.0597546968829412,0.0164970858631014,0.108831432159618,0.00592114085487944,0.170703305713765,0.161678129134617,0.0760833003945369,0.196814177307217,0.0498775546826536,0.113846868247708,0.108408397426801,0.124522484838864,0.000697774194754603,0.0985419287481992,0.0896011081362426,0.194722678626558,0.0126053955664607,0.0454437897179361,0.147897191785316,0.0519843830500856,0.0188998577943213,0.350473506163393,0.270724112872798,0.748501169421746,0.0436556480149781,0.571644091385303,0.26915339140587,0.263410843254274,0.109209378557936,0.259519352316718,0.307286456177943,0.22950254748107,0.188655485586574,0.289223343561317,0.0118792945932438,0.305092439886028,0.0962564619680287,0.035889545260788,0.0244685834965871,0.403906417479224,0.214397398358388,0.0969826077483938,0.00741989940684363,0.0670001743849389,0.0797972577226767,0.000985454378288439,0.261764231741249,0.240858258180091,0.114304890387481,0.144222163674272,0.0737217679461841,0.126083570051801,0.10475852120591,0.282119278852789,0.00579858194556309,0.130352270273006,0.188360908984482,0.0510091095155902,0.0502188333123055,0.311445610005191,0.105569980225326,0.137052834834475,0.065870495235403,0.113549531882183,0.0337776523194759,0.132678596841064
0.157519033789638,0.37912488417404,0.113999142772982,0.051261565544959,0.142653549950622,0.0848095044625078,1,0.189019076696556,0.284619770179686,0.0572951522213176,0.024659419378139,0.00472352978581165,0.0578751443912865,0.146057959444443,0.0561840147088443,0.0632937272682159,0.0598292427533871,0.0696813254191643,0.399571529244776,0.0878771566888033,0.0762114895881602,0.549874856413799,0.187578400928466,0.0255103889862657,0.202920021879814,0.149817472001037,0.309048907820257,0.181074868231639,0.0556451147645497,0.319811224078578,0.221216936105432,0.24698935393676,0.462114328007099,0.359962172778197,0.115254971498323,0.37915757737988,0.488619989105549,0.0297793622628963,0.089528300911046,0.125525111619795,0.185383454326373,0.0854107625547722,0.368896049217341,0.257707089856062,0.321573589566284,0.0591191556478956,0.210189474588216,0.088020154528802,0.0969979323664251,0.366084372331215,0.15019245590393,0.18179178988474,0.0782484589788953,0.0862669043906403,0.411597087793977,0.0211818985566262,0.0470921462044568,0.278885647042704,0.223444379040988,0.20277330116018,0.175996606883865,0.128462852588853,0.177111083067727,0.365371910607762,0.132979018040268,0.00399041015802253,0.232177946516316,0.276769778663505,0.168333470428791,0.386196910204088,0.168348634882951,0.085551377575463,0.340289519379162,0.0893006398110883,0.136888015667916,0.0580756427590666,0.272752464826555,0.272426980319237,0.0506656272296761,0.22831861901269,0.634015878710192,0.191715767838069,0.127201377466651,0.21635735365982,0.14791497611299,0.0127601342774343,0.0281398549870227,0.0420003382679399,0.163512693823744,0.0587809881071347,0.442847783271902,0.0206448556122139,0.0482379187773501,0.299869124050096,0.0315925121145312,0.109045255479631
0.0789349835287757,0.319430243682626,0.105624467671733,0.010485523307138,0.16002949727604,0.0640079082840554,0.189019076696556,1,0.125195618565728,0.212325774825428,0.00432789284175703,0.207498044543613,0.292749616967439,0.140000581010315,0.373418085181835,0.00480467720361916,0.0983540958598964,0.379913261528907,0.125091801028006,0.275343728272063,0.247050158212621,0.0404316641204905,0.127660727490418,0.521917022580459,0.120839140285867,0.106293115098621,0.126763803114226,0.116154464805656,0.0496874457332429,0.0117494281531015,0.0650973943471849,0.0709364739674729,0.085363912289333,0.117557781567102,0.0183930822766959,0.174069036446787,0.075252592781875,0.0960772483580534,0.0870106698948299,0.316191628112921,0.045327649576253,0.225946200042625,0.0368292602072406,0.0393125275450045,0.00583124596812109,0.31543997918446,0.348318014175638,0.00357710470134208,0.14523473958664,0.100554391869262,0.127566449912825,0.151272993686607,0.169979475432526,0.0102804645725732,0.175427898656866,0.058090726817965,0.112129032002302,0.115744679452362,0.319860373083901,0.119825447159315,9.55611141618169e-05,0.0663357123048471,0.138685832256263,0.083588094898868,0.141740381158908,0.163108458932499,0.196913651738946,0.119454118538197,0.103283447529735,0.0265808836377641,0.272704292415621,0.103906957864148,0.0394160729166924,0.0109076053906388,0.0755080892576475,0.221684792609434,0.0552929571424621,0.0737461859777106,0.0693415471014801,0.0197406649298077,0.0633615254874321,0.0151278477832858,0.0300189216914905,0.0747221664322567,0.00770020297907359,0.221817650371375,0.0943033591445974,0.381142227109023,0.242380807537612,0.302172329604215,0.0103036740703758,0.00674425733602197,0.096936553230878,0.229246504967291,0.197584305906211,0.182758478211005
0.224130493808662,0.0813769695076314,0.060060357489504,0.0860578907852084,0.0897672543668213,0.144888480356352,0.284619770179686,0.125195618565728,1,0.109796209503182,0.143471880284441,0.165642336780655,0.371935905118255,0.1028768713716,0.081851842272135,0.102167520429371,0.332914839347282,0.0612003483355995,0.342923365548801,0.155906647640315,0.262372291940147,0.330983188532052,0.197952665537893,0.122943274683815,0.0460162886271224,0.0331975567563595,0.171129267411928,0.144848004141951,0.0764829339713412,0.0101976975787466,0.0563117642373291,0.184367243405903,0.00666238064483755,0.0121082052052961,0.237849114827092,0.102690277924693,0.229970803022474,0.152554613485094,0.0208412584703448,0.0467541237843466,0.133830754486036,0.113977155407086,0.110469887182482,0.0112567682766308,0.237268495691321,0.0511392258716919,0.098394882871999,0.025329221428041,0.195643840092772,0.0185680673248201,0.127094245116871,0.105900863156767,0.0387393546868215,0.144660200723967,0.03870166264818,0.0626325393333737,0.0723590106695844,0.0916231484517202,0.234981646863727,0.0614270701183679,0.298823824273197,0.350513729089392,0.10398614875105,0.186990305595463,0.0916467269116679,0.0479207354577904,0.337376938639745,0.0616286386462429,0.288659757266786,0.132316331233042,0.164296963980905,0.118419862956504,0.295985871744221,0.0865274651460422,0.0619673392997269,0.0924585492820594,0.167217842775667,0.043345979722683,0.0875920149048413,0.117587792658915,0.258307299248743,0.115547608462404,0.205961648561546,0.15497308647358,0.109286014643953,0.0622678285648989,0.0900862289450371,0.141722298793495,0.044533782073549,0.129535025308099,0.0365640057673536,0.0776218341724662,0.264882148390843,0.0441715733864164,0.0611006812541118,0.220843965039843
0.068633194216994,0.0551372769693333,0.208945844729482,0.137780368148876,0.0199461469140372,0.115296317901463,0.0572951522213175,0.212325774825428,0.109796209503182,1,0.00696376981557001,0.314815456118141,0.0741620644174891,0.14522567652007,0.3143273484619,0.21107292766243,0.00831830035070281,0.0897586899448932,0.022886487427966,0.0364604575704313,0.00432464967610082,0.090315714594884,0.147522907819737,0.215538271290407,0.0827494385237903,0.0740424115042703,0.031866572760384,0.191012423337482,0.0101673806278723,0.162462996015922,0.05235167425092,0.0411193400524848,0.219558188159873,0.0722242945563588,0.17195546960016,0.04291861826354,0.147908204496257,0.0629955626031,0.0766626220736993,0.147718743983544,0.00289054639497983,0.111118768891174,0.082057176264703,0.205091192460016,0.153492829304506,0.118851116225792,0.117404573746704,0.130586350406103,0.0324727392684873,0.135490140701463,0.215556981371792,0.149217384461026,0.100719765491071,0.0314517532907638,0.113593156899203,0.0535903762703038,0.0506429678779423,0.142360147829687,0.0379562850723515,0.118644486929791,0.0108252216420891,0.010827488045031,0.0371381840363394,0.240459381873034,0.0745840977461242,0.188801647973925,0.111122109063019,0.12369333292243,0.0791803203677846,0.0838170995123573,0.0954624929730636,0.0132264337900218,0.149305919611939,0.0924885188746738,0.0878915156815784,0.124217169134634,0.0312446068871972,0.0168834308531748,0.249989875664249,0.0843558848390393,0.10593412224716,0.22371853630745,0.00772717757832879,0.171076621289571,0.257509652213932,0.137899074526576,0.158868108901005,0.142997284529611,0.065503844261494,0.119846428898951,0.077435222680768,0.112259332411229,0.0173628411001406,0.158091912860353,0.0367481951658231,0.0574539643573504
0.0457189857270857,0.237271364449992,0.112508526160997,0.0424325753807009,0.351131254935563,0.224772255844738,0.024659419378139,0.00432789284175703,0.143471880284441,0.00696376981557001,1,0.171048244086424,0.054692574032176,0.187838715015036,0.0423623304478822,0.148127801616821,0.00890465105923966,0.0690215476429235,0.139164228103316,0.0619921616257836,0.053018468042099,0.120855117251999,0.148174374485983,0.0619945730728871,0.00598374050718294,0.0829494717862263,0.051529375167021,0.0734149765807542,0.164870687134395,0.264520545496569,0.192418677682157,0.0783959682392738,0.122055027181337,0.0862616268803952,0.0622787054528803,0.164421500265308,0.128442773021423,0.100580238074058,0.314607493914956,0.0201460314113004,0.0659763202610913,0.0689624821290819,0.0960497804142097,0.141255606367667,0.0160574840396477,0.143199797045418,0.105076219432587,0.0414947219501398,0.118812151602404,0.115366113276441,0.157672134243827,0.00370690595976259,0.23405108777804,0.230547310516059,0.0217786370987903,0.0568512045920972,0.0681349768714574,0.20327248579656,0.118050543496453,0.211575804326067,0.0679151346251799,0.215864413542337,0.00180316654078205,0.0451626749162499,0.110500720785756,0.0703916118632502,0.100570454334325,0.0388315921238085,0.0868627809062012,0.0431724665537356,0.0999941741292785,0.156909751130001,0.0687860046857242,0.174891891650312,0.139992855320699,0.00955287514306249,0.146804127081895,0.10766364991369,0.147375151330199,0.159439015315755,0.0354461720340625,0.070908067713879,0.0243684948056751,0.215105896740996,0.255076878892858,0.0262960284665529,0.0374787342988232,0.0279668196592931,0.126971223193978,0.156187641288833,0.110140428057684,0.0726142464743693,0.0226839321326178,0.087340043777802,0.0495286815487178,0.0384512313247509
0.12198580385897,0.184032940632786,0.0522331229886957,0.0553898523151664,0.341559899845993,0.0846944855541261,0.00472352978581165,0.207498044543613,0.165642336780655,0.314815456118141,0.171048244086424,1,0.379536493344551,0.206439818683615,0.147933037422542,0.0795109133394457,0.239270534367034,0.51328448473876,0.140511674561634,0.01473033479697,0.152166141063477,0.107295330725614,0.159323406372465,0.225377479588807,0.20730496920774,0.181925740985886,0.0724950206825911,0.402006297842165,0.183020297120591,0.0152381210401829,0.15321569827968,0.19941503421327,0.0365016332527491,0.0777437218773312,0.162570475421843,0.158110834462332,0.308274623170204,0.108779708628685,0.185116801466264,0.163109796543998,0.315547846848571,0.118441347153827,0.214689252232951,0.127297714687139,0.0222222993300771,0.304202203040158,0.153810534899973,0.0127176583100012,0.0185811372262523,0.0614342869860661,0.102968229670893,0.28495444049427,0.317136996575119,0.0570362196333668,0.188944485809119,0.133848490871571,0.100011105549899,0.168222789571509,0.155611979842698,0.396697138009824,0.330100563671174,0.265924484496968,0.236191799455063,0.0766641668877652,0.0648082868645485,0.0811467635680961,0.122032856258321,0.0950761081343247,0.291600749943566,0.0807902855113731,0.0332802400833713,0.254840816832127,0.214831937249397,0.0635293389253612,0.139207313641372,0.270126208998264,0.108092850347503,0.0686530580981827,0.132767855868968,0.213166064374029,0.16999444036135,0.084609056433938,0.0098824206025306,0.0626390041423013,0.0112040586240417,0.143097678553748,0.232118589992317,0.0700266060051214,0.293612418273313,0.174125036489244,0.168247148043782,0.0938992280733351,0.000687848578073029,0.353272515509355,0.335564465043754,0.376929473404183
0.38892853532252,0.219209911033799,0.15578768126959,0.212292395336778,0.0430805170751841,0.162933246575257,0.0578751443912865,0.292749616967439,0.371935905118255,0.0741620644174891,0.054692574032176,0.379536493344551,1,0.197825714234583,0.0708104540377933,0.00460634174610238,0.302975396540936,0.250397676054887,0.298319130921587,0.102293595110833,0.200537892433217,0.287297387247768,0.132541206596097,0.0649122480084374,0.248936774930261,0.129910094793467,0.113580564048978,0.141938974802668,0.00244977222528527,0.221241280843025,0.0675966433318129,0.573035834370786,0.26934559601489,0.0139486242564772,0.0713831659827471,0.00209653555020878,0.390525721566344,0.0681690811985868,0.100172605973542,0.0811690330818715,0.37919210404743,0.105350963536638,0.187635040635776,0.00657403434794577,0.306101103753375,0.393757483879676,0.274709824652929,0.0553241154495895,0.00775420271742732,0.129520936576641,0.0888885655410418,0.233045800739827,0.246518824799255,0.239792929620667,0.0347625829493352,0.14985092136105,0.0350550147459884,0.152702846446511,0.169621775198428,0.226176657342937,0.370044265636267,0.301076853586569,0.147177717242974,0.0239885836613707,0.011755378659887,0.0781420163063833,0.275717584533569,0.195835469414059,0.355292301130002,0.313774764320193,0.0512364344767047,0.0258642790231549,0.261733915417185,0.246597160847862,0.433229781207683,0.109242432463857,0.153760295276095,0.319509667199398,0.0565849926635284,0.397237634669178,0.265497150319259,0.0727730891913259,0.136563917580521,0.08359145938468,0.0691747557599906,0.310381094240713,0.0147611639734378,0.000261829039519156,0.248420318753401,0.0744589480166072,0.249947656299609,0.135926147219883,0.169475992583979,0.190275643418258,0.264955275187134,0.0485109334903238
0.0583018990008101,0.165992430122221,0.0507234401372111,0.0263393106236794,0.191773078826129,0.0803612519343108,0.146057959444443,0.140000581010315,0.1028768713716,0.14522567652007,0.187838715015036,0.206439818683615,0.197825714234583,1,0.213574780734497,0.164888939873386,0.281145265239877,0.149575940346294,0.0563845746003514,0.101818877553551,0.137882065505051,0.101972397885418,0.0101923930909543,0.229199782839269,0.396626602786588,0.133693830784091,0.104886212055515,0.310294522967949,0.260164899230255,0.579118338830253,0.443440342717782,0.255409705851955,0.251593231761227,0.0256212476348723,0.309246243284439,0.0139107984660348,0.351134986760209,0.27136594935658,0.295486184421899,0.0353391800184578,0.077226002912848,0.0244617576613484,0.293072822077648,0.0198605466648312,0.234895824056787,0.0874691977857656,0.0355406665323451,0.124566727309533,0.286433887707715,0.468381288573132,0.0092152490653212,0.267935935547548,0.233308624363451,0.333000851754606,0.233219498490136,0.0937241899191902,0.12036406052414,0.0218301068582381,0.157970582903082,0.23861289434111,0.169148280214585,0.617202302216104,0.056670552531712,0.265162758916958,0.236708193585021,0.269691559061429,0.186770748231588,0.208193237728187,0.214043784316518,0.0122492276094121,0.0575874351478136,0.0594956188660789,0.581633209064663,0.0272593927665024,0.093438134590804,0.193631828088597,0.485429562112895,0.217382950774399,0.405502069564726,0.0196767554340636,0.220681986689652,0.0505618498016025,0.0193137562990032,0.0712248060292129,0.0422652449399848,0.225464525917488,0.0136631397132913,0.130579786834382,0.194782405313947,0.0550109355811433,0.477751925287203,0.130767750695126,0.279858557850047,0.0172101168548942,0.0993108572760311,0.0938846858951822
0.019437220744087,0.0723790245000391,0.220726936832284,0.121903337167738,0.371490715096501,0.0130109617641373,0.0561840147088443,0.373418085181835,0.081851842272135,0.3143273484619,0.0423623304478822,0.147933037422542,0.0708104540377933,0.213574780734497,1,0.284947614979352,0.0110343631292254,0.080077052433721,0.150784061088239,0.273250689633302,0.189196555719129,0.103497009873352,0.156215091408441,0.458125901562424,0.0916957299189782,0.115512416063528,0.054843266610602,0.0836981405726576,0.0987310167061224,0.162804538890935,0.185871880375428,0.0378513567355127,0.27837421747476,0.155955965559566,0.273087878120606,0.06532487819625,0.202869511172711,0.209012289617002,0.178600370321437,0.125590613534714,0.0650024407028113,0.132988584768455,0.109461701233844,0.210864961345321,0.0837504929739311,0.239661217838801,0.204184707004084,0.0731624768589832,0.15689268758194,0.0693015062674811,0.233243770775578,0.13265599148685,0.0128010448408259,0.119845460212663,0.0482623277292082,0.0570909082419227,0.034591249224016,0.000966740043885412,0.379343498250314,0.259751865630166,0.0144924700972173,0.126437912982935,0.0847929314413352,0.314027527219763,0.0319740530806788,0.410762585810281,0.0264453107418127,0.0992341052036931,0.0391351757001031,0.132787281045082,0.00884004710323038,0.00846599192544201,0.265390850210809,0.105967730293096,0.0278730651659671,0.0641580065546324,0.184419281289106,0.0791626266008021,0.118271342443086,0.0313051783808998,0.0255644919237828,0.0322336086529177,0.0699496731426713,0.285428416188514,0.105031226134414,0.169401463523154,0.0886278693097951,0.283272882984043,0.277042011621322,0.174820827785119,0.341238079023748,0.0980597488957456,0.30824969642539,0.0678423448029568,0.00280002372278066,0.28596297817209
0.0627981978271523,0.00028542353004973,0.274421824173907,0.105928192087298,0.153520749112197,0.0125533492411654,0.0632937272682159,0.00480467720361916,0.102167520429371,0.21107292766243,0.148127801616821,0.0795109133394457,0.00460634174610238,0.164888939873386,0.284947614979352,1,0.14821296699335,0.0310349761797786,0.0280893924714937,0.0697386261985335,0.132869181925066,0.0141941982088792,0.0497244452760938,0.0758075602602111,0.19435923669889,0.0460659754674598,0.262919761882275,0.170646176154277,0.139016237974789,0.311707895569352,0.142396541683251,0.0788728483115586,0.263807359805422,0.155828822773849,0.00866810734180198,0.00853562163823783,0.132867109115208,0.194149008358166,0.00243231308492966,0.00707863209839329,0.153535187090692,0.189704318815898,0.216214897375709,0.0990107688861624,0.00357112188336652,0.134516787643002,0.0673790912435935,0.0212750433055398,0.229072210571274,0.297386942975404,0.208838779722679,0.0119364357838249,0.2234003201844,0.120300799306886,0.0987796143567305,0.00836972368248739,0.117301261226547,0.0717665433765941,0.159572324670368,0.186476111004144,0.0303896552998653,0.118375644508077,0.0446036173985983,0.248951576532591,0.285591394556546,0.157833050124423,0.153236381046278,0.28538416636696,0.146283647813899,0.154050150887722,0.105554402719101,0.116887928948393,0.184626088449758,0.0524874321575727,0.0744800593402004,0.235364446046546,0.113580125739805,0.166590367053183,0.145373870911568,0.0556361336389852,0.0039464708767457,0.158796071795346,0.032893698355059,0.0753354157258135,0.114469928074425,0.106738466631318,0.0383178412336646,0.285145046751824,0.0504771547984816,0.00556770204110441,0.247814852283975,0.00518502293447578,0.299782141571729,0.0556239139228743,0.122796457704659,0.0513474532800845
0.410133974321306,0.222366491835095,0.316132576525407,0.212698466889674,0.190181427249664,0.313850014943403,0.0598292427533871,0.0983540958598964,0.332914839347282,0.00831830035070281,0.00890465105923966,0.239270534367034,0.302975396540936,0.281145265239877,0.0110343631292254,0.14821296699335,1,0.264640848810257,0.174406265955299,0.274722410553831,0.166706294494039,0.0869074666681034,0.0534579150653618,0.161827766841157,0.283589839318005,0.172926625292364,0.0830046907219188,0.159005509436841,0.239886698976833,0.0973023136193139,0.00682599546899532,0.145710787096193,0.136392790202845,0.0611212298057699,0.225458341944669,0.233431755731892,0.317694059019395,0.199426281544883,0.0180734232349243,0.0282913321749367,0.119564122982409,0.119982374547435,0.236663415200285,0.0154421589120378,0.251164231959709,0.0450810831586899,0.0735722103990379,0.106278123067268,0.215282013066626,0.131828293690281,0.0416182890070482,0.30656495188761,0.208006473640169,0.448894960819621,0.0930914889708465,0.373162953458543,0.0191832695569328,0.0192751775792231,0.0151195350759626,0.116396459541842,0.415650920291518,0.227251621770509,0.000210294583637334,0.0278706428758583,0.227534323623176,0.188073297567487,0.252668064110373,0.103156861772783,0.415667354680738,0.0871167437198845,0.0207243854530254,0.0587223943136175,0.309480350076878,0.0638157267984114,0.210846834523039,0.153244229888177,0.15145865492633,0.0960722767197484,0.0967290854313408,0.0313549926900625,0.0364493712432054,0.187546774097312,0.189561828465532,0.263572750501879,0.0468214748368563,0.110472992800932,0.15712060996107,0.0829233576865947,0.164975806468764,0.105153402801835,0.188005637466265,0.197149258911197,0.205918814342422,0.0798186019552421,0.117919136186556,0.136872334411462
0.0512108505534183,0.391726124042125,0.120249079355035,0.109824416162823,0.319099327093197,0.127266012770308,0.0696813254191643,0.379913261528907,0.0612003483355994,0.0897586899448932,0.0690215476429235,0.51328448473876,0.250397676054887,0.149575940346294,0.080077052433721,0.0310349761797786,0.264640848810257,1,0.104332408998044,0.00746164729145369,0.120212147396245,0.106300811517108,0.177211248650321,0.223505419662208,0.278285899564775,0.011977428488247,0.0613635137346588,0.0268086315415838,0.0106355315003187,0.124117638675601,0.091088230432292,0.072192175698992,0.043232043143926,0.171346423914063,0.169611287761465,0.263736429256563,0.294819813026371,0.0290829642211898,0.133501846683069,0.0726689188058905,0.375567173081898,0.21470811647968,0.0620485903450262,0.0269747549312996,0.0661475131283263,0.176481120531146,0.106761767660782,0.00285301327199719,0.118046271920459,0.0861777802782145,0.19257658533921,0.290895457508634,0.0456822108795544,0.230745413156813,0.250811503261517,0.407509651898856,0.281205341830267,0.0795804535410265,0.0441880109978054,0.553728464279388,0.23087339342241,0.076922040131752,0.212433383293116,0.117139001406823,0.0255522765111076,0.346029462845081,0.173627894931026,0.0367025964860831,0.36465560261583,0.222156112925386,0.330323882159628,0.269075723697236,0.164391836139276,0.17340431581077,0.194969199923671,0.166121156074439,0.0531695529971038,0.05581002930462,0.24062107395103,0.162578293503071,0.08585394832764,0.222032432907357,0.177165060260159,0.227743507320568,0.0705741487291377,0.103341152290357,0.119763274570116,0.155804479805699,0.00733172720864275,0.280033072363705,0.0923500619722815,0.0790645945685639,0.168259544373232,0.196532565240313,0.531734781397569,0.309473490315661
0.365862531451561,0.0231508901583894,0.356421479440845,0.392801888954599,0.0268396940581826,0.180997594527543,0.399571529244775,0.125091801028006,0.342923365548801,0.022886487427966,0.139164228103316,0.140511674561634,0.298319130921587,0.0563845746003514,0.150784061088239,0.0280893924714937,0.174406265955299,0.104332408998044,1,0.0800769610852355,0.378114883860588,0.731553286313745,0.77546892376271,0.0877525085172956,0.120010692763244,0.183597705593665,0.332925190274531,0.252506950654911,0.0984018714260497,0.325506985943449,0.0910221332861958,0.151645241237966,0.287501401018581,0.168239339265648,0.0772262684072751,0.112122626403224,0.000821030045517349,0.120622191724965,0.209036191011794,0.258156038408637,0.114207325536442,0.286569326311122,0.295504989587637,0.118415484257936,0.193292243851691,0.115957078365822,0.0244788183752588,0.0884574741650447,0.0809210449459059,0.0368468307023199,0.214153681977461,0.238070416643554,0.131490677542215,0.24821110325528,0.214909106192926,0.173672932768316,0.0985573048603354,0.195804221675144,0.0338722844617229,0.0118140835288405,0.527136870226396,0.301434538645104,0.120526393188304,0.172633037677699,0.00412842235636937,0.07744155739572,0.788025314110428,0.240045324438927,0.264671312619217,0.467035916397131,0.392061908522704,0.0191920015109189,0.0517024849909616,0.0295467749742689,0.107932550407744,0.272391499232446,0.0271792880822012,0.30754123129514,0.0666264306337871,0.219012125489217,0.232510527052596,0.00339728615054212,0.240080184825503,0.0224822048237655,0.0147589522405962,0.0887028805296093,0.162120983909572,0.0761990748158854,0.0490431226543262,0.137482031976666,0.130087708826744,0.0752010124335693,0.0961406234864255,0.0535825711052292,0.15669874633771,0.127659368581178
0.120963658580314,0.0986353273548965,0.0611292407630203,0.0281823415807359,0.163395863159457,0.0505717674121921,0.0878771566888033,0.275343728272063,0.155906647640315,0.0364604575704313,0.0619921616257836,0.01473033479697,0.102293595110833,0.101818877553551,0.273250689633302,0.0697386261985335,0.274722410553831,0.00746164729145369,0.0800769610852356,1,0.115305492951128,0.00826316470197925,0.0461531651158686,0.260397826935601,0.105628459543213,0.114152533179425,0.0725453946049052,0.422875293196128,0.205589335931788,0.00210131287272354,0.0742444111275213,0.0022288315211575,0.0234154490057502,0.0149286003476642,0.151378303697137,0.186435685331977,0.0133173588218475,0.0855786133081759,0.138185175060377,0.0636249255007492,0.0946154331548113,0.144960582168809,0.00483365950570192,0.172441547527572,0.12339633397586,0.181661395662414,0.0324945843603564,0.185412014063312,0.0450698888425264,0.0213574514194997,0.0693876255419564,0.118253930429939,0.105294342510193,0.129704321503233,0.132723679978352,0.238774235836683,0.0505534098832473,0.0546577901831842,0.134940538615062,0.142852799014038,0.232884992096523,0.0405859613588096,0.00827733622987824,0.129453405598613,0.215865263637279,0.0177606047034151,0.141888554731046,0.223529711743967,0.161013837069609,0.127379464628917,0.101788242643172,0.100021093150249,0.0989274634118531,0.31368919043302,0.148884931226367,0.215830254995371,0.0801788562420669,0.271325543083399,0.0845797457786377,0.201033435189711,0.0209442744368567,0.00755666040286123,0.122594448799764,0.0140615902476274,0.0940088589821778,0.164415199163061,0.109058408892663,0.0451585286670766,0.237115189302628,0.229186811296238,0.170337632666439,0.134914270354503,0.0568791671345962,0.0545103640472989,0.0442582446607986,0.0217084086489649
0.284789728697792,0.224069137536659,0.126658430158534,0.117779371052297,0.015190752204499,0.0233300830936127,0.0762114895881602,0.247050158212621,0.262372291940146,0.00432464967610082,0.053018468042099,0.152166141063477,0.200537892433217,0.137882065505051,0.189196555719129,0.132869181925066,0.166706294494039,0.120212147396245,0.378114883860588,0.115305492951128,1,0.177563459031023,0.279026665455908,0.0479657043408516,0.201213416056398,0.0200384313872903,0.0353184470910039,0.0855663110171402,0.0962227424678969,0.13960089484388,0.0483236207277744,0.00947956758892578,0.142394909796067,0.110752733141753,0.0546422897868796,0.11664420636363,0.100850202488258,0.0248234509022433,0.24213266745272,0.0481442768902468,0.0758198081189493,0.275920999900818,0.0154943253881597,0.069509077395616,0.0693980504206899,0.165592417760924,0.119772163532242,0.0862402490556895,0.0645707859944971,0.10484854909416,0.277806126336345,0.216959890000575,0.0713117064747558,0.122811275017664,0.0477553590717149,0.0682096625137928,0.160633913288166,0.0343922878792131,0.0959068778787298,0.141069540197657,0.200682702291217,0.0856671333948201,0.0779045529032535,0.181339035268518,0.00542797682486922,0.0165154579629116,0.208549598122467,0.0310169973865951,0.345692702770231,0.156800248946318,0.230777711681668,0.142968212721387,0.165225455274283,0.0626827725381599,0.0734213562014269,0.0849347456375779,0.156811471112859,0.0454612052195969,0.031624274903427,0.0455217957278234,0.0559172562399824,0.213336923890581,0.0994144617792643,0.082004502741288,0.00713794761969534,0.00836220172098472,0.146855812396233,0.136280363924973,0.0554558532490022,0.094934555680652,0.0709075789929527,0.133371339124489,0.0941596013682332,0.177806910047214,0.104710937580493,0.0154758842617133
0.444146306638203,0.259718570316248,0.308406646544775,0.468307594744441,0.0502740878166694,0.433351754020733,0.549874856413799,0.0404316641204905,0.330983188532052,0.090315714594884,0.120855117251999,0.107295330725614,0.287297387247768,0.101972397885418,0.103497009873352,0.0141941982088792,0.0869074666681034,0.106300811517108,0.731553286313745,0.00826316470197925,0.177563459031023,1,0.467523031781242,0.139190482124878,0.00548877372197762,0.133445098858845,0.320660197063751,0.132565019408707,0.126166688514967,0.259266448541058,0.161271230983901,0.15064564835496,0.454145821609062,0.214994217575237,0.106026377242388,0.34523482734103,0.170017232957329,0.0213412620129509,0.0233971887789972,0.182346470967993,0.0994172427951227,0.0145533450090747,0.269452933298695,0.0756207148432086,0.272282456670639,0.230434598417628,0.0330391069382664,0.0246085569740962,0.0359272063040273,0.0744914361654641,0.305661165314,0.282341373797305,0.217944474315868,0.358839202065655,0.356344386957942,0.270819005291444,0.0338239499692836,0.344293307281724,0.0443867182753616,0.146396929803486,0.573729922343499,0.392611258376434,0.275698836024927,0.458636982966701,0.0424396012926448,0.135099918582494,0.540664501196615,0.328259016030272,0.00715697371789356,0.689578180610332,0.37548304431345,0.117781822243867,0.122372106140286,0.0650141601191815,0.114381872716913,0.162999568386872,0.102511638668842,0.17740576288041,0.0394382106331748,0.0322866164364958,0.335654228039963,0.0448039865510274,0.161521987170241,0.0275622464248986,0.0797653400467096,0.20562034030651,0.148321009759326,0.114891241959699,0.0212442037957209,0.144650753383396,0.213592905235404,0.116482308423499,0.0164594183145348,0.155306363866165,0.0578231081837001,0.202442514519627
