0 0.332400880232422 0.178960001352338 0.0648831484839429 0.0252717666795686 0.0119037524515333 0.112059799872414 0.0241011275768311 0.0918662709545428 0.164692609842156 0.0057966426703498 0.00620415625497889 0.0109968557249973 0.000715491911240125 0.00135413563758175 0.252382287318865 0 0.000427136419247932 0.00371472746223185 0.000310595498013682 0.0559828594511169 0.00763319083311432 0.00882244832781841 0.000705669419663256 0 0.00159733197122188 0.00146115052079694 0.0002180658426164 0 0 0 0 0.00307023844083394 0.000156595899118295 0.000334480800229271 0.00137654767120384 0.000222203116463947 0 0.000217845364779787 0 0 0.000890098320666148 0.00286861173906415 0.0108351767538799 0.00464055530745846 0.0573696439951163 0.0478511340929219 0.0048454038407389 0 0 0.000244861250628516 0 0 0 0 0 0 0 0 0 0 0 0.000142440681452303 0.000405904558964254 0.000156188641969605 0 0.000153672686872682 0.000186416260369165 0 0.000186459051156492 0.000631379602069589 0 0 0.00078724442478857 0.000148356435030821 0 0 0 0 0 0 0.000154591512410141 0 0 0.000161213249682776 0 0 0 0 0 0.000313968468488808 0 0.000161856648570907 0.000281743534013783 0 0.00200687481664478
0.332400880232422 0 0.0361117991158634 0.0194349290917613 0.156553545447756 0.00291345101816335 0.456150123289543 0.00629736070390038 0.0124574516520515 0.016750318217054 0.0114902243391721 0.00392134547266774 0.00625171595450574 0.239045430942726 0.000326516147376038 0.0173684054536595 0 0.00137189547958944 0.00326540202640409 0.000125294080944163 0.0138275117747271 0.0288152168732849 0.0108861406316631 0.000340463629865824 0.282947202006835 0.00666931813514172 0.00480517209514226 0.000156008316503263 0.0457874773042305 0.00647865509073089 0.0249408954127414 0.00163843678073469 0.199417465207627 0.00208753281919484 0.000144491014571959 0.0116695056850297 0.00527809061315488 0.000554878752427585 0.00254634056070878 0 0.000184543485939842 0.00198691831849903 0.018756931751514 0.0186469309744093 0.00420923195098618 0.0313878443194866 0.00910169988224734 0.00073711387130363 0 0.00136826442543144 0.000202199549327638 0 0 0 0.000497955132249542 0 0 0.000778475204162664 0 0 0 0.000662747839326947 0 0.00462597281249245 0 0 0.00016162674210304 0 0 0.000629354553340792 0.000810483777822728 0 0.00238113035319161 0.00441984869153754 0.000907900051430001 0 0.000165838455172286 0.000900331260310667 0.000195719011512859 0 0.00610123660797501 0.00413157289269218 0 0.00568082300425775 0.00513761435932096 0 0 0 0 0.00096804236780989 0.0171272007097394 0.00668583011784418 0.00060335164617684 0.000335403914836398 0 0.000354911000855842
0.178960001352338 0.0361117991158634 0 0.14047930868052 0.0174449947285681 0.0955990870845104 0.026218699842644 0.0252151513205223 0.00567964560521784 0.040997867217886 0.00790272352459632 0.0189704832760959 0.00422475166393836 0.00147240482185037 0.00149475828213017 0.217850958905406 0 0.000322551301169961 0.00203936223849194 0.000611983269569793 0.0265822012186454 0.00406399767894729 0.00474592228320947 0.000804078169693331 0.00277367743867851 0.000885681805476626 0.000572801404338911 0.00268930612300211 0.00677830886994796 0.0125963618819502 0.000153972701869708 0.0378384489977402 0.00705332274116337 0.000178095492311157 0.00061056706052124 0.00280932838735127 0.00194939822714607 0.0125635754318531 0.00816837386028899 0.00145394023239971 0.0239672018202933 0.0342113167836097 0.00743561764994091 0.00829784736904457 0.0364622191545929 0.128040875407324 0.25048861185807 0.0259045994777869 0.000139627274969018 0 0.000966368596638445 0 0 0 0 0 0 0.000433774249794525 0 0 0 0 0 0.000649063571307746 0 0 0 0 0 0.000218985371648101 0.000404317868647659 0 0.000199184515161457 0.000758043671820764 0.000386064539092383 0.00121923289810051 0 0 0 0.000873816796879903 0.000124122384117858 0.000758889991439065 0.000133331052142691 0.000454275451875162 0.00100846752872484 0 0.00021184316865594 0.00138332517691207 0.000333594856947091 0.000150019707178527 0.00238622631809847 0.000374801052963164 0.000907042929688103 0.00143987554803279 0 0.0100749768670014
0.0648831484839429 0.0194349290917613 0.14047930868052 0 0.138943318040846 0.485363286848392 0.00897578170450522 0.232610268509323 0.00279541007877935 0.0128248326804264 0.115916162848063 0.00246581897496296 0.00458663053100687 0.0130858137069687 0.0975036429360625 0.0107251433355657 0.0295320326935532 0.000281667275124465 0.00135742413406045 0.0211643207546358 0.0136154591292191 0.00173709481166684 0.00340321548309298 0.00718785788997541 0 0.000326023691461542 0.000297414399655979 0.00265348376902965 0 0 0 0.000153094598681396 0.000346137747042637 0 0.004334202297007 0.000328892825630093 0 0 0 0.000209221670053815 0 0.00866918148299714 0.00118872695624389 0.000630211702026091 0.0477606424792236 0.128476951779189 0.22229759385756 0.110205665611845 0.000179254052057616 0 0.00105210545780185 0.00156753152010386 0 0.00329279192497068 0 0.000469028170993092 0 0.000272115625772908 0 0 0 0 0.00250987208038353 0.000169898535285405 0.00711435448522658 0 0 0.00267276346636694 0 0 0.000243581631580539 0 0 0.000351903279232398 0 0.000432355090043987 0 0 0 0 0 0 0.000141335734566438 0 0 0 0 0 0 0.000275519571584386 0 0 0.00169713276962081 0.00177218341847806 0 0.0146602633428626
0.0252717666795686 0.156553545447756 0.0174449947285681 0.138943318040846 0 0.0149579347810978 0.0154161472189053 0.052125329596504 0.00203488729268306 0.0159818990717902 0.258518028635432 0.031623626262587 0.0234338706819215 0.389589206394519 0.0020024144247694 0.00975789312708736 0 0.00164552912198506 0.0065812726186184 0.00136317297155612 0.0110708724019695 0.0116055887332283 0.0129960935378061 0.0023492971581001 0.00265540070978147 0.0023912375427369 0.00138766715217258 0.000738594441569825 0.00569082848394563 0.000932188539173294 0.00283243721086078 0.000313906604339946 0.00142596862315952 0.000218363193602729 0.00117194227282425 0.00137054873935037 0.000187750329910984 0 0.00146000509496985 0.000348904040681163 0.000172273344409618 0.00081282843251846 0.00205219336140773 0.00328634569549924 0.00205783549106085 0.0513242258340049 0.000756153197934012 0.000397319207018314 0 0 0 0 0 0 0.00020899540304769 0 0 0 0 0 0.000152305470891741 0 0 0.000317232655613852 0 0 0.000340459333065561 0.000199026161262608 0 0.000577859168595978 0.00139569936042713 0 0 0.00257777900591375 0.000221969076612976 0.00039027097331498 0 0 0 0 0.00024951813424095 0.000171734461235615 0 0.00022414672696307 0.00021640022788057 0 0 0 0 0 0.000845850481491468 0.000240045396547159 0.000298973664135333 0 0 0
0.0119037524515333 0.00291345101816335 0.0955990870845104 0.485363286848392 0.0149579347810978 0 0.00135717190395226 0.00935265560645267 0.000761415877224725 0.0014053593847705 0.00374047005950384 0 0.000349620661055093 0.000280481688752139 0.123425695702552 0.00112230448277426 0.348721710777266 0 0 0.132590240157214 0.00196234714929453 0.000170608289319572 0.000218023968876186 0.00548798960310152 0 0 0 0.00488786709435741 0 0 0 0.000681375945897674 0.000139691756305666 0 0.00474987124134115 0 0 0 0 0.000411167499838984 0.000130171076357987 0.110208640617997 0.0253679698511596 0.000325679364933752 0.053741413943898 0.0390919676967336 0.125044821961551 0.22335277131437 0.00262428460733439 0.000432296909332906 0.0208007118004282 0.0114580376455849 0 0.0633915919730642 0.000159845799407108 0.00109106012451098 0 0.00050817072659625 0 0 0 0 0.00298879676451992 0.00109053332866708 0.0368048883496901 0 0 0.00755530760579816 0.000348459850313249 0 0 0.00032355686862324 0 0 0 0.00081892378116696 0 0 0 0 0 0 0.000186970158621019 0 0 0 0 0.000124373800501255 0 0.00153330312571438 0.000622739435750423 0 0.00694625823589012 0.00288419501428518 0 0.0518202724115725
0.112059799872414 0.456150123289543 0.026218699842644 0.00897578170450522 0.0154161472189053 0.00135717190395226 0 0.0137116787820539 0.283968126863263 0.00619428435422971 0.0031629481022044 0.00295649489758933 0.0654517731104034 0.0121859937966833 0.000904221063080696 0.0098666445551448 0 0.000907630965626988 0.00194335704861075 0.000480177047975158 0.0435264150756014 0.204156530746439 0.00264376957316662 0.000784459536770446 0.000606222038757371 0.00096663240496138 0.000483009109759065 0.000210889500882708 0.000586470397075184 0.00709170109274827 0.000277122749622369 0.00162163666305368 0.0664315797485006 0.00031742629294806 0.000159193214508575 0.0116559266250904 0.00146684469423652 0.000438855130641602 0.00910977484592376 0 0.000318299653050528 0.00126462328128648 0.0030357394102887 0.00475466533207715 0.00264727368334808 0.0255628987897572 0.0056226013815134 0.00035169552165044 0 0 0 0 0 0 0 0 0 0 0 0 0 0 0 0.000437639544618467 0 0 0 0.000169266886158719 0 0.000198236893057389 0.000427911005370675 0 0 0.000978474686775921 0 0.000154868622485242 0 0 0 0 0.000396754354500429 0.000181584887483721 0 0.00024749857024805 0.000256001852715123 0 0 0 0 0 0.00172816096056642 0.00035291686877692 0.000372708889997178 0 0 0.000234106510127658
0.0241011275768311 0.00629736070390038 0.0252151513205223 0.232610268509323 0.052125329596504 0.00935265560645267 0.0137116787820539 0 0.00160816007378473 0.00982864380783121 0.180772660276817 0.0554506489675878 0.00920863516258302 0.0225661618381079 0.0250835211652174 0.0103788315926534 0.000492533081934242 0.267260750990107 0.00253221739203942 0.00595878556428818 0.0153908722511999 0.00271899387350355 0.00697327436336195 0.273550433639325 0 0.000636376791057169 0.000841662354707828 0.0144440332529961 0 0.000145821002384 0 0.00167346487441087 0.000894688595080387 0.000478892565797352 0.0113270572529462 0.000434401488773416 0 0.00200075707138274 0.00330040484500073 0.00415949322639883 0.00018381302354246 0.0368913702375553 0.00331617760264715 0.00221825545067431 0.103830512301426 0.0926778671694714 0.00116546289944737 0.00817033736872812 0 0 0 0.000588158622529577 0 0.000318175276992606 0 0.00206721519713913 0 0 0 0.000223681448478867 0 0 0.00723845898096276 0 0.000532635005767578 0.00107667783090529 0.000156161961836148 0.00553493079521206 0 0.000182443688523492 0.000546291559774093 0.00149406004741081 0 0.000608385370248049 0 0.00262376795377182 0 0 0 0 0 0 0.00109679867328508 0 0 0 0 0.000253092344788034 0 0.00194085670399455 0.000357356678030112 0 0.0105348844107625 0.000527078537791904 0 0
0.0918662709545428 0.0124574516520515 0.00567964560521784 0.00279541007877935 0.00203488729268306 0.000761415877224725 0.283968126863263 0.00160816007378473 0 0.0117241103219231 0.000290225502702074 0.000167762702386697 0.101042416696506 0.00136198138135502 0.0001481593997473 0.00839627034319936 0 0 0.00746234661515484 0 0.305612726140868 0.0181552811801812 0.00852286841816651 0.000154689115585481 0 0.000741803330110006 0.0011490665870696 0 0 0 0 0 0.00167424537419551 0 0 0.00157922002925016 0 0 0.000910164586421157 0 0 0.000139897350706277 0.000428034715476669 0.000812365179636927 0.000822206406049186 0.00554524800442054 0.000867261054559266 0.000148665989594564 0 0 0 0 0 0 0 0 0 0 0 0 0 0 0 0.000296561881981042 0 0 0.000144143321323991 0 0 0 0.000575802529488856 0 0 0.000486336135340569 0 0 0 0 0 0 0 0 0 0 0 0 0 0 0 0 0.000310566150590076 0 0.000168702600320535 0 0 0
0.164692609842156 0.016750318217054 0.040997867217886 0.0128248326804264 0.0159818990717902 0.0014053593847705 0.00619428435422971 0.00982864380783121 0.0117241103219231 0 0.00549345017025621 0.0083595491330653 0.0195293155578717 0.0129167495560042 0.000982469245426115 0.497608388452082 0.000148976737658154 0.000874375380605488 0.0678498540586715 0.000752582496217192 0.164251014822702 0.0191527501485332 0.166830678179494 0.00164641003610344 0.000974509067983568 0.0302887451484306 0.0385719578121287 0.00124805303694475 0.00071821611440483 0.000182929299321025 0 0.000189222143724222 0.0094288055272585 0.00524140684898421 0.000310498116781134 0.0175286081366914 0.00490948363799279 0 0.00307006017213666 0 0 0.0056660217673546 0.0201061649975693 0.0204164942821673 0.00443297531171089 0.0540793343462244 0.00403548849363514 0.0027778274609009 0.000270973682717991 0.000876763408976247 0.000448802802006067 0.000141321788546462 0.000278987214402338 0 0.00121408849153372 0.000369580505818584 0.000398264796128897 0.00306759826964532 0 0 0.00132339701845655 0.000263398918716118 0.000416694345187234 0.0127235952760504 0.000163134663412699 0 0.00188041465135523 0.00061196975035909 0.00129756842161575 0.00397180138366766 0.010655677003294 0.000286279702972976 0.000244809570004667 0.0158791793582243 0.00414893308271789 0.000548957487109004 0 0 0 0 0.000547533511210813 0.00559686026134354 0 0.00360484357289294 0.00681182060956181 0 0 0 0 0.0013824639718898 0.00592755869236677 0.00198820877364904 0.0016722000736585 0.000543076051883251 0 0.00112247039253766
0.0057966426703498 0.0114902243391721 0.00790272352459632 0.115916162848063 0.258518028635432 0.00374047005950384 0.0031629481022044 0.180772660276817 0.000290225502702074 0.00549345017025621 0 0.187324359668541 0.00876030303860733 0.234329197025778 0.000774594236968266 0.00869486698864671 0.000134019853421559 0.000482206666617015 0.00522145535574911 0.000550165289975618 0.00233614089182094 0.00944348866525477 0.016622683262078 0.00437447362414228 0.00320267419156106 0.00113409689265504 0.00199081337241904 0.00049999848832764 0.00345678692254184 0.000682872958744748 0.00194529015957894 0.000654602434440609 0.00184962037884097 0.000220347325991463 0.00106000459051542 0.00112827454294604 0.000126139157311594 0 0.000966079076508964 0.000235024279757601 0.000147326252098819 0.0266344228665834 0.00338884034163649 0.00291118298124507 0.00690327062216634 0.221968473845873 0.000370050964878925 0 0 0 0 0 0 0 0 0.000310735569356357 0 0 0 0 0 0 0.000323292641845438 0.000293890541921978 0.000198205902527237 0 0.000329069105523743 0.000699154076231342 0 0.000295633096046361 0.00129116457023552 0.000301005267818795 0 0.000839207579652239 0.000185455901642449 0.000271470372733941 0 0 0 0 0.000128111100879721 0 0.00017163711312823 0 0 0 0 0 0 0.000494264056210844 0.000722560111317853 0.000196224902186285 0.00164351079907094 0 0 0
0.00620415625497889 0.00392134547266774 0.0189704832760959 0.00246581897496296 0.031623626262587 0 0.00295649489758933 0.0554506489675878 0.000167762702386697 0.0083595491330653 0.187324359668541 0 0.00651385953502968 0.0877218536429816 0 0.024864859070817 0 0.238392733366903 0.00334240351925611 0.000506527712040496 0.00232377189502704 0.0031594081714296 0.012075214071399 0.0101795998347145 0.000953186536699969 0.000663831371919742 0.00104402157045568 0.00154417517754955 0.121431968900389 0.0392162735941167 0.00042115058143507 0.106443016141795 0.0218403933885272 0.000210747833409248 0.00142763614155085 0.00338006595236004 0.000609994719959901 0.202591812235436 0.00875966055438666 0.00192497963845837 0.00315846221198164 0.0553674889123877 0.0129066422079622 0.00974922905932115 0.106443511187246 0.146458981350706 0.000264469881759839 0 0 0 0 0 0 0 0 0 0 0 0.000135951790522929 0 0 0.000240661933184581 0 0.000200871714529992 0 0.000349015663287109 0.000160753608786906 0.000738012387174158 0 0.000211908909186191 0.000681944048241416 0.000625939581278265 0 0.000553129798453973 0 0.00123604444553128 0 0 0 0 0 0 0.00119567907235586 0 0 0.000145164769122337 0.000597953906795442 0.000705935282612147 0 0.00152735314561101 0.00360385045292978 0.00016386774302332 0.0154835298191192 0.000480522611895491 0 0
0.0109968557249973 0.00625171595450574 0.00422475166393836 0.00458663053100687 0.0234338706819215 0.000349620661055093 0.0654517731104034 0.00920863516258302 0.101042416696506 0.0195293155578717 0.00876030303860733 0.00651385953502968 0 0.0244484433654891 0.00129346326445758 0.0239033920940864 0.000137826151592646 0.00102294767017616 0.30185479076545 0.00113916934773834 0.29936866274565 0.180068499187017 0.154861420224445 0.00203224627588337 0 0.00348266125632786 0.00950250198087651 0.000573604698692868 0 0 0 0 0 0 0.000170570283444922 0.000542556047290462 0 0 0 0 0 0.000481306929163098 0.0039132646478254 0.00244283308512189 0.00190944753418171 0.0378504821768282 0.000607210282825606 0.000210662102837831 0 0 0 0 0 0 0.000140841091941089 0.000306715203575733 0 0 0 0 0.000384287300866412 0 0.00037163610927731 0.00135096584774351 0.000144683609541415 0 0.000633377803041183 0.000528982425070251 0.000220116357255758 0.000408353695344458 0.00252061751214916 0.000273459173547627 0 0.00190924147063768 0.00016559072463031 0.00048321655634763 0 0 0 0 0 0 0 0 0 0 0 0 0 0 0.00115792675153185 0 0.00132749415190834 0 0 0
0.000715491911240125 0.239045430942726 0.00147240482185037 0.0130858137069687 0.389589206394519 0.000280481688752139 0.0121859937966833 0.0225661618381079 0.00136198138135502 0.0129167495560042 0.234329197025778 0.0877218536429816 0.0244484433654891 0 0.0011024460296743 0.00889390309291934 0 0.00124106460632304 0.00856791423373988 0.000698522424897398 0.00644141894855621 0.015874846163771 0.013301037093082 0.0027937978682756 0.189645921196644 0.00396117855519055 0.00192110204431289 0.000710848331259329 0.150400727555619 0.00541452577061511 0.259299418120091 0.0014253894212787 0.0118608323022592 0.000705409262376347 0.00178070396200619 0.00409622156350308 0.0011425142585885 0.000265767392848541 0.0036255881787761 0.000867381943947222 0.000646643022490858 0.000875331581416136 0.0111518461701003 0.0148980269229048 0.00331453704937142 0.317534365994656 0.000260464237667974 0.000316701341238873 0 0.000373853065216546 0 0 0 0 0.000374995355358906 0 0 0.000311818448939671 0 0 0.000178473889717577 0.000148618487378023 0.000140182389368998 0.00139476983909608 0 0 0.000261307128252854 0.000318256476604279 0 0.000765465329825049 0.00104244744884322 0.000130889400733337 0.000444419176004195 0.00376764945491443 0.000513853967106499 0.000481685271421232 0 0.00036927469469776 0 0 0.00187670833706594 0.00102760260187295 0.000224817842925867 0.00204771445475078 0.00157917642805956 0 0 0.000168252014020778 0 0.000487831820073995 0.00754144359433955 0.0016139535010007 0.000898409464924306 0 0 0
0.00135413563758175 0.000326516147376038 0.00149475828213017 0.0975036429360625 0.0020024144247694 0.123425695702552 0.000904221063080696 0.0250835211652174 0.0001481593997473 0.000982469245426115 0.000774594236968266 0 0.00129346326445758 0.0011024460296743 0 0.00154916506004072 0.0147222148438498 0.00174377009569139 0.000339451335908123 0.324747208205267 0.000768682706166054 0.000236098566229127 0.000677984296190122 0.212569300762928 0 0.000137007574537185 0 0.00937784698413155 0 0 0 0.000123468795369343 0 0 0.0427815606752225 0 0 0 0.000252807383330254 0.000232501484355604 0 0.0214715879032981 0.0121978560929839 0.00408774444694538 0.179554856474849 0.0119690240869294 0 0.0133365596426288 0 0 0 0.00834318976609463 0.000173472354228277 0.00733981880300721 0 0.0130993593036102 0 0 0 0.000288320084781844 0 0.000215819477195476 0.0222248709074455 0 0.0214718740884395 0.000694117420091081 0 0.0265180398252297 0 0 0 0.00742261086685361 0 0.000155389824906463 0 0.00574342587161531 0 0 0 0 0 0 0.000706892186185436 0 0 0 0.000262024696134597 0.000165208019921414 0 0.00186766910091645 0.000746093184468303 0 0.0420851664234346 0.000732965700562566 0.000139431121026213 0.0029357925717451
0.252382287318865 0.0173684054536595 0.217850958905406 0.0107251433355657 0.00975789312708736 0.00112230448277426 0.0098666445551448 0.0103788315926534 0.00839627034319936 0.497608388452082 0.00869486698864671 0.024864859070817 0.0239033920940864 0.00889390309291934 0.00154916506004072 0 0.000160659310324715 0.000956741846486929 0.0288905600641913 0.000613962299815334 0.111124764735934 0.0238306344559886 0.150685371917459 0.00305361391785776 0.00291009729443284 0.0910964367233903 0.0173361158171469 0.00103003677961499 0.00613692786687722 0.0101361862802603 0.000257942556302874 0.0267110787242443 0.0234997093586744 0.00595633079903799 0.00333329100287012 0.0278553405474031 0.0106540629591112 0.0114836601866006 0.0115518371490427 0.0016293153765951 0.021955348687124 0.0316027197561182 0.195207922182074 0.174717747118878 0.0249471219861302 0.066368959847802 0.0103253632504563 0.00402182501778489 0.000732420151827474 0.00423868611556254 0.00129679895512184 0.000397083971388456 0.000886410668343451 0 0.00192998449556747 0.000632308830966418 0.00119705530885742 0.0110716659998666 0.000187157432686458 0.000152832549485871 0.00582786110753938 0.00122811632506604 0.000287496133858803 0.0417612509746907 0.000153091898107878 0 0.00535952084084931 0.000533859888663615 0.00489270933400032 0.00768159573711619 0.0172150983506816 0.000267360416756058 0.00345508054670089 0.0551003148203573 0.0114999016173845 0.000908406131674133 0 0.000324297761188774 0.00020010947293206 0.000332345393796348 0.00244720087915625 0.0280548286607072 0.000193798501310007 0.0150214268505106 0.0344700227402512 0 0.000261582750705582 0.00123787935460812 0.000251644767162054 0.0021263546229441 0.0256446804112095 0.00713078465287665 0.0018497628777265 0.00132453898945019 0 0.00219176662464108
0 0 0 0.0295320326935532 0 0.348721710777266 0 0.000492533081934242 0 0.000148976737658154 0.000134019853421559 0 0.000137826151592646 0 0.0147222148438498 0.000160659310324715 0 0 0 0.215116710019067 0.000132359917680873 0 0 0.00159947821471433 0 0 0 0.0274002596975784 0 0 0 0 0 0 0.00045586191619197 0 0 0 0 0.000201367980689313 0 0.000420933753292473 0 0 0.00696436426278285 0.000773258987891662 0 0.232713901681702 0 0 0 0.00157067007150289 0 0.0166540624821969 0 0.000487449759755318 0 0 0 0 0 0 0.0125149377707894 0 0.0641016929933051 0 0 0.0239560210635106 0 0 0 0.000527910957790631 0 0 0 0.00118906630303992 0 0 0 0.000141909379563298 0 0 0.000323799457126913 0 0 0 0 0.000184186768002351 0 0.0001797336709455 0 0 0.00189979181533918 0.000163530626177824 0 0.000560045094135729
0.000427136419247932 0.00137189547958944 0.000322551301169961 0.000281667275124465 0.00164552912198506 0 0.000907630965626988 0.267260750990107 0 0.000874375380605488 0.000482206666617015 0.238392733366903 0.00102294767017616 0.00124106460632304 0.00174377009569139 0.000956741846486929 0 0 0.000628633630094711 0.00110686117262705 0.000394920364341332 0.000381606618722133 0.0014475024178988 0.19030136738 0 0 0.000310728087246804 0.00237684752769409 0.000134536045318403 0.000555190001412747 0 0.00202984601397941 0.00204328472268693 0.000308477882391079 0.00121464734785273 0.000306115474810248 0 0.0393264931294277 0.0220647163983134 0.000606083623724041 0.000925921354341595 0.0095411364945308 0.00155837898457845 0.00135109137367066 0.0893840603623444 0.00846372046657084 0 0.000881070620981678 0 0 0 0 0 0 0 0.000458136230057234 0 0 0.000209410898300134 0 0 0.000221179310220549 0.000878651234869117 0 0 0.000353307011785413 0 0.00162222709351094 0 0 0 0.000863026667898191 0 0.000146056964840315 0 0.00116685828494531 0 0 0 0 0 0 0.000992860225839251 0 0 0 0.000174417698593238 0 0 0.00105728403228435 0.000367673056542182 0 0.0143369389304921 0.000507420725068365 0 0
0.00371472746223185 0.00326540202640409 0.00203936223849194 0.00135742413406045 0.0065812726186184 0 0.00194335704861075 0.00253221739203942 0.00746234661515484 0.0678498540586715 0.00522145535574911 0.00334240351925611 0.30185479076545 0.00856791423373988 0.000339451335908123 0.0288905600641913 0 0.000628633630094711 0 0.000283557418017663 0.219158791052546 0.196208383912449 0.506131275232079 0.000657271659188462 0 0.0111057771905976 0.0684208757489809 0.000253624362142977 0 0 0 0 0.000175733000089633 0.0293642570489055 0 0.000703397508757081 0 0 0 0 0 0.000393020177342374 0.00572627660519951 0.00251622219479339 0.000637425029556075 0.0148535799038749 0.000257494373632867 0.000136825151693558 0.000144875280759549 0.000132356057428736 0.000178767714839432 0 0 0 0.000394101857037538 0.000129888354125614 0.000203054589524138 0.000567175414491924 0 0 0.00398452677595484 0 0 0.00488480737372664 0 0 0.0340377203250661 0.000149854822437696 0.00123225783971072 0.00122468180944648 0.0179189231609315 0 0 0.00400110470004921 0.000354406478244174 0.000133670768369604 0 0 0 0 0 0.000140244243483411 0 0 0 0 0 0 0 0 0.00351707811927457 0.000142494559552559 0.000470852454346003 0.00012429063683651 0 0
0.000310595498013682 0.000125294080944163 0.000611983269569793 0.0211643207546358 0.00136317297155612 0.132590240157214 0.000480177047975158 0.00595878556428818 0 0.000752582496217192 0.000550165289975618 0.000506527712040496 0.00113916934773834 0.000698522424897398 0.324747208205267 0.000613962299815334 0.215116710019067 0.00110686117262705 0.000283557418017663 0 0.000447703960218328 0.000203503651655132 0.000523357083090306 0.0178015054816966 0 0.000144920020380344 0.00371952704458045 0.323525975831532 0 0 0 0.00173114875442677 0 0.00284597411508226 0.293982425373408 0 0.000326030090054542 0 0.000904559636899889 0.0186814541514518 0 0.00758250305190734 0.0013512779681537 0.000969003706358432 0.102817670777607 0.00480368039007106 0 0.0173809398694632 0 0 0.000224086780501466 0.0076224012514479 0.000371099419603907 0.0251976189099563 0 0.00974666841008082 0 0 0.000688289286097636 0.000507169524753112 0.000294544739505482 0.001177042608035 0.0237987739896527 0 0.0881605571387089 0.00206497788690594 0.000148846593388046 0.0517264301737866 0 0 0.000179103857037784 0.00857741006637807 0 0.000171695587708232 0.000135423160486007 0.0483599428736979 0 0 0 0.000248594381582719 0 0 0.00342800705485958 0 0 0 0.000647514894052801 0.00122793977608765 0 0.0106199733987616 0.00275502979569339 0.000154605845516256 0.0546210096351265 0.00580712173028886 0.000142512937078777 0.0078690203184884
0.0559828594511169 0.0138275117747271 0.0265822012186454 0.0136154591292191 0.0110708724019695 0.00196234714929453 0.0435264150756014 0.0153908722511999 0.305612726140868 0.164251014822702 0.00233614089182094 0.00232377189502704 0.29936866274565 0.00644141894855621 0.000768682706166054 0.111124764735934 0.000132359917680873 0.000394920364341332 0.219158791052546 0.000447703960218328 0 0.0378267045129882 0.145994150861218 0.000707989878982215 0 0.00875214961639225 0.0110270721163492 0.000251162835231062 0 0 0 0 0.00543480718695265 0.000529517107593203 0.000193766830407496 0.00688390870887842 0.000163289847299219 0 0.00101705227318251 0 0 0.00079898568181151 0.0103500379264804 0.00545660775954913 0.00202527053176612 0.0269954943884493 0.00356622150746223 0.000738864279996248 0 0 0 0 0 0 0.000380175525060043 0.000182299672219401 0.000198447148259791 0.000194396609397709 0 0 0.00150403103932494 0 0.000199587720498832 0.0051306151286075 0.000156291509899316 0 0.00262744199593572 0.000311107728109273 0.00109437418043646 0.00144923321292625 0.00952657583302524 0.000169870030415003 0 0.00544630123435861 0.000707624198180007 0.00022578205015866 0 0 0 0 0 0.000220190726350874 0 0 0 0 0 0 0 0 0.00379526511924378 0 0.000463583253733634 0.000151749948846585 0 0.000492428681996966
0.00763319083311432 0.0288152168732849 0.00406399767894729 0.00173709481166684 0.0116055887332283 0.000170608289319572 0.204156530746439 0.00271899387350355 0.0181552811801812 0.0191527501485332 0.00944348866525477 0.0031594081714296 0.180068499187017 0.015874846163771 0.000236098566229127 0.0238306344559886 0 0.000381606618722133 0.196208383912449 0.000203503651655132 0.0378267045129882 0 0.109216477495677 0.000520270735974985 0 0.0222722753512791 0.0936596456156899 0.0010047562712752 0 0 0 0 0.0993795921723935 0.123154640193731 0 0.128772240733774 0.0192251400826336 0 0.00154598597177825 0 0 0.00181528760585039 0.013348704309362 0.00983685493071679 0.00107051355270923 0.0176917190860725 0.000404701909527532 0.000148768942583929 0.000131339741421493 0.000319665959333745 0.000199303669035422 0 0 0 0.000827302976741083 0 0.000319335222677394 0.00125835697229856 0 0 0.00122025352503082 0 0 0.00369002082712023 0 0 0.00253699312763214 0 0.000695377631285515 0.00353056461209265 0.0185326377592256 0 0 0.0151152972127361 0.00188125920947596 0 0 0 0 0 0.00014468384534483 0.000988314889509385 0 0.000278341639709095 0.00026617463819916 0 0 0 0 0.000806127469555364 0.00875291586635962 0.000685363458635731 0.000490799434863927 0.000210983854562043 0 0
0.00882244832781841 0.0108861406316631 0.00474592228320947 0.00340321548309298 0.0129960935378061 0.000218023968876186 0.00264376957316662 0.00697327436336195 0.00852286841816651 0.166830678179494 0.016622683262078 0.012075214071399 0.154861420224445 0.013301037093082 0.000677984296190122 0.150685371917459 0 0.0014475024178988 0.506131275232079 0.000523357083090306 0.145994150861218 0.109216477495677 0 0.0014516942760474 0 0.0644959662085577 0.147650694526115 0.000680965707738685 0 0 0 0 0.00997858590556002 0.00887987620430034 0.000249062395478661 0.0312970828806894 0.0032051267071686 0 0.00215613222467682 0 0 0.00157856102528516 0.0624182094371219 0.0107009386321207 0.00198690649564843 0.0362822140271543 0.000957196795951687 0.000999029444036746 0.00060128380019894 0.00107242309853565 0.00059435616803695 0.000251255080296751 0.000430362935004445 0 0.00403235990337567 0.000389612777464584 0.00228325644190762 0.00284363510792547 0.000169553746219572 0 0.00930313473225619 0.000272272130976042 0.000271022627704642 0.0284472709104931 0 0 0.0212238621602848 0.000392945784266343 0.00611312616586421 0.0108859254530158 0.0743406897879376 0.000201562250628347 0.000148506642465747 0.0377302557840394 0.00637867824361366 0.000336665300103701 0 0 0 0 0.000259355637435737 0.00560528660597074 0 0.00311000073706773 0.00480128181621518 0 0 0 0 0.00113085631334976 0.0227319669158072 0.00125173494282994 0.001290177115707 0.000608988298095264 0 0.000506819197128888
0.000705669419663256 0.000340463629865824 0.000804078169693331 0.00718785788997541 0.0023492971581001 0.00548798960310152 0.000784459536770446 0.273550433639325 0.000154689115585481 0.00164641003610344 0.00437447362414228 0.0101795998347145 0.00203224627588337 0.0027937978682756 0.212569300762928 0.00305361391785776 0.00159947821471433 0.19030136738 0.000657271659188462 0.0178015054816966 0.000707989878982215 0.000520270735974985 0.0014516942760474 0 0.000153769521081907 0.000353536625240275 0.000239884964873137 0.00576964151353671 0.000392200960931069 0.0013621334222157 0 0.00128383623626607 0.00225011236533308 0.00020862057650296 0.0957250931555718 0.000636446674018837 0.000552082465253978 0.0948574182426676 0.294592750657737 0.00276277250116504 0.00864915310215193 0.0304763567210294 0.0113901154642539 0.00669714478670899 0.162931508514528 0.0258370803636519 0 0.00236375611383699 0 0 0 0.00114897860018139 0 0.00109367326835037 0 0.00284692140773854 0 0 0.000439168364632824 0.000456619735900578 0 0.000411187414499525 0.00783916592052027 0 0.00233440628807198 0.00181669993982106 0 0.00878766340348237 0 0 0.000145226069415366 0.0041795107706664 0 0.00033397662671934 0 0.0033037980229643 0 0 0 0 0 0 0.00363104182957739 0 0 0 0.000501885050227537 0.00077899465208973 0 0.00344894854070203 0.00528297937891044 0.000122198574361541 0.051087833922499 0.00171169910534279 0 0.00029392972131478
0 0.282947202006835 0.00277367743867851 0 0.00265540070978147 0 0.000606222038757371 0 0 0.000974509067983568 0.00320267419156106 0.000953186536699969 0 0.189645921196644 0 0.00291009729443284 0 0 0 0 0 0 0 0.000153769521081907 0 0.000802018818720867 0.00121413119265292 0 0.330790002913772 0.00286233393077547 0.525655129759953 0.000317099186982434 0.0144674105876953 0.00120693760496905 0 0.0027655449623618 0.00634663145343455 0 0.000134286030193104 0 0 0.0048274141323766 0.0144670685545946 0.0284998844167645 0.00256218472294297 0.0821534821912668 0.000265378268071775 0 0 0.000736145687035633 0 0 0 0 0.000342060646397375 0 0 0.000122919320430141 0 0 0 0.000645694408000273 0 0.00117467286643957 0 0 0 0 0 0.000213838649710667 0 0 0.00240895726332406 0.000490441778894003 0.000667374506474561 0 0.000274328796534878 0.0023931527574327 0.000195040400205836 0 0.00343942831100441 0.00360341247196123 0 0.00715556629918673 0.00545588386530813 0 0 0 0 0.000396490410567345 0.0229501680559263 0.00434743253346419 0.000481608371141528 0.000250512498606792 0 0
0.00159733197122188 0.00666931813514172 0.000885681805476626 0.000326023691461542 0.0023912375427369 0 0.00096663240496138 0.000636376791057169 0.000741803330110006 0.0302887451484306 0.00113409689265504 0.000663831371919742 0.00348266125632786 0.00396117855519055 0.000137007574537185 0.0910964367233903 0 0 0.0111057771905976 0.000144920020380344 0.00875214961639225 0.0222722753512791 0.0644959662085577 0.000353536625240275 0.000802018818720867 0 0.427913223164554 0.0095844961246715 0.000220676109164531 0 0 0 0.00948644660399063 0.0482577091845518 0 0.0198113355191546 0.0201961986182647 0 0.00269269343819699 0 0 0.0129797011273302 0.0152343452450156 0.0186680648272074 0.00242514757265543 0.00663395799589051 0.000201253143611512 0 0.00019291473393958 0.00507472433657168 0.000701416912065944 0 0.000257628073632456 0 0.000884650207381077 0.000202971232661084 0.000363742969343138 0.00460125763343738 0 0 0.00068099386532329 0.00108981220099137 0 0.0192827114685343 0 0 0.00127617749368617 0.000152512290832491 0.000442577484364332 0.00743973477711741 0.00417777079921044 0 0.00335743645397733 0.257635284732834 0.0390949540282142 0.00223616679540679 0 0.000294191593541013 0.000286435850451622 0.000468946906823916 0.00148384945416394 0.0203867519456785 0 0.00325475417481995 0.0067896782936343 0 0 0.000177453379971624 0 0.0041206641382027 0.00474599398913355 0.0175794981705884 0.00150115667926902 0.000555070813057145 0 0
0.00146115052079694 0.00480517209514226 0.000572801404338911 0.000297414399655979 0.00138766715217258 0 0.000483009109759065 0.000841662354707828 0.0011490665870696 0.0385719578121287 0.00199081337241904 0.00104402157045568 0.00950250198087651 0.00192110204431289 0 0.0173361158171469 0 0.000310728087246804 0.0684208757489809 0.00371952704458045 0.0110270721163492 0.0936596456156899 0.147650694526115 0.000239884964873137 0.00121413119265292 0.427913223164554 0 0.230914480280694 0.00047760361398504 0.00277119348684424 0 0.0999247586287438 0.00480848768963745 0.360349933154923 0.00047149103312517 0.025927804987008 0.0354311277325265 0 0.000831451855475925 0.00881021547915026 0.000996063952624117 0.00322775580143648 0.0227632752359862 0.00726531485124327 0.00191026480014714 0.00340732685094984 0 0 0.000139781820076024 0.00222751077690013 0.000401871021509639 0 0 0 0.000852549884624457 0 0.000228249495429558 0.00206911283605876 0 0 0.000942904068518381 0.000956486730398217 0 0.00836426511749325 0 0 0.00140004561056624 0 0.000612484949845606 0.0032000605325066 0.00930249494611662 0 0.00460212674922478 0.0774294972941931 0.104497475838954 0.0156061967528782 0.000299359974893179 0.00582951509578245 0.00038828568258033 0.00328998010814748 0.00221842248272864 0.0243310796747822 0 0.00492032602346899 0.00792920683567719 0 0 0.000141703359631641 0 0.00242161893696072 0.0125194389727055 0.0130780940160646 0.00216066817661232 0.000589733839756482 0 0
0.0002180658426164 0.000156008316503263 0.00268930612300211 0.00265348376902965 0.000738594441569825 0.00488786709435741 0.000210889500882708 0.0144440332529961 0 0.00124805303694475 0.00049999848832764 0.00154417517754955 0.000573604698692868 0.000710848331259329 0.00937784698413155 0.00103003677961499 0.0274002596975784 0.00237684752769409 0.000253624362142977 0.323525975831532 0.000251162835231062 0.0010047562712752 0.000680965707738685 0.00576964151353671 0 0.0095844961246715 0.230914480280694 0 0.000625918465069922 0.00551299741527426 0 0.0982683831582929 0.000176085843730694 0.0738578516127486 0.0210103232606381 0.00027221059467092 0.00592162990672558 0.000166142585874864 0.00953429793865963 0.312298966540693 0.00489932857092804 0.00837634874034688 0.00823056213317203 0.00117282310332874 0.0344870017285419 0.00826802108363263 0.000134478872551879 0.00168253933819147 0 0.000139345782148949 0.000400766697629182 0.000480476180983017 0.000382848046708214 0.00181905355439805 0.000419639993730361 0.00383696836207408 0 0.000285858257258384 0.00103070403417645 0.000699707362642652 0.000462593020015075 0.00136335790937535 0.0123372166719267 0.000411361392334632 0.00368139444851768 0.00166882275423624 0.000181421571646155 0.0523292893633742 0 0.000426112182114082 0.000270940684365477 0.00696311779416164 0 0 0.00859286699161742 0.331033668833158 0 0.00827131091937626 0 0.0209214203971979 0.000191574998403018 0.00866920216267968 0.00602918071414982 0.000202743652745016 0.000383930063890859 0.000800647710362266 0.00179917299584357 0.0452599203876866 0.000712453777039129 0.0158823887004846 0.0082595715870417 0.00116809745032245 0.0332323574814016 0.00746284989836337 0.000143077023669675 0.000437535064024051
0 0.0457874773042305 0.00677830886994796 0 0.00569082848394563 0 0.000586470397075184 0 0 0.00071821611440483 0.00345678692254184 0.121431968900389 0 0.150400727555619 0 0.00613692786687722 0 0.000134536045318403 0 0 0 0 0 0.000392200960931069 0.330790002913772 0.000220676109164531 0.00047760361398504 0.000625918465069922 0 0.0952836998415158 0.0580897921940851 0.0133295262530404 0.158599695544607 0.000244357294266182 0.000155530206734138 0.01205528312946 0.0113260237754095 0.000894847144674918 0.000448529829192686 0.000171831332200887 0.000194532742108329 0.00682494533479135 0.0234378433561025 0.0204764644235842 0.026774115500853 0.0885368042831606 0.000328524891849343 0 0 0.000153116038003234 0 0 0 0 0.000130394532740541 0 0 0 0 0 0 0 0 0.000221113902897705 0 0 0 0 0 0 0 0 0.000211023033218781 0.000122200872852659 0.000266755687102634 0.000711346554610042 0 0.00134345064262192 0 0.000310883369412927 0.00108957062727593 0.000706649057469125 0 0.00170422868971938 0.00158996869327935 0 0 0 0 0.000362353175975211 0.00987454379327003 0.00190239191722981 0.00151887982220873 0 0 0
0 0.00647865509073089 0.0125963618819502 0 0.000932188539173294 0 0.00709170109274827 0.000145821002384 0 0.000182929299321025 0.000682872958744748 0.0392162735941167 0 0.00541452577061511 0 0.0101361862802603 0 0.000555190001412747 0 0 0 0 0 0.0013621334222157 0.00286233393077547 0 0.00277119348684424 0.00551299741527426 0.0952836998415158 0 0.000791516373949201 0.414016341325976 0.128270330516408 0.0479967129226912 0.000215048743479134 0.0668120766958046 0.176292707377372 0.00593333667756887 0.0113025051689848 0.000413657970874411 0.0108439106856928 0.00672454054335284 0.0363893224377969 0.0104761116313943 0.0224917101365777 0.0359967103873079 0.00062431309310824 0 0 0.00031257329023973 0 0 0 0 0.000257674911834068 0 0 0 0 0 0 0.00053685469408859 0 0.00030690931946605 0 0 0 0 0 0.000421694448174776 0 0 0.00205431760098382 0 0.00184046868495519 0.00581608087751071 0.000581874151405313 0.0138961197074619 0.000373042537828543 0.00410984261899981 0.00135760265193003 0.00918915495152756 0 0.0048074088321726 0.00851519407443182 0 0 0.000138187923466 0 0.00122868681343789 0.0260904139854821 0.00783876713497718 0.00413809948759071 0.000250108950882352 0 0
0 0.0249408954127414 0.000153972701869708 0 0.00283243721086078 0 0.000277122749622369 0 0 0 0.00194529015957894 0.00042115058143507 0 0.259299418120091 0 0.000257942556302874 0 0 0 0 0 0 0 0 0.525655129759953 0 0 0 0.0580897921940851 0.000791516373949201 0 0.000206290277430267 0.00144158778800173 0 0 0.000236646613467133 0.000307431586994552 0 0 0 0.000143078509607857 0.000137139777216699 0.00151960931218975 0.003971251553566 0.000463843241663713 0.123024605951624 0.000295622565645312 0 0 0 0 0 0 0 0 0 0 0 0 0 0 0 0 0 0 0 0 0 0 0 0 0 0.000164034306603553 0 0 0 0 0.000147554015891562 0 0 0 0.000244249745496537 0 0.000397663733149129 0.000416514403091309 0 0 0 0 0 0.000902471808593451 0.000281825420381352 0 0 0 0
