0 0.199485056847989 0.186185567624629 0.050873984060919 0.0316577371443843 0.00539570818094787 0.136581294777508 0.0130553552028138 0.161318806212218 0.206635707456365 0.00519986712127546 0.00368690741680404 0.0118822198357674 0.00467293614536852 0.000480321915862115 0.391335676081321 2.76867337587428e-05 0.0025363621117094 0.0021967533583822 7.99244050971655e-05 0.081346352230546 0.00109637356596323 0.00352057957663964 3.12355535564801e-06 3.08129797795e-05 0.00742508817602356 0.000594794396846735 0 8.89952876995163e-06 2.08237023709868e-06 3.12355535564801e-06 0 0.000130353288528448 5.05838333407593e-05 0 5.33912153254941e-05 1.03775239409132e-05 2.62248307187177e-06 0 0 0 0.000152255081609049 0.00517668439204462 0.00155522408373479 0.000487556066938281 0.0364933131501826 0.000830815986308762 0.000222257670703475 0 0 0 0 0 4.65601437003167e-06 0 0 0 0 0 0 0 0 0 2.08237023709868e-05 8.50568932966312e-06 0 9.65885038507341e-06 0 3.71276071561828e-06 1.9469239644053e-05 6.46195322152518e-05 0 0 1.99031111448744e-05 1.81018133543888e-05 0 0 0 0 0 1.51120048805192e-06 0 0 4.38125797667195e-06 0 0 0 0 0 0 7.246246648524e-05 0 0 0 0 1.19306942607045e-05
0.199485056847989 0 0.0040931805613863 0.00198707491338073 0.0934759002493086 7.68883182373679e-05 0.457785793255434 0.00153734595393866 0.000331760357313693 0.001067946363082 0.000819404306754028 0.00148855127300231 0.00415318760748361 0.245760659382971 5.38565316264795e-05 0.000407588046991725 0 3.73947995727408e-05 0.000570044265700458 3.66574186936263e-06 0.00317877271837633 0.020210290558239 0.000359745490618855 6.18858418661708e-06 0.348206314591566 0.000330854671940408 2.75385452645377e-05 0 0.100845785606903 0.00270856300195963 0.0154327141505407 0.00276390363011674 0.222169755659704 1.53902439586442e-05 0 0.00399192963862255 0.00139334982056777 0.00258991982870537 0.000351417517487657 1.78795561578979e-06 3.28816027432651e-05 0.000119180878913223 4.98933011192195e-05 0.000487760234055284 3.52555591561582e-05 0.0191917574220918 0.000679946385008678 0 0 0 2.359778055008e-06 0 0 0 0 0 0 4.4629744291342e-06 0 0 0 0 0 0.000105167810121765 0 0 0 0 4.83396632704454e-06 1.56608295357192e-05 1.02629058255931e-05 0 0 0.000191443385621355 1.95251286245105e-05 0 0 0 0 0 1.35731291035638e-05 0 0 5.62607715356009e-05 3.87230919745383e-05 0 0 0 0 0 1.6264024853707e-05 3.14637074001067e-06 0 0 0 0
0.186185567624629 0.0040931805613863 0 0.341056810820402 0.101719603934922 0.182540069963743 0.00318865164655292 0.0218990476159193 0.00022385760883785 0.0117964703100453 0.0280535438401038 0.00554594936921278 0.00542561974802299 0.0040517942955948 0.00196818340438567 0.117358454677465 0.000377989268240069 0.00144514813902271 0.000655467845509361 0.000202841843110358 0.00479409286701144 0.00397980506556033 0.0016842790233568 0.00036436949852906 9.41823223059065e-05 0.000477262404236038 1.87098172052055e-05 0.000137435356631784 1.44617342511714e-05 0.00112892422412538 4.51873738942875e-05 0.00380421110009288 0.000453753448985507 4.25990918718353e-06 0.000633296637519857 0.00135206364721143 0.00189025649938481 2.71958635068282e-05 0.0317676717293001 0.00641774730871929 0.0529344528511836 0.0696294214659442 0.00481280489212908 0.00198829418170054 0.014987660044061 0.20444573489457 0.0891885675430511 0.00542224485432732 0 0 4.69730110752449e-05 3.59351585998225e-06 0 0.000138032727214448 0 0 0 7.54332692735286e-06 0 0 0 0 0 9.78423451345025e-05 0.000111207975111173 0 4.02322032615448e-06 0 9.94871032258915e-06 4.93066306023448e-05 2.11965293311436e-05 2.03726981397689e-06 0 0.000253084271822183 3.42903927236487e-05 5.46476446662916e-05 0 0 0 8.0150678679697e-06 2.48275110356177e-05 7.93325488225727e-06 0 0.000117155993036151 9.19453397380303e-05 7.72236551500456e-06 2.16697474458851e-05 0.000278298471076854 1.47515162127084e-05 1.79675792999112e-06 0.000120923129913164 0 8.95044981062599e-05 3.30329254594259e-05 0 6.05926437156678e-05
0.050873984060919 0.00198707491338073 0.341056810820402 0 0.151034603188677 0.434826914416858 0.00026974523598329 0.177468072284633 3.23648853985478e-05 0.000444298469291094 0.0658878690891119 0.00114545199875691 0.000327723036131406 0.00687937883476264 0.0629721588237311 0.000393459769122497 0.005419295123759 0.000980724023950937 9.2896301668431e-05 0.00666915509441017 0.000834318485700816 3.13813811798137e-05 7.27497781357898e-05 6.34769863307823e-05 0 3.58480200243455e-05 1.9943997255706e-06 3.13090823407205e-05 0 7.80529511220412e-06 0 1.06136381004135e-05 6.17236289566886e-06 0 3.15834022904283e-06 7.37060491817019e-06 1.12374148253778e-05 0 8.72790748418067e-06 0 2.58355450125655e-05 0.0296075289045388 0.00314573762917242 0 0.033358330991177 0.1062151412833 0.0136553397169996 0.0322723968539453 0 0 0 0.000207109272061347 0 0.000975480385027408 0 3.9887994511412e-06 0 0 0 0 0 0 1.96465584141298e-05 0 0.00296558332402132 0 0 0.000170868357124599 0 0 0 0 0 5.59318526307547e-06 0 1.86270847892357e-06 0 0 0 0 0 0 0 0 0 0 0 0 0 0 3.88039522703147e-05 0 0.000348213751877473 0 0 0.000922802966243745
0.0316577371443843 0.0934759002493086 0.101719603934922 0.151034603188677 0 0.00270877963072034 0.0217687771160493 0.0768215282578713 5.11836670623047e-05 0.0222822889751732 0.135295412263746 0.0238018943010128 0.0150733702683306 0.333939299591205 0.00164507355604868 0.02157309867819 5.37474919001463e-05 0.00864143464471902 0.00314888377765836 0.000121850812158157 0.0125116175257158 0.00287008418230238 0.00228361095367698 1.53846627220391e-06 0.000776482062230997 0.000291004774009638 6.16909438983212e-06 0 0.000680341937919704 0.000112948928350461 0.00137223891864894 1.59204571506203e-06 0.000275725698579048 0 0 3.67089429023436e-05 4.92491295799606e-06 0 0 0 0 4.71628194225682e-06 6.38408816383642e-05 0.000127935603953935 0.000583182992933561 0.0786435609242431 5.4170024259564e-05 2.64026668750516e-05 0 0 0 0 0 5.94178799424488e-06 0 0 0 0 0 0 0 0 0 0 9.05350366787156e-06 0 1.66984679712252e-06 0 0 1.42972365819e-05 1.36538623799118e-05 0 0 8.3897778946132e-06 1.1434405862331e-05 0 0 0 0 0 6.69377066996029e-06 0 0 6.86709755032932e-06 0 0 0 0 0 0 1.22466229038321e-05 0 2.87686996547756e-06 0 0 1.08721994524186e-05
0.00539570818094787 7.68883182373679e-05 0.182540069963743 0.434826914416858 0.00270877963072034 0 0 0.000359064304789153 0 4.45153087176547e-05 0.00347358265017101 3.39408289165001e-06 4.92867225512385e-06 2.16126804434839e-05 0.129984796985882 7.61431407885289e-05 0.241469847381506 4.49933634788869e-06 0 0.14898234013684 2.15272241234196e-06 1.35043837760177e-05 3.21445364898846e-06 0.000130507387890202 0 0 0 0.000217049596174246 0 3.60244389794036e-06 0 7.96022857531013e-06 1.60694835347108e-06 0 2.21083816032998e-05 5.09872404430791e-06 3.07206448877775e-06 0 1.01825587315441e-05 0 2.34868591023322e-05 0.172543752759291 0.0180056195176468 5.30528746169582e-06 0.0494670720771018 0.027217640497343 0.0141690386372798 0.283594549296571 2.8764271379064e-06 0 2.85108840343057e-05 0.00334543230853127 2.12211498467833e-06 0.0444217060374192 0 2.46503524209979e-06 0 1.31660368912354e-06 0 0 0 0 2.94698376211947e-05 0 0.0218481224489876 0 0 0.000310163481568381 0 0 0 0 0 0 0 2.59652584841482e-06 0 0 0 0 0 0 0 0 0 0 0 0 0 1.6836952071873e-05 0.0310553057170258 0 0.00758875651071162 3.5349710416496e-05 0 0.0316817368043525
0.136581294777508 0.457785793255434 0.00318865164655292 0.00026974523598329 0.0217687771160493 0 0 0.00177066202841216 0.280967101264784 0.0230992346140272 0.0323216032070356 0.00414099650688491 0.092430100538285 0.0157255201016991 3.28504319831806e-06 0.00830588455418143 0 0.000695771632271823 0.00041171438332725 0 0.0613725568487849 0.198725920438466 0.000438381195406534 7.00728945408129e-06 0.00287684977093289 0.000688994343335208 5.28243189772479e-05 0 0.000454729391632799 0.000625096417703348 0.00197393332378428 0.00134890056504518 0.0303750035898701 5.40157561631986e-06 0 0.00171754042958686 0.000143370028841055 0.00201478030116452 0.000390418152955104 0 1.81476501021638e-05 5.65911346000275e-05 9.38906758887587e-05 0.00081079018917403 1.34601146588217e-05 0.0309514536880947 0.000628806523490502 3.44148782401608e-06 0 0 0 0 0 0 0 0 0 3.4866317435127e-06 0 0 0 0 0 2.56027309579688e-06 0 0 4.82373742536898e-06 0 4.11420532230484e-06 1.92132513018441e-05 1.57189052622791e-05 0 0 2.89638164386861e-05 1.21914639838203e-05 0 0 0 0 0 4.82374356957026e-06 1.32220914704288e-06 0 3.18411290565747e-05 8.30845191159241e-06 0 0 0 0 0 7.32870049354397e-06 0 0 0 0 4.48317911197188e-06
0.0130553552028138 0.00153734595393866 0.0218990476159193 0.177468072284633 0.0768215282578713 0.000359064304789153 0.00177066202841216 0 0.000123020598031575 0.00145234707590404 0.0867237647079777 0.100882348442387 0.00184943333449623 0.022348951484409 0.14293848932204 0.0028655668888226 0.029884437910864 0.229449188190526 0.000728452660163658 0.0424380476953338 0.00407417490372357 0.000132871330330591 0.000506220579328814 0.221731061232248 3.53715778988007e-06 8.71513128772534e-05 3.24686371393596e-06 0.0546834446650673 2.22488219248791e-06 3.00203658161697e-06 0 2.39998158434447e-06 6.48528779909039e-06 0 0.00461044170164102 3.3572978914364e-06 9.00010783935643e-06 0 3.87882553786582e-05 1.15356695640212e-05 3.23174347712976e-06 0.0105291855652467 0.00160951081558275 0.000211807713641352 0.150083047632295 0.089039936560831 0.00166098196344237 0.000342820687002811 2.52355656134849e-06 0 7.27142282354196e-06 0.00852214780409263 0 0.0192241185445794 0 0.00927150583980497 0 0 1.71661742210203e-05 1.07260214761975e-05 0 0.000127857524270029 0.0267875519643033 7.76497377280102e-06 0.012659590085006 5.83415802135231e-06 3.23174347712976e-06 0.0310089031338524 1.61587173856488e-06 1.61587173856488e-06 4.75814550737448e-06 0.0127410581607731 1.74129266602355e-06 3.60452850082017e-06 3.35840626314677e-06 0.0131232268365706 2.59710578531285e-06 1.30055754902127e-06 0 0 2.21798197779019e-06 2.13014501632532e-06 0.010005876159351 0 0 0 0.000214354950561631 4.82873420858129e-05 0 0.000357507949654804 4.35948376192874e-05 9.37189817110296e-06 0.0397489900281536 0.000224525539413126 0 0.0364313092683137
0.161318806212218 0.000331760357313693 0.00022385760883785 3.23648853985478e-05 5.11836670623047e-05 0 0.280967101264784 0.000123020598031575 0 0.027658840162386 3.13207648369098e-05 1.086106525328e-05 0.110485651736292 9.20391282922307e-05 6.57008639663612e-06 0.00175221939932276 0 7.8738386088052e-06 0.000413204146385151 0 0.280981469390033 0.0100367287177044 0.000911222872824216 0 0 0.00100954065683487 5.23141295438429e-05 0 0 0 0 0 1.54220300944922e-05 0 0 0 0 0 0 0 0 0 0.000174478207780582 5.32566437663098e-06 0 0.000132491624059536 0 0 0 0 0 0 0 0 0 0 0 0 0 0 0 0 0 0 0 0 0 0 0 0 3.4460893777741e-06 0 0 0 0 0 0 0 0 0 0 0 0 0 0 0 0 0 0 0 5.32003996544501e-06 0 0 0 0 0
0.206635707456365 0.001067946363082 0.0117964703100453 0.000444298469291094 0.0222822889751732 4.45153087176547e-05 0.0230992346140272 0.00145234707590404 0.027658840162386 0 0.0384557633169608 0.00481604322434467 0.0717186606084535 0.0253730703255085 6.57008639663612e-06 0.339126154207595 0 0.000474415263239355 0.0152006875526851 0 0.17315556749457 0.0122411411177017 0.0852643265000512 9.26798853219081e-06 3.65775409722764e-05 0.041084140549065 0.031093121778758 0 4.44976438497582e-05 4.20285121426376e-06 0.000101644698455969 0 0.00500240301276484 0.00133019455346676 0 0.00136471852005133 0.000758732296014634 0 0 0 0 3.42307823444354e-05 0.00365511242749443 0.0891168281741404 7.36313120339933e-05 0.0461289937393183 6.40434137667855e-05 1.51377169650761e-05 6.19105598778298e-06 0 4.12737065852199e-06 0 0 0 0 1.40397774976062e-06 0 6.99207118391669e-05 0 0 0 2.06368532926099e-06 0 8.7235591241124e-05 0 0 0.000284977560775154 0 0.000199854877852363 0.00109348329465203 0.00105623947847641 0 0 0.000568556660333298 0.00113065051285477 0 0 0 0 0 0.000435877376371585 0.000111055281440558 0 0.000582086992130706 0.000156955435358221 0 0 0 0 0 0.000874103259670921 1.55120528650762e-05 0 6.19105598778298e-06 0 4.30527488524694e-06
0.00519986712127546 0.000819404306754028 0.0280535438401038 0.0658878690891119 0.135295412263746 0.00347358265017101 0.0323216032070356 0.0867237647079777 3.13207648369098e-05 0.0384557633169608 0 0.368721457830763 0.0195545762180497 0.241853861384198 2.9665500425314e-05 0.0384491876038251 0.000246323575095587 0.00508828788187154 0.00162108141002174 7.78653595818465e-05 0.00363115087052369 0.00638125321814777 0.00358685535566804 0.00861722457666522 0.00122485451437348 9.85494431406386e-05 6.79620084733201e-06 6.57702906827614e-06 0.00420131230511181 0.000300127895960395 0.00160981147951919 1.59204571506203e-06 0.000624097980870013 0 4.42167632065997e-05 6.64312127133077e-05 5.02321641405271e-05 2.62248307187177e-06 0.000196377918394065 3.57591123157959e-06 1.64408013716326e-05 2.66615852967208e-05 4.64243692466384e-05 5.18158615773532e-05 4.51977608658595e-05 0.280092011305279 0.000280332502703439 0.000134218025136627 0 0 0 0 0 6.12983605753464e-06 0 1.40397774976062e-06 0 0 0 0 0 0 0 7.96419298832449e-06 9.56931483705767e-05 0 2.54766384612196e-06 0 1.63039047851961e-06 1.03252874406025e-05 1.49845043621416e-05 0 0 7.96419298832449e-06 1.46282345119029e-05 0 0 0 0 0 5.86215797217258e-06 0 0 8.43552697165906e-06 4.47605742919005e-06 0 0 1.28730281739095e-06 0 1.99104824708112e-06 2.35412859867428e-05 1.99104824708112e-06 0 0 0 1.79327164478875e-05
0.00368690741680404 0.00148855127300231 0.00554594936921278 0.00114545199875691 0.0238018943010128 3.39408289165001e-06 0.00414099650688491 0.100882348442387 1.086106525328e-05 0.00481604322434467 0.368721457830763 0 0.00325044351254047 0.091968669805564 0 0.00531714590407215 0 0.474137677806445 0.000634234615162139 2.43857274775747e-05 0.00247957036509394 0.000664413900656149 0.000615358592077532 0.0216205087120273 0.0001885017039114 4.40892253660669e-05 7.61122188938867e-06 0.000428489154214 0.0702910656335215 0.0389315298221747 0.000154909087549604 0.0749773519531444 0.00411789287091936 0 0.00345217700329148 0.000382839929282771 5.22135030516932e-05 0.158601282609593 0.0126568280471978 0.000130744936500608 0.0025985081304082 0.000822552643729442 0.000240117885013861 6.94986345679541e-05 0.00211024790905638 0.0710741796266561 0.000776742276454586 0 0 0 0 0 0 0 0 1.40397774976062e-06 0 0 0 0 0 0 0 4.01675313186151e-06 0 0 0 2.03644973499001e-06 0 0 4.83101521357458e-06 0 0 2.71526631332001e-06 2.29223181195946e-06 9.19799959390658e-06 0 0 0 0 0 0 4.07289946998002e-06 0 0 0 4.75171604831002e-06 1.12585604745338e-05 0 2.50067523853514e-06 2.6990163985881e-05 0 1.36338781943799e-05 0 0 1.23604411155938e-05
0.0118822198357674 0.00415318760748361 0.00542561974802299 0.000327723036131406 0.0150733702683306 4.92867225512385e-06 0.092430100538285 0.00184943333449623 0.110485651736292 0.0717186606084535 0.0195545762180497 0.00325044351254047 0 0.020869913947092 0 0.0533449673384759 0 0.000844573840396118 0.265445289718322 0 0.285343883324717 0.142934136862061 0.170817806573397 1.15155399737851e-05 3.11738050969171e-05 0.00019672709613978 0.000290804559711714 0 5.33971726197098e-05 5.40366584691054e-06 6.58698606286824e-05 0 1.35412242570588e-05 0.000569002158855879 3.15834022904283e-06 0 0 0 0 0 0 8.4754392834121e-06 0.000140868382364495 0.000364294905015481 2.40067187213409e-05 0.0326619007317665 4.83009881002137e-05 0 0 0 0 0 0 0 0 0 0 0 0 0 0 0 0 0 0 0 2.65558124814729e-06 0 0 4.76348557466962e-06 2.02003912161691e-05 0 0 5.59318526307547e-06 0 0 0 0 0 0 0 0 0 0 0 0 0 0 0 0 6.70510452841612e-06 0 0 0 0 4.21305845803548e-06
0.00467293614536852 0.245760659382971 0.0040517942955948 0.00687937883476264 0.333939299591205 2.16126804434839e-05 0.0157255201016991 0.022348951484409 9.20391282922307e-05 0.0253730703255085 0.241853861384198 0.091968669805564 0.020869913947092 0 5.082090149679e-05 0.0102204127070031 0 0.00339027622597272 0.00261155042371434 1.30596381435463e-06 0.00850014109578682 0.0125566840849205 0.00372379731155644 0.000433122372749201 0.251342302391675 0.000495412089141434 2.15165040332859e-05 2.96496978376826e-06 0.126295484635223 0.0111764837297628 0.402206580941777 0.000283603241616309 0.00827890508970114 3.24271880173055e-05 7.41870787900043e-05 0.00955811073521618 0.0122861557474967 6.68027275299702e-05 0.000536217681776304 6.13649360837893e-06 9.38550195277152e-05 1.18835598699033e-05 8.70754259624582e-05 0.000227512917416462 3.19765424941594e-05 0.314856345041413 0.00185752650118041 3.44148782401608e-06 0 0 0 0 0 0 0 0 0 2.86185721114263e-06 0 0 0 0 0 3.21280971577528e-05 0 0 2.7830779952042e-06 0 5.66379819656836e-06 4.1512048190844e-05 3.39303913653692e-05 0 0 8.2864672789597e-05 4.39261367990744e-05 0 0 0 0 0 1.53431032155896e-05 6.6110457352144e-06 0 6.64607263040876e-05 4.92303058121336e-05 0 0 5.14921126956378e-06 0 0 3.86955682097854e-05 0 0 0 0 4.48317911197188e-06
0.000480321915862115 5.38565316264795e-05 0.00196818340438567 0.0629721588237311 0.00164507355604868 0.129984796985882 3.28504319831806e-06 0.14293848932204 6.57008639663612e-06 6.57008639663612e-06 2.9665500425314e-05 0 0 5.082090149679e-05 0 1.12943595493594e-05 0.115458087612561 0 0 0.393616487872876 6.57008639663612e-06 0 0 0.0837222826693763 0 0 0 0.0149367847856875 0 0 0 0 0 0 0.0127175588988604 0 0 0 4.37361605549058e-05 1.78795561578979e-06 0 4.4544973554914e-05 1.64252159915903e-05 0 0.12356158160746 0.00892750286209982 2.29953023882264e-05 0.00264227131353431 1.31401727932722e-05 3.28504319831806e-06 4.59906047764528e-05 0.0248833878245579 1.31401727932722e-05 0.0471473476311591 3.28504319831806e-06 0.00733183198858974 0 0 0 0 0 2.02711568317899e-05 0.0114454513126534 0 0.0758975219156116 0 0 0.0191445702528401 0 0 0 0.0070259331302542 0 0 0 0.00498025573716273 0 0 0 0 0 0 0.000261258092090521 0 0 0 0.000134741014573036 4.572346015709e-06 0 6.09526362299302e-05 1.97102591899083e-05 3.28504319831806e-06 0.0377126191193751 0.000118201536064312 0 0.0113917957226673
0.391335676081321 0.000407588046991725 0.117358454677465 0.000393459769122497 0.02157309867819 7.61431407885289e-05 0.00830588455418143 0.0028655668888226 0.00175221939932276 0.339126154207595 0.0384491876038251 0.00531714590407215 0.0533449673384759 0.0102204127070031 1.12943595493594e-05 0 0 0.00160504751923844 0.0179374790908638 2.61192762870926e-06 0.0957601722158772 0.0166154646891229 0.0470608788524843 0.000107295693783079 0.000135667085046125 0.120328194961028 0.00805202952847745 4.68754677916216e-05 6.00718191971735e-05 0.000644515395187539 7.31313424918971e-05 0.00338582383960701 0.0192331954208084 0.000406793065919448 0.000159356241406547 0.00849467921842802 0.00660894529768406 1.31124153593589e-05 0.0163622610041682 0.003642813260805 0.039166726309115 0.00548563939920105 0.111438782483261 0.152817525747005 0.00676241261295188 0.066294961780729 0.000966768885974611 3.10367107489267e-05 0.000256002778623692 0.000146468944853804 0.000925284979087513 3.84960992711545e-05 4.92408387671134e-05 1.58315294984571e-05 8.63537972643117e-06 4.57733409038097e-05 2.44669092248883e-05 0.00711773209258311 2.87845990881039e-06 8.69000961665548e-06 5.63806032046708e-05 0.000147396333639378 0 0.0234443547140289 0 1.4392299544052e-06 0.000829296407200637 0 0.0133233160206559 0.00851102603976147 0.0095271094738251 2.45786486139364e-06 9.36210306400243e-05 0.0226784286920593 0.00896131352331721 1.84379085643477e-05 2.59710578531285e-06 0.000358855627059925 2.87845990881039e-06 1.25970607493972e-05 0.00499213294566148 0.00147760018160491 1.4392299544052e-06 0.0178648990443081 0.0178500749402112 6.43530459583713e-06 1.53582395942678e-05 0.000108285363797854 1.11040785280434e-05 0.000312786813680522 0.00860065023422005 0.00259371067570827 9.69916958175757e-05 0.000541193736967636 0 1.48887672903208e-05
2.76867337587428e-05 0 0.000377989268240069 0.005419295123759 5.37474919001463e-05 0.241469847381506 0 0.029884437910864 0 0 0.000246323575095587 0 0 0 0.115458087612561 0 0 0 0 0.358560480531669 0 0 0 0.00671938426807227 0 0 0.000289856600580783 0.0473623614807065 0 0 0 0 0 1.23824113154012e-05 0.00278977555955098 0 0 0 1.76891590220018e-06 1.78795561578979e-06 0 0 0 0 0.0336057415776499 0.00175328667693971 0 0.166260577028797 1.76891590220018e-06 0 8.84457951100089e-06 0.0208824289755651 3.75158504468138e-06 0.0794522628425254 0 0.0146916193791464 0 0 1.76891590220018e-06 0 0 1.55367334572399e-05 0.0438910181474472 0 0.248570982947284 0 0 0.0638709017383842 0 0 0 0.00268039382180492 0 0 0 0.000484898961555472 0 0 0 0 0 0 0.000239701731773553 0 0 0 5.90269459755417e-05 2.57460563478189e-06 0 1.08782092032259e-05 1.76891590220018e-06 0 0.00819504116880441 2.23702913661625e-05 0 0.0160170630254108
0.0025363621117094 3.73947995727408e-05 0.00144514813902271 0.000980724023950937 0.00864143464471902 4.49933634788869e-06 0.000695771632271823 0.229449188190526 7.8738386088052e-06 0.000474415263239355 0.00508828788187154 0.474137677806445 0.000844573840396118 0.00339027622597272 0 0.00160504751923844 0 0 0.000323076458896054 5.62417043486086e-06 0.00153019388709281 6.39986122049615e-05 0.000232483206353957 0.115292872447862 0 1.93407802372097e-05 0 1.79973453915547e-05 3.3621092701883e-06 0 0 0.00109508063849545 6.71595215712469e-06 0 0.000234009514017815 0 0 0.0356626985324332 0.000897080439744891 4.49933634788869e-06 7.97285634509408e-06 0.00103214507011761 0.000320628544562332 6.07410406964973e-05 0.00423035520089878 0.016123046727413 0.000200766518365291 0 0 0 0 0 0 0 0 0 0 0 0 0 0 0 0 2.24966817394434e-06 0 0 0 0 0 3.37450226091651e-06 0 0 0 0 0 2.24966817394434e-06 0 0 0 0 0 0 2.24966817394434e-06 0 0 0 0 3.69943972175406e-06 0 1.82185866020514e-06 1.34980090436661e-05 0 4.37243785060407e-06 0 0 6.84613855640928e-05
0.0021967533583822 0.000570044265700458 0.000655467845509361 9.2896301668431e-05 0.00314888377765836 0 0.00041171438332725 0.000728452660163658 0.000413204146385151 0.0152006875526851 0.00162108141002174 0.000634234615162139 0.265445289718322 0.00261155042371434 0 0.0179374790908638 0 0.000323076458896054 0 0 0.190046863880512 0.162598579936962 0.621933919644956 0 5.02412030278513e-06 0.018232316865782 0.0347403398165446 0 3.90804286338598e-06 0 6.05670005135691e-06 0 0.000105754195614815 0.0241773378033707 0 1.19096068125782e-05 3.18948214182673e-06 0 0 0 0 5.96170225217499e-06 0.00238834079607086 0.000260399454721953 2.78516614917373e-06 0.00391607485274276 5.70719574654115e-06 0 3.87542661098502e-05 1.21778022411527e-05 3.54572218784389e-05 5.07115747919824e-06 5.13647617188704e-06 0 0 1.6368298169972e-05 2.33231229750049e-05 0.0011013719285833 1.12778073665123e-05 9.49536896795068e-06 0.000661510144528963 5.25792805353292e-05 0 0.000332168460525285 0 6.25696476956571e-06 0.0424940335005302 0 0.00164203473224138 0.000755970694431006 0.02059320926466 0 0 0.000394029197579551 0.000433635258761625 0 0 0 0 0 5.6669515117578e-05 3.73162644407359e-05 0 5.32916691043181e-05 1.81322416570858e-06 0 0 0 0 0 0.0004578716566364 5.59017194023139e-06 4.70262691479872e-06 7.04377299088498e-05 0 0
7.99244050971655e-05 3.66574186936263e-06 0.000202841843110358 0.00666915509441017 0.000121850812158157 0.14898234013684 0 0.0424380476953338 0 0 7.78653595818465e-05 2.43857274775747e-05 0 1.30596381435463e-06 0.393616487872876 2.61192762870926e-06 0.358560480531669 5.62417043486086e-06 0 0 0 0 0 0.132861739273065 0 0 0.000260551116663961 0.272431270698126 0 0 0 0 0 1.92919044722858e-05 0.31624007692591 0 0 0 0.00585727621460723 0.000763718540519798 0 0.000210445797333052 4.8761650194145e-05 1.84871116393898e-05 0.0262190347901071 0.00110822154816675 1.30596381435463e-06 0.00142611021107922 2.61192762870926e-06 6.52981907177316e-06 6.52981907177316e-06 0.0120412236939206 5.22385525741853e-06 0.0359271039271941 9.14174670048242e-06 0.00398031586504884 0 0 1.04477105148371e-05 1.81622299327606e-05 0 0.000288169738642056 0.0218648116224661 0 0.0702569451720606 1.64699885570513e-05 0 0.0421846801879949 0 0 0 0.00671801493252548 1.30596381435463e-05 0 0 0.0159516127602257 0 1.30596381435463e-06 6.52981907177316e-06 0 0 0 0.00362041823327626 0 0 0 0.00127922592423626 6.35070409823211e-05 0 0.000175998487415765 0.000750709302301497 3.9178914430639e-06 0.0241774011155722 0.000475521254132166 0 0.00844194636878508
0.081346352230546 0.00317877271837633 0.00479409286701144 0.000834318485700816 0.0125116175257158 2.15272241234196e-06 0.0613725568487849 0.00407417490372357 0.280981469390033 0.17315556749457 0.00363115087052369 0.00247957036509394 0.285343883324717 0.00850014109578682 6.57008639663612e-06 0.0957601722158772 0 0.00153019388709281 0.190046863880512 0 0 0.0223011780565961 0.166041754563277 2.18332984000559e-06 4.45340072813102e-06 0.0272043083353927 0.00296310236969226 0 3.33732328873186e-06 0 0 0 0.000539297304368532 0.000908328199074976 0 5.58836535169859e-05 0 0 0 0 0 1.02887248038991e-05 0.00630412492182505 0.00015689291720907 3.35804075930069e-05 0.015840416713397 7.64165444001956e-06 0 1.07326691028088e-05 2.18332984000559e-06 0 0 0 0 0 1.40397774976062e-06 6.54998952001677e-06 5.92739312260744e-05 0 0 5.37183638367163e-06 0 0 9.56043137358593e-05 0 0 0.000589295716913751 0 0.000181385543401782 0.00228316338262071 0.00211381251336507 0 0 0.000314887821151008 0.00271641979858613 0 0 0 0 0 0.000954022945375682 0.000278062939844529 0 0.000626507803429821 1.58508803416047e-05 0 0 0 0 0 0.00226656582060431 0 0 5.45832460001397e-06 0 5.57484403197468e-06
0.00109637356596323 0.020210290558239 0.00397980506556033 3.13813811798137e-05 0.00287008418230238 1.35043837760177e-05 0.198725920438466 0.000132871330330591 0.0100367287177044 0.0122411411177017 0.00638125321814777 0.000664413900656149 0.142934136862061 0.0125566840849205 0 0.0166154646891229 0 6.39986122049615e-05 0.162598579936962 0 0.0223011780565961 0 0.141974821374178 1.53846627220391e-06 0.000647172236850843 0.0426703103150019 0.0980866035919427 3.28851453413807e-06 3.98703585730989e-05 2.38876351451513e-05 7.27524143575346e-05 1.7006728443759e-05 0.165581067951554 0.142355973228123 0 0.0744781770633521 0.0268503277245545 2.55515605791163e-05 3.03356140701184e-05 0 0 0.000100362813445702 0.00118735534698654 0.00699093852404138 1.86984040912108e-06 0.00999416831982512 0.00110906726184785 3.90894792629635e-06 2.33730051140135e-06 0 2.19404264772887e-05 0 0 0 0 0 0 0.000138265168476584 0 0 3.6775887000319e-06 1.40238030684081e-06 0 0.000750155428585822 0 0 0.00167546872967928 0 0.000173426912939205 0.00765580820519292 0.00599996471472102 0 0 0.0192870237082363 0.0108704376543516 0 0 0 0 0 0.00255212579700288 0.00099288033732631 0 0.00465097940275992 0.000941111325411695 0 0 0 0 9.34920204560541e-06 0.000649859966097672 3.85559302748363e-05 0 8.12436646112041e-06 0 0
0.00352057957663964 0.000359745490618855 0.0016842790233568 7.27497781357898e-05 0.00228361095367698 3.21445364898846e-06 0.000438381195406534 0.000506220579328814 0.000911222872824216 0.0852643265000512 0.00358685535566804 0.000615358592077532 0.170817806573397 0.00372379731155644 0 0.0470608788524843 0 0.000232483206353957 0.621933919644956 0 0.166041754563277 0.141974821374178 0 2.08463560435898e-06 1.55869025484586e-05 0.0902084606404744 0.207791329744524 0 1.33492931549274e-05 1.80122194897018e-06 2.94915654122921e-05 0 0.00334308177210593 0.0266223638964447 3.15834022904283e-06 0.000674985019466205 0.000291512636863175 0 0 0 0 2.12693278000949e-05 0.0316409974553844 0.00207152687803977 8.6420531189873e-06 0.00553839811728617 0.000210935227287797 0 2.584682026039e-05 3.93651620122232e-06 3.27701599293038e-06 0 4.06046985096095e-06 0 0 4.44646349598644e-06 9.83104797879115e-06 0.000245770092969748 0 0 7.3097351858264e-05 8.09240832194062e-06 0 0.00153310815128512 0 0 0.0164347649319975 0 0.00106216700949738 0.0063872539224265 0.0659723878125638 0 0 0.00595794302602055 0.00582800514144456 0 0 0 0 0 0.00101285643288958 0.000622442027070211 0 0.00100592556008751 5.38237008207527e-05 0 0 0 0 0 0.00875476061451819 0 1.79992855653004e-06 1.69780929195381e-05 0 3.33392822029607e-06
3.12355535564801e-06 6.18858418661708e-06 0.00036436949852906 6.34769863307823e-05 1.53846627220391e-06 0.000130507387890202 7.00728945408129e-06 0.221731061232248 0 9.26798853219081e-06 0.00861722457666522 0.0216205087120273 1.15155399737851e-05 0.000433122372749201 0.0837222826693763 0.000107295693783079 0.00671938426807227 0.115292872447862 0 0.132861739273065 2.18332984000559e-06 1.53846627220391e-06 2.08463560435898e-06 0 9.06879954474276e-06 0 2.36152237829255e-06 0.0880285772198967 1.97635489880671e-05 8.40570242852751e-06 4.61539881661174e-06 1.50682985884509e-05 4.91301775018724e-06 0 0.183999078426993 2.54936202215396e-06 9.21619346633324e-06 0.0911361117842679 0.243171325852523 0.00637551563574417 4.96407857297988e-05 0.0135402282974697 0.00433920744391064 0.000489242893148951 0.0598545662212691 0.0572627245670205 0.00338494527633854 1.23077301776313e-05 3.07693254440783e-06 1.3915289564894e-05 8.29468297508587e-06 0.00146860199939528 2.69767441062201e-05 0.00387540619656079 4.84466957584703e-06 0.00251898887760211 0 4.61539881661174e-06 3.12622015374251e-05 8.16803971673741e-05 0 0.000649997098487392 0.00345816532995329 1.53846627220391e-06 0.00353048824239885 0.000136137727463002 0 0.0227350901630799 0 0 1.53846627220391e-06 0.00926369052436213 4.89687535589724e-05 2.79659263153773e-06 1.86919731059891e-06 0.0264593583488707 5.43412495017319e-06 7.86679268916491e-06 7.69233136101957e-06 2.16029726600177e-06 4.82857385872199e-06 1.32220914704288e-06 0.0107875525880939 2.22671523874841e-06 0 7.97377086804104e-06 0.00344087232768417 0.00374225009856675 3.23755951367201e-05 0.0011091094994744 0.00634874336271275 2.47428504982997e-05 0.0374354722925354 0.00180077480733814 0 0.0237486484563867
3.08129797795e-05 0.348206314591566 9.41823223059065e-05 0 0.000776482062230997 0 0.00287684977093289 3.53715778988007e-06 0 3.65775409722764e-05 0.00122485451437348 0.0001885017039114 3.11738050969171e-05 0.251342302391675 0 0.000135667085046125 0 0 5.02412030278513e-06 0 4.45340072813102e-06 0.000647172236850843 1.55869025484586e-05 9.06879954474276e-06 0 0.000461301977676661 5.64905652077264e-05 0 0.326473051372567 0.0267960550729825 0.404855590458842 0.00844474824461155 0.0593004752707134 9.58663411013804e-05 0 0.0202294328209678 0.0146122353517458 3.52056301163658e-05 1.27505601609403e-05 1.78795561578979e-06 2.34868591023322e-06 4.00806065531792e-05 3.34005054609826e-06 0.000503150560147632 7.79345127422928e-06 0.0496160949882563 0.00129198582191867 0 0 0 2.22670036406551e-06 0 0 0 0 0 0 1.00201516382948e-05 0 0 0 2.22670036406551e-06 0 0.000231262443137874 0 0 0 0 8.23122198165708e-06 9.3099837208996e-06 1.83181634299504e-06 0 0 0.000353302088645147 2.04794883733221e-06 0 0 1.9508363235319e-06 0 0 1.84804282893413e-05 2.43555932907563e-06 0 8.35017470796508e-05 8.69262818746499e-05 0 0 0 0 3.34005054609826e-06 2.22670036406551e-06 6.68010109219653e-06 0 0 0 0
0.00742508817602356 0.000330854671940408 0.000477262404236038 3.58480200243455e-05 0.000291004774009638 0 0.000688994343335208 8.71513128772534e-05 0.00100954065683487 0.041084140549065 9.85494431406386e-05 4.40892253660669e-05 0.00019672709613978 0.000495412089141434 0 0.120328194961028 0 1.93407802372097e-05 0.018232316865782 0 0.0272043083353927 0.0426703103150019 0.0902084606404744 0 0.000461301977676661 0 0.396652022662941 0.000944601086910887 0 0.00464688794733886 0.000111481684488253 3.91458080856729e-06 0.0276051183917662 0.0511487646027788 0 0.0368087582645556 0.0856112018831934 0 2.32253509350526e-06 0 0 0.000983766435587064 0.0445057096913054 0.0128501924957211 4.89636431734094e-05 0.000804374959493962 0.000509590789310697 0 3.37976305891787e-05 0.000169251387020922 0.00148773376518068 0 0 3.25154913090737e-05 2.6516055471588e-06 1.40397774976062e-06 2.32253509350526e-06 0.0018319500845813 0 0 2.10606118991103e-05 7.50453993920519e-05 0 0.0495687431867701 0 0 0.00525703488604174 0 0.00162560644625081 0.0428634454353956 0.0103849187971285 2.32253509350526e-06 0.000119599601541624 0.268154389679825 0.0426322342733703 3.46203446455309e-06 2.59710578531285e-06 0.0022372430346106 2.94457616863244e-05 2.48732397519143e-06 0.0130667888125474 0.00942545259948682 0 0.055956765801604 0.046887394780415 0 0 0 0 0.000708150491660424 0.00143811312753792 0.00395221930413333 0.000158548504475416 0.0003784431838268 0 0
0.000594794396846735 2.75385452645377e-05 1.87098172052055e-05 1.9943997255706e-06 6.16909438983212e-06 0 5.28243189772479e-05 3.24686371393596e-06 5.23141295438429e-05 0.031093121778758 6.79620084733201e-06 7.61122188938867e-06 0.000290804559711714 2.15165040332859e-05 0 0.00805202952847745 0.000289856600580783 0 0.0347403398165446 0.000260551116663961 0.00296310236969226 0.0980866035919427 0.207791329744524 2.36152237829255e-06 5.64905652077264e-05 0.396652022662941 0 0.209836960624406 0 0.0380992198134151 0 0.142007332880092 0.050435960299594 0.42598473241089 5.76139274262048e-06 0.0276194353158622 0.0740093505921393 0 7.21604398998392e-06 0.0514253461434128 6.90554299108848e-05 0.000591029484562521 0.0192771423113095 0.0107990410375313 0.00460946177889617 4.93327197850043e-05 7.07782898629629e-05 0 3.37685314104953e-06 5.70356350524856e-06 8.33199798976742e-05 1.64611221217728e-06 2.46916831826592e-06 0 0 3.0500899619379e-06 0 0.000560409662448512 0 0 1.98368409327698e-05 6.5305809106604e-06 0 0.0024545931192979 3.29976373691644e-06 0 0.00355087915558374 0 0.0014659513402381 0.0175351521589757 0.01707339023187 0 2.46916831826592e-06 0.0614634063998767 0.0396521701501508 0.0116365637401043 0 0.00544355848314911 0 0.00768335888413302 0.0020563637346364 0.010531087767614 0 0.0282236239643158 0.013634811888658 0 0 2.46916831826592e-06 2.28362174918831e-05 6.83693329394078e-05 0.00211301050596906 0.0015579214427182 0.000434546913454978 3.6725072890188e-05 0 0
0 0 0.000137435356631784 3.13090823407205e-05 0 0.000217049596174246 0 0.0546834446650673 0 0 6.57702906827614e-06 0.000428489154214 0 2.96496978376826e-06 0.0149367847856875 4.68754677916216e-05 0.0473623614807065 1.79973453915547e-05 0 0.272431270698126 0 3.28851453413807e-06 0 0.0880285772198967 0 0.000944601086910887 0.209836960624406 0 0 0.0151887155379296 0 0.0574970119519939 0 0.0210334253723068 0.196072043499182 3.10247068048236e-05 0.000901502210375971 0 0.062278635079227 0.399306045191497 0.0185130450816138 0.000419365078017241 0.0330249939025303 4.29157013735795e-05 0.0374199333879132 0.000225516497730419 2.3865878692945e-05 3.92838426375455e-05 3.28851453413807e-06 1.43597276769993e-05 0.000262946791056218 0.000322488349447474 8.91589210116014e-06 0.000535673406466288 7.46089758399574e-06 0.000514170304976547 0 0 2.56177910775182e-05 7.12695552150032e-05 0 0.00042925075788221 0.00346473731423485 0.000130305219903006 0.00105310709627679 0.000264911072891279 0 0.0465581864989656 0 2.19234302275871e-06 0 0.018205267650333 3.21771154258194e-05 6.57702906827614e-06 0.0284480442999571 0.318647011110564 1.29855289265642e-06 0.00861045959090786 9.3787332146633e-06 0.0429299601079054 1.08087604461794e-05 0.00679622278245056 0.0211697550433912 0.000312179493432061 0.00272184631330314 8.28954021147304e-05 0.00373518304987916 0.0408871211973752 0.00664421053305679 0.00153178656314736 0.00523328461471927 5.13446916171117e-05 0.0512986723493469 0.00286807191342745 0 0.00637621578534019
8.89952876995163e-06 0.100845785606903 1.44617342511714e-05 0 0.000680341937919704 0 0.000454729391632799 2.22488219248791e-06 0 4.44976438497582e-05 0.00420131230511181 0.0702910656335215 5.33971726197098e-05 0.126295484635223 0 6.00718191971735e-05 0 3.3621092701883e-06 3.90804286338598e-06 0 3.33732328873186e-06 3.98703585730989e-05 1.33492931549274e-05 1.97635489880671e-05 0.326473051372567 0 0 0 0 0.241313124346729 0.0581804411018172 0.018967374823482 0.138441625257022 0 8.89952876995163e-06 7.65036707339284e-05 3.28427152874104e-05 0 0.000173876826642642 2.90039671203375e-06 5.00616416944418e-05 0 0 4.44976438497582e-06 2.14601485042276e-06 0.0159856814406784 2.83319126627854e-05 0 0 0 0 0 0 0 0 0 0 0 0 0 0 0 0 0 0 0 0 0 0 0 0 0 0 0 0 0 0 0 0 0 0 0 0 0 0 0 0 0 0 0 0 0 0 0 0 0
2.08237023709868e-06 0.00270856300195963 0.00112892422412538 7.80529511220412e-06 0.000112948928350461 3.60244389794036e-06 0.000625096417703348 3.00203658161697e-06 0 4.20285121426376e-06 0.000300127895960395 0.0389315298221747 5.40366584691054e-06 0.0111764837297628 0 0.000644515395187539 0 0 0 0 0 2.38876351451513e-05 1.80122194897018e-06 8.40570242852751e-06 0.0267960550729825 0.00464688794733886 0.0380992198134151 0.0151887155379296 0.241313124346729 0 0.0109271908758195 0.347506909659892 0.177903401989103 0.0701305921529504 0 0.0912275680601927 0.201822178962893 0.00487275751574807 0.00627424104560537 1.19683473269267e-05 0.000408245505786262 0.0183100209089714 0.0197951567003579 0.0315694118319809 0.00964184951261846 0.0279586614963978 0.0130806891952539 0 0 5.41823057031118e-06 6.00407316323394e-06 0 0 0 0 0 0 1.73903501394388e-05 0 0 0 0 0 0.000281630915145165 0 0 0 0 1.40681126508603e-05 4.76272371757161e-06 7.80529511220412e-06 0 2.40162926529358e-06 0.00216702137499624 0.0222099406532863 0.00954964907471914 0 0.0124958953930674 0 0.00878264375423945 0.000209081203441577 0.0131977291435525 0 0.00592842284675315 0.0111262145347141 0 3.5056842383988e-06 1.88771013371434e-06 9.05556755055462e-06 0.000316823504546109 0.00522573141587591 0.00262981910169878 0.000911673510556731 4.84785603889984e-06 0 0
3.12355535564801e-06 0.0154327141505407 4.51873738942875e-05 0 0.00137223891864894 0 0.00197393332378428 0 0 0.000101644698455969 0.00160981147951919 0.000154909087549604 6.58698606286824e-05 0.402206580941777 0 7.31313424918971e-05 0 0 6.05670005135691e-06 0 0 7.27524143575346e-05 2.94915654122921e-05 4.61539881661174e-06 0.404855590458842 0.000111481684488253 0 0 0.0581804411018172 0.0109271908758195 0 0.000278727007603289 0.00425595421137503 3.93220872163894e-05 0 0.00978993387006942 0.0120412402511357 1.83573815031024e-05 1.01825587315441e-05 0 2.34868591023322e-06 0 0 1.02409252786797e-05 0 0.142446448360851 0.0006398629294965 0 0 0 0 0 0 0 0 0 0 2.63320737824707e-06 0 0 0 0 0 2.3426762733747e-05 0 0 0 0 6.52156191407842e-06 8.97215891865652e-06 0 0 0 8.11011863145943e-05 0 0 0 0 0 0 9.87032275955424e-06 1.32220914704288e-06 0 5.67812385880844e-05 6.958025709905e-05 0 0 0 0 0 0 0 0 0 0 0
0 0.00276390363011674 0.00380421110009288 1.06136381004135e-05 1.59204571506203e-06 7.96022857531013e-06 0.00134890056504518 2.39998158434447e-06 0 0 1.59204571506203e-06 0.0749773519531444 0 0.000283603241616309 0 0.00338582383960701 0 0.00109508063849545 0 0 0 1.7006728443759e-05 0 1.50682985884509e-05 0.00844474824461155 3.91458080856729e-06 0.142007332880092 0.0574970119519939 0.018967374823482 0.347506909659892 0.000278727007603289 0 0.0408405537224375 0.0430480186148519 1.59204571506203e-06 0.00370050229885776 0.0236744854373491 0.117943159916677 0.0844507252736691 0.0444684698502168 0.164163185246626 0.0401533727385819 0.0428198424946181 0.00145550367733003 0.163667844957762 0.0107096515701233 0.00168136857369772 0 0 0 1.00829561953928e-05 0 0 0 0 0 0 0 0 0 0 0 0 5.83750095522743e-06 0 0 0 0 3.22243619358163e-06 0 1.59204571506203e-06 0 0 0 0.00650423404218228 0.0247233249232371 0 0.0040880156899473 0 0.0139061348636653 0 0.00212361145093467 0 0.000164247971011489 0.00118916279301923 0 0.000236196138897264 0.000162819595623796 0.00326594595399513 0.000133426494694357 0.00100084537194676 7.18866124167443e-05 0.00769648543026591 0.000156363448834925 0 0
