0 0.154750875837549 0.20628872755835 0.122637219317674 0.141679027987815 0 0.091607583642986 0.0230486051681526 0.0559916678821531 0.237780040835443 0.0534026348889196 0.00196164282043497 0.0217778296086457 0.00933957720349359 0 0.371109227641025 0 0 0.00692819229329634 0 0.0595800083924832 0.00448767218260239 0.0285794666692851 0 0 0 0 0 0 0 0 0 0 0 0 0 0 0 0 0 0 0 0.0046852704523594 0.00200933480766649 0 0.0252417490924249 0.0019110487075774 0 0 0 0 0 0 0 0 0 0 0 0 0 0 0 0 0 0 0 0 0 0.00266936804317651 0 0 0 0 0 0 0 0 0 0 0 0 0 0 0 0 0 0 0 0 0 0 0 0 0 0 0
0.154750875837549 0 0.00159894413621575 0.00173746958231543 0.163474543105039 0 0.417007762457212 0.00156008633081165 0.00755396534566583 0.00983838144232931 0.00803398579132251 0 0.0266581966137108 0.267879377767894 0 0.0109648613369432 0 0 0.00641068631638565 0 0.0154289126710687 0.0241033911734074 0.051593183798388 0 0.350955705048793 0.0127966695354099 0.00448637587301795 0 0.0544468434562976 0.00533742544525528 0.00490248149371739 0.00378166091547593 0.178669446809281 0.00678805061058257 0 0.00511078410756058 0.00565823964319866 0.00234756978113188 0 0 0 0.00167791665944484 0.0160092545152777 0.00721681346584958 0 0.0316920860138299 0 0 0 0.00242045113983097 0 0 0 0 0 0 0 0.00348471621119227 0 0 0 0 0 0.00551478635983114 0 0 0 0 0.0120374571743555 0 0 0 0.00216433190724973 0.00562129888065252 0.00291526334444978 0 0 0 0 0 0 0.00341075952357154 0 0 0 0 0 0 0 0.00189001430001209 0.00478673155630832 0.00565489218842601 0 0 0 0
0.20628872755835 0.00159894413621575 0 0.160948522689571 0.0531246169063906 0.066285321692 0 0.0142518885914547 0 0.0168605055106363 0.0230163332259274 0.00231478142755862 0 0 0 0.198655635357206 0 0 0 0 0.0025596840506827 0 0.00518034641494574 0 0 0 0 0.00394160038127536 0 0.00645926441388123 0 0.0191226808048008 0 0 0.00564764201360709 0 0.00577443841651866 0.00180461387005525 0.00819159119604138 0.00906370821240585 0.0156473568565121 0.0537085506272951 0.00365613260478281 0.00433970506866381 0.0276415981402372 0.108742170446875 0.337760599231303 0 0 0 0 0 0 0 0 0 0 0 0 0 0 0 0 0 0 0 0 0 0 0 0 0 0 0 0 0 0 0 0 0 0 0 0 0 0 0 0 0 0 0 0 0 0.00172815692935349 0 0 0
0.122637219317674 0.00173746958231543 0.160948522689571 0 0.146520469459378 0.414129786617823 0 0.169780849073105 0 0 0.0527403293438718 0.0092829026582703 0 0 0.0662525114362231 0 0.0608995493295951 0 0 0.0318982586728524 0 0 0 0.002530455759806 0 0 0 0 0 0 0 0 0 0 0 0 0 0 0 0 0 0 0 0 0.0226600049179 0.136437963987652 0.0414100851490368 0.0273129624692679 0 0 0 0 0 0.00212642976220363 0 0.00186352960039177 0 0 0 0 0 0 0 0 0.0146435712292382 0 0 0.00294816582551961 0 0 0 0 0 0 0 0 0 0 0 0 0 0 0 0 0 0 0 0 0 0 0 0 0.00244909180892007 0 0 0
0.141679027987815 0.163474543105039 0.0531246169063906 0.146520469459378 0 0 0.00330936567733921 0.0370413685413485 0.00352423924383542 0.0193110702889193 0.19990113193335 0.00637930978156287 0.0124749197445725 0.314057885880934 0 0.0154122567050889 0 0 0.00434226630519127 0 0.0134528728901088 0 0.0174423741493643 0 0.00286065243928861 0 0 0 0.00533586229156809 0 0 0 0 0 0 0 0 0 0 0 0 0 0 0 0 0.0882329834384006 0 0 0 0 0 0 0 0 0 0 0 0 0 0 0 0 0 0 0 0 0 0 0 0 0 0 0 0 0 0 0 0 0 0 0 0 0 0 0 0 0 0 0 0 0 0 0 0 0 0
0 0 0.066285321692 0.414129786617823 0 0 0 0 0 0 0 0 0 0 0.0479165219061643 0 0.45730524658602 0 0 0.167094923642709 0 0 0 0 0 0 0 0 0 0 0 0 0 0 0 0 0 0 0 0 0 0.0641576412966584 0.00343745912378232 0 0.0327569733960988 0.0222096037615815 0.00499556481738599 0.142271202314563 0 0 0 0.00760150819002992 0 0.0345090010433158 0 0 0 0 0 0 0 0 0 0 0.0928446193879918 0 0 0.0115614323132533 0 0 0 0 0 0 0 0 0 0 0 0 0 0 0 0 0 0 0 0 0 0.00208441775134359 0 0 0.00796145467710578 0 0 0.00336691654780627
0.091607583642986 0.417007762457212 0 0 0.00330936567733921 0 0 0 0.28884944808575 0.00348997885493822 0 0 0.0727174410907971 0.007835263630146 0 0.0221337286250511 0 0 0.00488794448594214 0 0.0799421586122327 0.11193404014878 0.0868553533171012 0 0.00693166538800397 0.00960632004883596 0.0028345090744238 0 0 0 0 0 0.0430011848716742 0.0034543828800473 0 0.00512643965542544 0 0 0 0 0 0.00415007798456558 0.00247661523441995 0.0119084113008568 0 0.00295463448001531 0 0 0 0 0 0 0 0 0 0 0 0 0 0 0 0 0 0 0 0 0 0 0.00442223391026778 0 0.00160061540705516 0 0 0.00176412540419638 0 0 0 0 0 0 0 0 0 0 0 0 0 0 0 0 0 0 0 0 0 0
0.0230486051681526 0.00156008633081165 0.0142518885914547 0.169780849073105 0.0370413685413485 0 0 0 0 0.0029507783746275 0.101809401015857 0.118070027159436 0 0 0.0845713983553405 0.00196795105640354 0.00712662201696007 0.207073747138123 0 0.0890753822004678 0.00219916325233954 0 0 0.20557697567905 0 0 0 0.0189551870651303 0 0 0 0 0 0 0.00713731757481706 0 0 0 0.00259781452678868 0 0 0.01041971143041 0.00214812359124752 0 0.152287802554291 0.0849778426424887 0 0.0197036003201594 0 0 0 0 0 0 0 0.00296676337888449 0 0 0 0 0 0 0.00740226797845062 0 0 0 0 0.0045884107447055 0 0 0 0.00184273838531686 0 0 0 0 0 0 0 0 0 0 0 0 0 0 0 0 0 0 0 0 0.0138919973962416 0 0 0.00169368765933726
0.0559916678821531 0.00755396534566583 0 0 0.00352423924383542 0 0.28884944808575 0 0 0.0323597406314738 0 0 0.103502361146646 0.00363462907236051 0 0.00404830705061813 0 0 0.0267123144634076 0 0.296518795851634 0.00642213864834263 0.042835403279449 0 0 0 0 0 0 0 0 0 0 0 0 0 0 0 0 0 0 0 0 0 0 0.00189718410128694 0 0 0 0 0 0 0 0 0 0 0 0 0 0 0 0 0 0 0 0 0 0 0 0 0 0 0 0 0 0 0 0 0 0 0 0 0 0 0 0 0 0 0 0 0 0 0 0 0 0
0.237780040835443 0.00983838144232931 0.0168605055106363 0 0.0193110702889193 0 0.00348997885493822 0.0029507783746275 0.0323597406314738 0 0.0253766528700419 0 0.0308043739556074 0.01753841915887 0 0.298860681793256 0 0 0.0348509126114389 0 0.215247580479797 0.00425649326609678 0.173582873978161 0 0 0.0605208086929836 0.0177664562395065 0 0 0 0 0 0 0.00164187096975142 0 0 0 0 0 0 0 0.00345143945023373 0.0212132151046781 0.0107817194870347 0 0.0438940475067169 0 0 0 0 0 0 0 0 0 0 0 0 0 0 0 0 0 0 0 0 0 0 0.00372293169367325 0 0 0 0 0 0 0 0 0 0 0 0 0 0 0 0 0 0 0 0 0 0.00249303600958088 0 0 0 0 0
0.0534026348889196 0.00803398579132251 0.0230163332259274 0.0527403293438718 0.19990113193335 0 0 0.101809401015857 0 0.0253766528700419 0 0.411163261158882 0.00489978894072379 0.12970832728412 0 0.0316426413844357 0 0.0089609829951917 0.00327531460637751 0.00397638208162148 0.0161321346625788 0 0.0188199591248861 0.0226410083237515 0.00304513380401911 0 0 0.00378508332934328 0.00278703250275011 0 0 0 0 0 0.0108977293545405 0 0 0 0.0153210678799604 0 0 0.0180171098401453 0.00221750327605113 0 0.0289998324253826 0.20526293408816 0.0106600026624229 0 0 0 0 0 0 0 0 0 0 0 0 0 0 0 0 0 0 0 0 0 0 0 0 0 0 0 0 0 0 0 0 0 0 0 0 0 0 0 0 0 0 0 0 0 0 0 0 0
0.00196164282043497 0 0.00231478142755862 0.0092829026582703 0.00637930978156287 0 0 0.118070027159436 0 0 0.411163261158882 0 0 0.0712414881707168 0 0 0 0.336268602388711 0 0.00278751100106015 0 0 0 0.0719154297856404 0 0 0 0.00759883555832198 0.0416027787111238 0.0222699739106073 0 0.0833504406473286 0.0026527309607041 0 0.0257495376802756 0 0 0.245796622208977 0.144274899169799 0.00983273902633986 0.0109075365839959 0.00780382868524999 0 0 0.0270624994006065 0.0280861155868208 0.00540316969279109 0.00153790601592603 0 0 0 0 0 0 0 0 0 0 0 0 0 0 0 0 0 0 0 0 0 0 0 0 0 0 0 0 0 0 0 0 0 0 0 0 0 0 0 0 0 0 0 0 0 0 0 0
0.0217778296086457 0.0266581966137108 0 0 0.0124749197445725 0 0.0727174410907971 0 0.103502361146646 0.0308043739556074 0.00489978894072379 0 0 0.0152814700085831 0 0.0169829030515393 0 0 0.231899635787733 0 0.251971744006771 0.185654740449199 0.259756051425525 0 0 0 0 0 0 0 0 0 0 0 0 0 0 0 0 0 0 0 0 0.00194338875627486 0 0.00514558060766931 0 0 0 0 0 0 0 0 0 0 0 0 0 0 0 0 0 0 0 0 0 0 0 0 0 0 0 0 0 0 0 0 0 0 0 0 0 0 0 0 0 0 0 0 0 0 0 0 0 0
0.00933957720349359 0.267879377767894 0 0 0.314057885880934 0 0.007835263630146 0 0.00363462907236051 0.01753841915887 0.12970832728412 0.0712414881707168 0.0152814700085831 0 0 0.0173675041306457 0 0 0.00433507140922524 0 0.00527554821092029 0.00379104365510537 0.0187691896358444 0.00318464872109959 0.26090998113278 0 0 0 0.159322491707895 0.0115125203794875 0.253861820527213 0.00461076987337356 0.00538480431708923 0 0.0136997982303551 0.00292786099203316 0.00159546187955324 0.0016347999076817 0.0124519025174125 0.00409936895059605 0.00287216413935558 0 0.00185073177469583 0.00501873143851344 0 0.363474157736201 0 0 0 0 0 0 0 0 0 0 0 0 0 0 0 0 0 0 0 0 0 0 0.00189470617517081 0 0 0 0 0 0 0 0 0 0 0 0 0 0 0 0 0 0 0 0 0 0 0 0 0 0 0
0 0 0 0.0662525114362231 0 0.0479165219061643 0 0.0845713983553405 0 0 0 0 0 0 0 0 0.0518948746153643 0 0 0.467121256116258 0 0 0 0.170993860477199 0 0 0 0.00799504315301209 0 0 0 0 0 0 0.0221970696546332 0 0 0 0 0 0 0 0 0 0.141774135885604 0.0138466256495716 0 0.0170137017880976 0 0 0 0.0047628380270264 0 0.00307910560838006 0 0.0120693514446139 0 0 0 0 0 0 0.0325612311635362 0 0.0150728436304268 0.00182157491859033 0 0.0169426574860424 0 0 0 0.00381976447605949 0 0 0 0.00169948189521038 0 0 0 0 0 0 0 0 0 0 0 0 0 0 0 0 0.0792288036816225 0 0 0.00324336931251314
0.371109227641025 0.0109648613369432 0.198655635357206 0 0.0154122567050889 0 0.0221337286250511 0.00196795105640354 0.00404830705061813 0.298860681793256 0.0316426413844357 0 0.0169829030515393 0.0173675041306457 0 0 0 0 0.0110880219382044 0 0.0524573589630446 0.0372251022436558 0.0838951898595579 0 0.0161518982529912 0.128583226868474 0.0171655929529442 0 0 0.00620171970350561 0.00408564420083359 0.0106541186460164 0.0198832045117134 0.0224865827524215 0 0.013831659047793 0.0304789026899275 0 0.00571357683329868 0.00376495214395155 0.0151901732899883 0.0606473319520671 0.204983005546688 0.461247472743954 0.0144367199842784 0.0503217734706296 0.0558626157644423 0 0 0.00346143808876032 0 0 0 0 0 0 0 0.00252504512580967 0 0 0 0 0 0.00519467071321357 0 0 0 0 0.0186421488769721 0 0.00252721601991017 0 0.00409216090020898 0.0105086193175437 0.00406600235574702 0 0 0 0 0 0 0.0114098392338239 0 0 0.00318939741731799 0 0 0 0 0 0.00828496683741984 0.00722906537969825 0 0 0 0
0 0 0 0.0608995493295951 0 0.45730524658602 0 0.00712662201696007 0 0 0 0 0 0 0.0518948746153643 0 0 0 0 0.212870845315724 0 0 0 0 0 0 0 0.0432706101103847 0 0 0 0 0 0 0 0 0 0 0 0 0 0 0 0 0.0217180092501609 0 0 0.198489091547346 0 0 0 0.0172232954649781 0 0.0353327336404644 0 0.00720924425941253 0 0 0 0 0 0 0.0200686252129706 0 0.205105412266564 0 0 0.034783255553268 0 0 0 0 0 0 0 0 0 0 0 0 0 0 0 0 0 0 0 0 0 0 0 0 0.0162715929914059 0 0 0.0108768863136597
0 0 0 0 0 0 0 0.207073747138123 0 0 0.0089609829951917 0.336268602388711 0 0 0 0 0 0 0 0.00378857267882768 0 0 0 0.177014508748826 0 0 0 0.00317318149664003 0 0 0 0 0 0 0.00438024253050106 0 0 0.0270543301986776 0.0788285096436045 0 0 0.00514690058862458 0 0 0.0365029127167972 0.0137812272745497 0.00273142366309097 0 0 0 0 0 0 0 0 0 0 0 0 0 0 0 0 0 0 0 0 0 0 0 0 0 0 0 0 0 0 0 0 0 0 0 0 0 0 0 0 0 0 0 0 0 0.00162682826270896 0 0 0
0.00692819229329634 0.00641068631638565 0 0 0.00434226630519127 0 0.00488794448594214 0 0.0267123144634076 0.0348509126114389 0.00327531460637751 0 0.231899635787733 0.00433507140922524 0 0.0110880219382044 0 0 0 0 0.143898022166506 0.210993280814647 0.522945518089495 0 0 0.0074607972529107 0.0110814530028307 0 0 0 0 0 0.00288220580967485 0.016353992366 0 0.00323425318892253 0 0 0 0 0 0 0 0.0016370382619159 0 0.00283366825972006 0 0 0 0 0 0 0 0 0 0 0 0 0 0 0 0 0 0 0 0 0.00273174478773621 0 0 0.00266801817720035 0.0045597897411155 0 0 0.00211751656084186 0 0 0 0 0 0 0 0 0 0 0 0 0 0 0 0 0 0 0 0 0 0
0 0 0 0.0318982586728524 0 0.167094923642709 0 0.0890753822004678 0 0 0.00397638208162148 0.00278751100106015 0 0 0.467121256116258 0 0.212870845315724 0.00378857267882768 0 0 0 0 0 0.208769442538649 0 0 0 0.239617415466614 0 0 0 0 0 0 0.156481280008906 0 0 0 0.0532437247012812 0.00426397893236 0 0.00245119592164465 0 0 0.109290060169908 0.0105024615359764 0 0.0224181366191765 0 0 0 0.00742876859863603 0 0.00514593204348321 0 0.018568257280639 0 0 0 0 0 0 0.108963092242283 0 0.0379482025736689 0.00189126436434473 0 0.0493837193395985 0 0 0 0.0176272912320271 0 0 0 0.028243542843901 0 0 0 0 0 0 0.0103588361820162 0 0 0 0 0 0 0 0 0 0.0653025829792855 0 0 0
0.0595800083924832 0.0154289126710687 0.0025596840506827 0 0.0134528728901088 0 0.0799421586122327 0.00219916325233954 0.296518795851634 0.215247580479797 0.0161321346625788 0 0.251971744006771 0.00527554821092029 0 0.0524573589630446 0 0 0.143898022166506 0 0 0.0125811741182114 0.336589195920734 0 0 0.0163730808972471 0.00167544930895056 0 0 0 0 0 0 0 0 0 0 0 0 0 0 0.00520175526280044 0.0211636310403528 0.00263710355446108 0 0.00537614472004596 0 0 0 0 0 0 0 0 0 0 0 0 0 0 0 0 0 0.00179979192501775 0 0 0 0 0.00184946713757322 0 0 0 0 0 0 0 0 0 0 0 0 0 0 0 0 0 0 0 0 0 0.00540440908299806 0 0 0 0 0
0.00448767218260239 0.0241033911734074 0 0 0 0 0.11193404014878 0 0.00642213864834263 0.00425649326609678 0 0 0.185654740449199 0.00379104365510537 0 0.0372251022436558 0 0 0.210993280814647 0 0.0125811741182114 0 0.191007607712754 0 0 0.0225473214785856 0.0730978902339879 0 0 0 0 0 0.158427568462286 0.132386278838252 0 0.0784892635837178 0.0158580641820964 0 0 0 0 0.00430094355564259 0.00466787257527542 0.0103806325399651 0 0.00158922095374108 0 0 0 0 0 0 0 0 0.00224584432380906 0 0 0 0 0 0 0 0 0.00689175596951972 0 0 0.00334031283531318 0 0.00213442868996173 0.0156664207910972 0.0204518379039763 0 0 0.0188717704230431 0.0038263080607606 0 0 0 0 0 0 0.00188455793567972 0 0 0 0 0 0 0 0 0.00291957215286981 0 0 0 0 0
0.0285794666692851 0.051593183798388 0.00518034641494574 0 0.0174423741493643 0 0.0868553533171012 0 0.042835403279449 0.173582873978161 0.0188199591248861 0 0.259756051425525 0.0187691896358444 0 0.0838951898595579 0 0 0.522945518089495 0 0.336589195920734 0.191007607712754 0 0 0.00310322036430129 0.0541206869780781 0.175690730844419 0 0 0 0 0 0.0264649775695995 0.0512656462124163 0 0.0169241314179317 0.00158071312423844 0 0 0 0 0.0189454723949027 0.0362213915240652 0.0247264244445742 0 0.0118270631260524 0 0 0 0.00173457469572195 0 0 0 0 0.0035254358726199 0 0 0.00587488764226704 0 0 0.0030270364824872 0 0 0.0206274149609089 0 0 0.0137133063962788 0 0.0231968536745469 0.0126274058799269 0.107560911977473 0 0 0.0146859503017638 0.00195195349816181 0 0 0 0 0 0 0.00207204340302997 0 0 0 0 0 0 0 0 0.0112705226375311 0.00240049229220111 0 0 0 0
0 0 0 0.002530455759806 0 0 0 0.20557697567905 0 0 0.0226410083237515 0.0719154297856404 0 0.00318464872109959 0.170993860477199 0 0 0.177014508748826 0 0.208769442538649 0 0 0 0 0 0 0 0.0525699005332926 0 0 0 0 0 0 0.169727695461908 0 0 0.0226003778400609 0.240006662916979 0 0 0.00487397199829278 0 0 0.0770402499686573 0.0209472271953017 0.00450100777504629 0.00508300372997524 0 0 0 0 0 0 0 0.00242734684143932 0 0 0 0 0 0 0.0110099225317446 0 0 0 0 0.00450973868744184 0 0 0 0.0052808091516518 0 0 0 0.00325836422239233 0 0 0 0 0 0 0.00337437401360127 0 0 0 0 0 0 0 0 0 0.0264722063687895 0 0 0
0 0.350955705048793 0 0 0.00286065243928861 0 0.00693166538800397 0 0 0 0.00304513380401911 0 0 0.26090998113278 0 0.0161518982529912 0 0 0 0 0 0 0.00310322036430129 0 0 0.00788894208496367 0.00465398835337744 0 0.309943228773247 0.00667665302636622 0.395481408004606 0.0038585283066504 0.0583893055525266 0.00481478226384308 0 0.00169858049318858 0.00339472428489486 0 0 0 0 0.00249493387820098 0.0123371627615876 0.00369559564073016 0 0.085627933010847 0.00221204002127021 0 0 0 0 0 0 0 0 0 0 0 0 0 0 0 0 0 0 0 0 0 0.00229289614760817 0 0 0 0 0.00449303901331846 0.00233388349509489 0 0 0 0 0 0 0.0020125284036733 0 0 0 0 0 0 0 0 0.00181445150607433 0.00259811435540681 0 0 0 0
0 0.0127966695354099 0 0 0 0 0.00960632004883596 0 0 0.0605208086929836 0 0 0 0 0 0.128583226868474 0 0 0.0074607972529107 0 0.0163730808972471 0.0225473214785856 0.0541206869780781 0 0.00788894208496367 0 0.405708073125286 0 0.00169443233260873 0.00255348473507749 0 0.00351663508631999 0.0111100792050202 0.0536574546484751 0 0.00387342628390694 0.0113941884043618 0 0 0 0 0.011644813132651 0.0477457142365767 0.0141434680464109 0 0 0 0 0 0.00235392401375413 0 0 0 0 0.00191728363087152 0 0 0.00244073974454707 0 0 0 0 0 0.10839918377639 0 0 0.00655372414324972 0 0.00860604887449849 0.0131565908810266 0.0168101515960027 0 0.00240415724268399 0.264259571195398 0.0611662399002424 0.00737709568751248 0 0 0 0 0 0.0387272615039224 0 0 0.00668606337120487 0 0 0 0 0.00175210217425142 0.00258862633778244 0.0104933142799643 0 0 0 0
0 0.00448637587301795 0 0 0 0 0.0028345090744238 0 0 0.0177664562395065 0 0 0 0 0 0.0171655929529442 0 0 0.0110814530028307 0 0.00167544930895056 0.0730978902339879 0.175690730844419 0 0.00465398835337744 0.405708073125286 0 0.173617007811254 0.0019328010185369 0.0259527064754284 0 0.223574235654393 0.047102782017306 0.449984351257672 0 0.0686770407449072 0.0577794358791809 0 0 0.0544030705452041 0 0.00434670762986526 0.01310493001014 0.00389145474180146 0.0144881678575646 0.00237794759873042 0 0 0 0 0 0 0 0 0 0 0 0 0 0 0 0 0 0.0162527234357894 0 0 0.0031329531226004 0 0.00223499292347382 0.0093161722688197 0.0126607853282594 0 0 0.0763884013480707 0.0407512229026455 0.0133017281019883 0 0 0 0 0 0.0234829882151812 0 0 0 0 0 0 0 0 0.00165663880651301 0.00436454362145894 0.00198055914098287 0 0 0
0 0 0.00394160038127536 0 0 0 0 0.0189551870651303 0 0 0.00378508332934328 0.00759883555832198 0 0 0.00799504315301209 0 0.0432706101103847 0.00317318149664003 0 0.239617415466614 0 0 0 0.0525699005332926 0 0 0.173617007811254 0 0 0.00391508336404388 0 0.082120369344481 0 0.00585745349727114 0.0577594595971228 0 0 0 0.0350581814205518 0.269020041314503 0.00553849889387017 0.00626614623632196 0.080412089915009 0 0.229379067999066 0.0116564530105742 0.0176879090999545 0.0968211760355434 0 0 0 0 0 0 0 0.00561946950372506 0 0 0 0 0 0 0.0591696177846987 0 0 0 0 0.0538281478811567 0 0 0 0.027057268245498 0 0 0.00257922145351467 0.233192365244626 0 0 0 0.0201071921367979 0 0 0.0361618941070988 0 0 0 0.00421830565425265 0.0605691663004763 0.00475168147955996 0 0 0 0.0759561688428964 0.00326263820852546 0 0
0 0.0544468434562976 0 0 0.00533586229156809 0 0 0 0 0 0.00278703250275011 0.0416027787111238 0 0.159322491707895 0 0 0 0 0 0 0 0 0 0 0.309943228773247 0.00169443233260873 0.0019328010185369 0 0 0.172067434046535 0.0522699699717703 0.0375882490062908 0.14464359602496 0.0015574707940536 0 0 0 0.00186137957281138 0.00196475476731582 0 0 0 0 0 0 0.0396575524397977 0 0 0 0 0 0 0 0 0 0 0 0 0 0 0 0 0 0 0 0 0 0 0 0 0 0 0 0 0 0 0 0 0 0 0 0 0 0 0 0 0 0 0 0 0 0 0 0 0 0
0 0.00533742544525528 0.00645926441388123 0 0 0 0 0 0 0 0 0.0222699739106073 0 0.0115125203794875 0 0.00620171970350561 0 0 0 0 0 0 0 0 0.00667665302636622 0.00255348473507749 0.0259527064754284 0.00391508336404388 0.172067434046535 0 0 0.396787456047297 0.153943891385944 0.0870797213292038 0 0.0985312029234779 0.267218175177352 0.00500615455306499 0.00202726371006925 0 0.00418430258788071 0.0140522746552888 0.0201530809257608 0.00186763058682878 0.0518588480684129 0.0479469857171534 0.00622164283193754 0 0 0 0 0 0 0 0 0 0 0 0 0 0 0 0 0 0 0 0 0 0 0 0 0 0 0 0 0 0 0 0 0 0 0 0 0 0 0 0 0 0 0 0.00168193830099778 0.00169434637920585 0 0 0 0
0 0.00490248149371739 0 0 0 0 0 0 0 0 0 0 0 0.253861820527213 0 0.00408564420083359 0 0 0 0 0 0 0 0 0.395481408004606 0 0 0 0.0522699699717703 0 0 0 0 0 0 0 0 0 0 0 0 0 0 0 0 0.108334644731394 0.00308990443087871 0 0 0 0 0 0 0 0 0 0 0 0 0 0 0 0 0 0 0 0 0 0 0 0 0 0 0 0 0 0 0 0 0 0 0 0 0 0 0 0 0 0 0 0 0 0 0 0 0
0 0.00378166091547593 0.0191226808048008 0 0 0 0 0 0 0 0 0.0833504406473286 0 0.00461076987337356 0 0.0106541186460164 0 0 0 0 0 0 0 0 0.0038585283066504 0.00351663508631999 0.223574235654393 0.082120369344481 0.0375882490062908 0.396787456047297 0 0 0.0187159869359956 0.0313294993809682 0 0 0.0524675147899019 0.100091037697417 0.0592556863478535 0.0723061854217519 0.0848650928368837 0.0117725748142851 0.0198511644757702 0 0.151707973031508 0.0488689292850307 0.0168051888932336 0 0 0 0 0 0 0 0 0 0 0 0 0 0 0 0 0 0 0 0 0 0 0 0 0 0 0 0 0.0109811408817265 0 0 0 0.00356737393274946 0 0 0 0 0 0 0 0.00252645102889473 0 0 0 0 0.00395989145883264 0 0 0
0 0.178669446809281 0 0 0 0 0.0430011848716742 0 0 0 0 0.0026527309607041 0 0.00538480431708923 0 0.0198832045117134 0 0 0.00288220580967485 0 0 0.158427568462286 0.0264649775695995 0 0.0583893055525266 0.0111100792050202 0.047102782017306 0 0.14464359602496 0.153943891385944 0 0.0187159869359956 0 0.0717961418991573 0 0.410084034422464 0.0401550847285792 0.0103743812015541 0.00429106599282114 0 0 0.00206169825833905 0.00470573970233508 0.00510153638131185 0 0.0102672609838385 0 0 0 0 0 0 0 0 0 0 0 0 0 0 0 0 0 0 0 0 0 0 0 0.0018952293410897 0.00337789557619483 0 0 0.00449370534140637 0 0 0 0 0 0 0 0 0 0 0 0 0 0 0 0 0 0 0 0 0 0
0 0.00678805061058257 0 0 0 0 0.0034543828800473 0 0 0.00164187096975142 0 0 0 0 0 0.0224865827524215 0 0 0.016353992366 0 0 0.132386278838252 0.0512656462124163 0 0.00481478226384308 0.0536574546484751 0.449984351257672 0.00585745349727114 0.0015574707940536 0.0870797213292038 0 0.0313294993809682 0.0717961418991573 0 0 0.136405350866328 0.252724415614191 0 0 0.00198321875960857 0 0.00511885946656584 0.0166716323150467 0.00813195899357797 0.00285945337333555 0.00297243908445781 0 0 0 0.00253847348799066 0 0 0 0 0 0 0 0.00234853928834911 0 0 0 0 0 0.00575082850382329 0 0 0 0 0.00540395279078191 0.00341726320558228 0.00538112800169869 0 0.00206699651439007 0.027397945428414 0.010989552817796 0 0 0 0 0 0 0.00257468431226276 0 0 0 0 0 0 0 0.00216743235328282 0.00516321198551479 0.00852271554547774 0 0.00194301582474881 0 0
0 0 0.00564764201360709 0 0 0 0 0.00713731757481706 0 0 0.0108977293545405 0.0257495376802756 0 0.0136997982303551 0.0221970696546332 0 0 0.00438024253050106 0 0.156481280008906 0 0 0 0.169727695461908 0 0 0 0.0577594595971228 0 0 0 0 0 0 0 0 0 0 0.264366864259587 0.27898911029927 0.0476422653570937 0.01307555909638 0 0 0.106131836118288 0.0378650033128177 0.0356046950409694 0.00545737931897816 0 0 0 0 0 0 0 0 0 0 0 0 0 0 0 0 0 0 0 0 0 0 0 0.00168334588254182 0 0 0 0.00380934033304976 0 0 0 0 0 0 0.00247471366031127 0 0 0 0 0 0 0 0 0 0.00529485796490916 0 0 0
0 0.00511078410756058 0 0 0 0 0.00512643965542544 0 0 0 0 0 0 0.00292786099203316 0 0.013831659047793 0 0 0.00323425318892253 0 0 0.0784892635837178 0.0169241314179317 0 0.00169858049318858 0.00387342628390694 0.0686770407449072 0 0 0.0985312029234779 0 0 0.410084034422464 0.136405350866328 0 0 0.151796693337055 0 0 0 0 0 0 0.00334148136544891 0 0.00999109552105066 0 0 0 0 0 0 0 0 0 0 0 0 0 0 0 0 0 0 0 0 0 0 0 0 0.00275377748816232 0 0 0.00270222874569014 0 0 0 0 0 0 0 0 0 0 0 0 0 0 0 0 0 0 0 0 0 0
0 0.00565823964319866 0.00577443841651866 0 0 0 0 0 0 0 0 0 0 0.00159546187955324 0 0.0304789026899275 0 0 0 0 0 0.0158580641820964 0.00158071312423844 0 0.00339472428489486 0.0113941884043618 0.0577794358791809 0 0 0.267218175177352 0 0.0524675147899019 0.0401550847285792 0.252724415614191 0 0.151796693337055 0 0 0 0 0 0.0244423801471145 0.0238892429631135 0.00646551773427149 0.00995255050458245 0.0827220587226256 0.00680973177309125 0 0 0 0 0 0 0 0 0 0 0 0 0 0 0 0 0.00220194028211123 0 0 0 0 0.00243227006480881 0 0 0 0 0.00522900661377004 0.00306429045847372 0 0 0 0 0 0 0 0 0 0 0 0 0 0 0 0.00252834126797224 0.00337553001610745 0 0 0 0
0 0.00234756978113188 0.00180461387005525 0 0 0 0 0 0 0 0 0.245796622208977 0 0.0016347999076817 0 0 0 0.0270543301986776 0 0 0 0 0 0.0226003778400609 0 0 0 0 0.00186137957281138 0.00500615455306499 0 0.100091037697417 0.0103743812015541 0 0 0 0 0 0.352615104737062 0 0.0034334940757472 0.00246126812954618 0 0 0.0111210399455124 0.00745203965666426 0.00956040746565646 0 0 0 0 0 0 0 0 0 0 0 0 0 0 0 0 0 0 0 0 0 0 0 0 0 0 0 0 0 0 0 0 0 0 0 0 0 0 0 0 0 0 0 0 0 0 0 0 0
0 0 0.00819159119604138 0 0 0 0 0.00259781452678868 0 0 0.0153210678799604 0.144274899169799 0 0.0124519025174125 0 0.00571357683329868 0 0.0788285096436045 0 0.0532437247012812 0 0 0 0.240006662916979 0 0 0 0.0350581814205518 0.00196475476731582 0.00202726371006925 0 0.0592556863478535 0.00429106599282114 0 0.264366864259587 0 0 0.352615104737062 0 0.133787213048915 0.351995672714867 0.00697056175706251 0 0 0.0612587298572946 0.0452039996915916 0.032799629979103 0.00771623708064691 0 0 0 0 0 0 0 0 0 0 0 0 0 0 0 0 0 0 0 0 0 0 0 0 0 0 0 0.00182834565914005 0 0 0 0 0 0 0 0 0 0 0 0.00157024814557124 0 0 0 0 0.00197081326518983 0 0 0
0 0 0.00906370821240585 0 0 0 0 0 0 0 0 0.00983273902633986 0 0.00409936895059605 0 0.00376495214395155 0 0 0 0.00426397893236 0 0 0 0 0 0 0.0544030705452041 0.269020041314503 0 0 0 0.0723061854217519 0 0.00198321875960857 0.27898911029927 0 0 0 0.133787213048915 0 0.119896241051374 0.0203178050606262 0.00227309301646984 0 0.234513146725403 0.0451602775085971 0.0603165895715339 0.00399289145106458 0 0 0 0 0 0 0 0 0 0 0 0 0 0 0 0 0 0 0 0 0 0 0 0 0 0 0 0.0202352527714377 0 0 0 0.00228143495653494 0 0 0 0 0 0 0 0.0130108291008342 0.00315659517280341 0 0 0 0.0208159537620284 0.0021323865616549 0 0
0 0 0.0156473568565121 0 0 0 0 0 0 0 0 0.0109075365839959 0 0.00287216413935558 0 0.0151901732899883 0 0 0 0 0 0 0 0 0 0 0 0.00553849889387017 0 0.00418430258788071 0 0.0848650928368837 0 0 0.0476422653570937 0 0 0.0034334940757472 0.351995672714867 0.119896241051374 0 0.00988982581731252 0 0 0.045551337017042 0.0801377601674124 0.0455347673440004 0 0 0 0 0 0 0 0 0 0 0 0 0 0 0 0 0 0 0 0 0 0 0 0 0 0 0 0 0 0 0 0 0 0 0 0 0 0 0 0 0.00265978392741179 0 0 0 0 0 0 0 0
0 0.00167791665944484 0.0537085506272951 0 0 0.0641576412966584 0.00415007798456558 0.01041971143041 0 0.00345143945023373 0.0180171098401453 0.00780382868524999 0 0 0 0.0606473319520671 0 0.00514690058862458 0 0.00245119592164465 0.00520175526280044 0.00430094355564259 0.0189454723949027 0.00487397199829278 0.00249493387820098 0.011644813132651 0.00434670762986526 0.00626614623632196 0 0.0140522746552888 0 0.0117725748142851 0.00206169825833905 0.00511885946656584 0.01307555909638 0 0.0244423801471145 0.00246126812954618 0.00697056175706251 0.0203178050606262 0.00988982581731252 0 0.366082820076363 0.164214406714246 0.356933657638678 0.0850292565046769 0.0649081275353032 0.0422793144246116 0 0 0 0 0 0 0 0 0 0 0 0 0 0 0 0.0152128946745084 0 0 0 0 0.00157149823290066 0 0.00349474085265448 0 0 0 0.00208565202481093 0.00159370678453632 0 0 0 0 0 0.00335423370598741 0 0 0 0 0 0 0.00192714436087525 0.113328258569454 0.0388775337294016 0 0.0034775456669452 0 0.00196229946601297 0
0.0046852704523594 0.0160092545152777 0.00365613260478281 0 0 0.00343745912378232 0.00247661523441995 0.00214812359124752 0 0.0212132151046781 0.00221750327605113 0 0 0.00185073177469583 0 0.204983005546688 0 0 0 0 0.0211636310403528 0.00466787257527542 0.0362213915240652 0 0.0123371627615876 0.0477457142365767 0.01310493001014 0.080412089915009 0 0.0201530809257608 0 0.0198511644757702 0.00470573970233508 0.0166716323150467 0 0 0.0238892429631135 0 0 0.00227309301646984 0 0.366082820076363 0 0.162595631783264 0.211445308000167 0.01558178573121 0 0.0699972683901553 0 0.00285863426639883 0 0 0 0 0 0 0 0.00259508969540497 0 0 0 0 0 0.0031325894358983 0 0 0 0 0.0265038143655933 0 0.00366462831709448 0 0.00398196101891862 0 0.00607235791975723 0.108286989868175 0 0.00547798180952559 0 0.0143500437077387 0 0.0152059623753343 0 0 0 0 0 0 0 0.00321998327941202 0.0936370374928142 0.00872629474893658 0.0161024208086073 0.00154300512344574 0 0
0.00200933480766649 0.00721681346584958 0.00433970506866381 0 0 0 0.0119084113008568 0 0 0.0107817194870347 0 0 0.00194338875627486 0.00501873143851344 0 0.461247472743954 0 0 0.0016370382619159 0 0.00263710355446108 0.0103806325399651 0.0247264244445742 0 0.00369559564073016 0.0141434680464109 0.00389145474180146 0 0 0.00186763058682878 0 0 0.00510153638131185 0.00813195899357797 0 0.00334148136544891 0.00646551773427149 0 0 0 0 0.164214406714246 0.162595631783264 0 0.00308857687794217 0.00790718396969229 0 0 0 0.00303693059904231 0 0 0 0 0 0 0 0.00180590822265068 0 0 0 0 0 0.00255786012620254 0 0 0 0 0.00985664192106357 0 0 0 0.00390250803524654 0.00721064509954695 0.00366568594225407 0 0 0 0 0 0 0.0105570343520452 0 0 0.00170248784740111 0 0 0 0 0 0.00589467956963882 0.00591418295367625 0 0 0 0
0 0 0.0276415981402372 0.0226600049179 0 0.0327569733960988 0 0.152287802554291 0 0 0.0289998324253826 0.0270624994006065 0 0 0.141774135885604 0.0144367199842784 0.0217180092501609 0.0365029127167972 0 0.109290060169908 0 0 0 0.0770402499686573 0 0 0.0144881678575646 0.229379067999066 0 0.0518588480684129 0 0.151707973031508 0 0.00285945337333555 0.106131836118288 0 0.00995255050458245 0.0111210399455124 0.0612587298572946 0.234513146725403 0.045551337017042 0.356933657638678 0.211445308000167 0.00308857687794217 0 0.0972207914481343 0.108475752946512 0.244806315707226 0 0 0 0.00253359879135819 0 0 0 0.0145895612922839 0 0 0 0 0 0 0.109548256005542 0 0.00210125396485899 0.00184664873795041 0 0.019884889270233 0 0 0 0.0382877930079364 0 0 0.00242430732686124 0.0435593780302486 0 0 0 0.00724020661445683 0 0 0.010573547677293 0 0 0 0.00307355863669575 0.0348441247140525 0.00524861418871736 0.00552452187454259 0 0 0.0830644443329661 0.00194571631205557 0 0.00331069704550906
0.0252417490924249 0.0316920860138299 0.108742170446875 0.136437963987652 0.0882329834384006 0.0222096037615815 0.00295463448001531 0.0849778426424887 0.00189718410128694 0.0438940475067169 0.20526293408816 0.0280861155868208 0.00514558060766931 0.363474157736201 0.0138466256495716 0.0503217734706296 0 0.0137812272745497 0.00283366825972006 0.0105024615359764 0.00537614472004596 0.00158922095374108 0.0118270631260524 0.0209472271953017 0.085627933010847 0 0.00237794759873042 0.0116564530105742 0.0396575524397977 0.0479469857171534 0.108334644731394 0.0488689292850307 0.0102672609838385 0.00297243908445781 0.0378650033128177 0.00999109552105066 0.0827220587226256 0.00745203965666426 0.0452039996915916 0.0451602775085971 0.0801377601674124 0.0850292565046769 0.01558178573121 0.00790718396969229 0.0972207914481343 0 0.354932825104994 0.00736711736843843 0 0 0 0 0 0 0 0 0 0 0 0 0 0 0 0 0 0 0 0 0 0 0 0 0 0 0 0.00343874973522717 0 0 0 0.00199444291980895 0 0 0 0 0 0 0 0.00505580060139477 0 0.00225170545001198 0 0 0.00525879306209174 0 0 0
0.0019110487075774 0 0.337760599231303 0.0414100851490368 0 0.00499556481738599 0 0 0 0 0.0106600026624229 0.00540316969279109 0 0 0 0.0558626157644423 0 0.00273142366309097 0 0 0 0 0 0.00450100777504629 0.00221204002127021 0 0 0.0176879090999545 0 0.00622164283193754 0.00308990443087871 0.0168051888932336 0 0 0.0356046950409694 0 0.00680973177309125 0.00956040746565646 0.032799629979103 0.0603165895715339 0.0455347673440004 0.0649081275353032 0 0 0.108475752946512 0.354932825104994 0 0.00288236690538083 0 0 0 0 0 0 0 0 0 0 0 0 0 0 0 0 0 0 0 0 0 0 0 0 0 0 0 0 0 0 0 0 0 0 0 0 0 0 0 0.00157134397420358 0 0.004338945230974 0 0 0.00254755952998251 0 0 0
0 0 0 0.0273129624692679 0 0.142271202314563 0 0.0197036003201594 0 0 0 0 0 0 0.0170137017880976 0 0.198489091547346 0 0 0.0224181366191765 0 0 0 0.00508300372997524 0 0 0 0.0968211760355434 0 0 0 0 0 0 0.00545737931897816 0 0 0 0.00771623708064691 0.00399289145106458 0 0.0422793144246116 0.0699972683901553 0 0.244806315707226 0.00736711736843843 0.00288236690538083 0 0 0 0 0 0 0 0 0 0 0 0 0 0 0 0 0 0.0030325142143656 0 0 0.00493143189901807 0 0 0 0.00303234347683078 0 0 0 0.0349988832865308 0 0 0 0 0 0 0.0062150568865688 0 0 0 0.0064107607574206 0.0144359720972796 0 0.00613110861115717 0.0247717946567158 0 0.140422669046463 0 0 0.0163417203585569
0 0 0 0 0 0 0 0 0 0 0 0 0 0 0 0 0 0 0 0 0 0 0 0 0 0 0 0 0 0 0 0 0 0 0 0 0 0 0 0 0 0 0 0 0 0 0 0 0 0.18934045746134 0.136378943377646 0.124498205212306 0.035872236026768 0.00374802730363056 0.122186375385112 0.0497772877129376 0.0473859851497166 0.224725557367867 0.0559616115730764 0.0126342350255815 0.0211148366373934 0.0193908512491683 0 0.372249446422211 0 0.00571593195041985 0.0174674221910575 0 0.0262854427409408 0 0.0211053677084626 0 0.00252348531428019 0 0.0035740284916711 0 0 0 0 0 0 0 0 0 0 0 0 0 0 0.00304514902466213 0.00358745314724851 0.00555816993188707 0 0.0353468640810629 0.00628124245010835 0
0 0.00242045113983097 0 0 0 0 0 0 0 0 0 0 0 0 0 0.00346143808876032 0 0 0 0 0 0 0.00173457469572195 0 0 0.00235392401375413 0 0 0 0 0 0 0 0.00253847348799066 0 0 0 0 0 0 0 0 0.00285863426639883 0.00303693059904231 0 0 0 0 0.18934045746134 0 0.00292366625825295 0.00495288358833614 0.126850127535952 0 0.369405223691151 0.0178404251185507 0.0041450919392992 0.0719636357631016 0.0446629480340598 0.0173465212357121 0.0259530042268089 0.221708813123383 0 0.0114565455159629 0 0.00304472534735833 0.020466429048074 0 0.020464255719492 0.0252504136124462 0.0279280736429128 0 0.394484296044701 0.0081930898861509 0.00203768926318038 0 0.085524329174884 0.0112472235203881 0.0328364929681192 0.00371412045866088 0.181758937951616 0.00562824937598515 0 0.00462258850376986 0.00829814724446451 0.00201941911849216 0 0 0 0 0.00191439838968546 0.0120735131934612 0 0.0206816979588004 0.00403457886154117 0
0 0 0 0 0 0 0 0 0 0 0 0 0 0 0 0 0 0 0 0 0 0 0 0 0 0 0 0 0 0 0 0 0 0 0 0 0 0 0 0 0 0 0 0 0 0 0 0 0.136378943377646 0.00292366625825295 0 0.171655090129322 0.0828667482944856 0.28654961130235 0.00160731500553253 0.0528013005408946 0 0.0720233975684332 0.0192838279422904 0.00261386419377817 0.0026162842396814 0.00708929127629759 0 0.111971685497969 0 0.00325791855562205 0.00196728001190545 0 0.0031460982872032 0 0.00285842837600895 0 0.00271548137625127 0 0 0 0 0.00261373178082956 0.00305528311938765 0 0.00251562026221565 0.00333033557227827 0 0.0112655622104943 0.00779748646979277 0 0 0.00225816965761268 0.00552344869843623 0.00947790157439459 0.00396639460265706 0.00783691753196019 0.00871193909978593 0.160008614956339 0.171125744638047 0.0036766327847805
0 0 0 0 0 0.00760150819002992 0 0 0 0 0 0 0 0 0.0047628380270264 0 0.0172232954649781 0 0 0.00742876859863603 0 0 0 0 0 0 0 0 0 0 0 0 0 0 0 0 0 0 0 0 0 0 0 0 0.00253359879135819 0 0 0 0.124498205212306 0.00495288358833614 0.171655090129322 0 0.119393043360889 0.343533723894097 0.00262007221312491 0.215540860633298 0 0.0465625169873159 0.057984123852605 0.00474140589426017 0.00461031535266296 0.0156681372540125 0.101887427395763 0.013631837604482 0.0789101106367006 0.00191529669080349 0.00254368755844562 0.0619771707136507 0.00308519067358218 0 0.00406289934484836 0 0 0 0 0 0 0 0 0 0 0 0 0 0 0 0 0 0 0.00482861413671155 0.00344904665143725 0.00546921660843487 0.0471222820731684 0.152695141128056 0.0465754492260151 0.0490875031801506
0 0 0 0 0 0 0 0 0 0 0 0 0 0 0 0 0 0 0 0 0 0 0 0 0 0 0 0 0 0 0 0 0 0 0 0 0 0 0 0 0 0 0 0 0 0 0 0 0.035872236026768 0.126850127535952 0.0828667482944856 0.119393043360889 0 0 0.00387527646207232 0.0665784286341741 0 0.0187696934471958 0.293094877329442 0.0451154375735965 0.00551099237357507 0.320884377386404 0 0.00764041329700372 0 0.00863703604440934 0.00349760774781285 0 0.00305708790686757 0 0.00510119140831912 0 0 0 0 0 0 0 0 0 0 0 0.00274248108021066 0 0 0 0.00192847497254016 0.00173939860607087 0 0 0 0 0 0.147785372968033 0 0
0 0 0 0.00212642976220363 0 0.0345090010433158 0 0 0 0 0 0 0 0 0.00307910560838006 0 0.0353327336404644 0 0 0.00514593204348321 0 0 0 0 0 0 0 0 0 0 0 0 0 0 0 0 0 0 0 0 0 0 0 0 0 0 0 0 0.00374802730363056 0 0.28654961130235 0.343533723894097 0 0 0 0 0 0.0134405012332271 0 0 0 0.0018935688697528 0.0271019592580421 0.0104277804142195 0.327953447675477 0 0 0.174900193302212 0 0 0 0 0 0 0 0 0 0 0 0 0 0 0 0.00336548819173121 0.00243568688090238 0 0 0 0 0.155802406860366 0.0614613186637358 0.00356572184598491 0.0768293037413294 0.0646752695678587 0.0675439011221448 0.166505163098364
0 0 0 0 0 0 0 0 0 0 0 0 0 0 0 0 0 0 0 0 0 0.00224584432380906 0.0035254358726199 0 0 0.00191728363087152 0 0 0 0 0 0 0 0 0 0 0 0 0 0 0 0 0 0 0 0 0 0 0.122186375385112 0.369405223691151 0.00160731500553253 0.00262007221312491 0.00387527646207232 0 0 0.012348759355404 0.407964072133979 0.0273272302317086 0.0261055869919081 0.00640022810201104 0.0933606257794304 0.0177856273014859 0 0.0159271891425295 0 0.00176902190961021 0.0120888420867602 0 0.111413556173027 0.252571753338254 0.0340529787483975 0 0.0179293853176098 0.00635671318719675 0.00233742938047813 0 0.00402793852626286 0 0.00617096618563756 0.00227330809241065 0.0418895070304497 0.00387641241979203 0 0.00291993773409576 0.00459774079487074 0.00418978385093341 0 0 0 0.00160763616736006 0.00265000671244113 0.00286570471411986 0 0.0097811851501475 0 0
0 0 0 0.00186352960039177 0 0 0 0.00296676337888449 0 0 0 0 0 0 0.0120693514446139 0 0.00720924425941253 0 0 0.018568257280639 0 0 0 0.00242734684143932 0 0 0 0.00561946950372506 0 0 0 0 0 0 0 0 0 0 0 0 0 0 0 0 0.0145895612922839 0 0 0 0.0497772877129376 0.0178404251185507 0.0528013005408946 0.215540860633298 0.0665784286341741 0 0.012348759355404 0 0 0.0196320383765951 0.151155568806966 0.0486608243135407 0.00320465437928457 0.0287276296131151 0.081069119998157 0.00590457663250551 0.0100700039765963 0.247972231540267 0.0029891453828642 0.05441948698066 0.00371938049647398 0 0.00467611077585709 0.402017860043273 0 0 0 0.00296111349754412 0 0 0 0 0 0 0.0318152742318119 0 0 0 0.00366178632295047 0.00195990860828459 0 0.00591276951292082 0 0 0.0762194136732055 0.141290076533722 0.00344838735975399 0.00480319145892567
0 0 0 0 0 0 0 0 0 0 0 0 0 0 0 0 0 0 0 0 0 0 0 0 0 0 0 0 0 0 0 0 0 0 0 0 0 0 0 0 0 0 0 0 0 0 0 0 0.0473859851497166 0.0041450919392992 0 0 0 0 0.407964072133979 0 0 0.0255561205999151 0 0 0.14647501127903 0.00330066180338575 0 0.0325778146139051 0 0 0.00530775623839451 0 0.329403588309044 0.00624044393783211 0.00818286812281647 0 0.00336691295474506 0 0 0 0 0 0 0 0 0 0 0 0 0 0 0 0 0 0 0 0 0 0 0
0 0.00348471621119227 0 0 0 0 0 0 0 0 0 0 0 0 0 0.00252504512580967 0 0 0 0 0 0 0.00587488764226704 0 0 0.00244073974454707 0 0 0 0 0 0 0 0.00234853928834911 0 0 0 0 0 0 0 0 0.00259508969540497 0.00180590822265068 0 0 0 0 0.224725557367867 0.0719636357631016 0.0720233975684332 0.0465625169873159 0.0187696934471958 0.0134405012332271 0.0273272302317086 0.0196320383765951 0.0255561205999151 0 0.0181219240718947 0.0121048436374219 0.0641898024902117 0.050918410555028 0 0.518966836054689 0 0.00429142878817293 0.0717308585343862 0 0.147930721550556 0.0140228381151451 0.14491906840003 0 0.00184726412209912 0.00934870524763478 0.0339296836279459 0 0 0.002086419676953 0 0 0.0021033225678613 0.00726055428036824 0 0.00940363615222005 0.00818479922828632 0 0 0 0 0.0399606688479521 0.0237924047702929 0.0758247052596641 0.00165569516176024 0.10241952286818 0.0625782610300656 0
0 0 0 0 0 0 0 0 0 0 0 0 0 0 0 0 0 0 0 0 0 0 0 0 0 0 0 0 0 0 0 0 0 0 0 0 0 0 0 0 0 0 0 0 0 0 0 0 0.0559616115730764 0.0446629480340598 0.0192838279422904 0.057984123852605 0.293094877329442 0 0.0261055869919081 0.151155568806966 0 0.0181219240718947 0 0.255437061193612 0.00643155397411901 0.2253706160976 0 0.00457398117772223 0 0.0158487165144548 0.00491140462390253 0 0.0053220170079444 0 0.00768089799857143 0 0 0 0 0 0 0 0 0 0 0 0 0 0 0 0 0 0 0.00727932348791486 0 0 0.00880967707835875 0.178938698193054 0.0280106432135698 0
