1,0.454482655286491,0.106515796708129,0.0696652809890333,0.0423024858303838,0.291693668030644,0.387060502004581,0.345872978181501,0.252483672253435,0.27564650845381,0.119270379913416,0.0902801080989401,0.188674984523508,0.0685654088943857,0.530926232735471,0.100136582127453,0.279881654483755,0.257021444455765,0.114682029652804,0.347481242141492,0.277480475140974,0.342115064163286,0.198820491845737,0.0843441753443281,0.097722399466727,0.275105792119803,0.0695457178798373,0.230024649114621,0.232233174873673,0.0237294296269358,0.0503118423802247,0.0422067311153391,0.208722488020061,0.099269847720413,0.299578117559843,0.105308951798812,0.120882938262892,0.206852773962778,0.391753607358517,0.0196824640389569,0.144979079425792,0.232984710954946,0.080647486443057,0.104198042983368,0.23390987393094,0.237150180217804,0.334230748156157,0.285086514162231,0.390792186385975,0.00807382243766769,0.274158547405638,0.251741917082006,0.241352300590576,0.339084785873034,0.273366377597962,0.011590509555005,0.0418128487028028,0.213096278817523,0.0667723823330023,0.054635359842057,0.0910192392277726,0.214297291729363,0.505702054383462,0.143536385880749,0.29617055041104,0.0674522929802962,0.0450984008576309,0.328238073796268,0.0599470726062965,0.0502684952284662,0.167273029085453,0.258736205021531,0.226573478091206,0.0202875040921882,0.0949481996656178,0.273123263969552,0.226654191563177,0.0676164293079268,0.0730601342697087,0.0623430069916375,0.116107129359899,0.229966660430026,0.412685882591136,0.345899893270857,0.0662073257924767,0.191773431304693,0.347498375629641,0.0264162472828406,0.137955363278696,0.294714589329782,0.00648686587176758,0.0562711876293094,0.0825903030046204,0.346277086615394,0.3586198702987,0.211153303002164
0.454482655286491,1,0.16791383313434,0.220073539351811,0.111626712142485,0.392886249984201,0.340328014016303,0.523358097593531,0.0821344492496859,0.293584417783426,0.0606106039349048,0.00268539120003523,0.0453742397359886,0.0926541105326385,0.433179228748078,0.112285244492388,0.406954253401804,0.105928110689305,0.182860660003621,0.593034502837855,0.167601335492852,0.139265611800214,0.0317884476483846,0.0875995543329283,0.271544334588807,0.364594783328495,0.348647062308629,0.369194564053478,0.148507171556302,0.171451057281313,0.235173370957324,0.0503949889147634,0.0225819865926285,0.102926017745041,0.244634182321267,0.20035133369878,0.14030793193005,0.0753208411793626,0.330163282514264,0.0739467491716365,0.281448589720271,0.0612040696858333,0.0406258636937941,0.0711934485964025,0.302618602623779,0.102266814816439,0.0603741142728737,0.284710168304599,0.126322664844112,0.379841336999852,0.0869080058570629,0.418772596398706,0.145922114630056,0.336678463305787,0.142827121067881,0.0882523119194535,0.316102732390819,0.0143281573661217,0.443696648185132,0.0457325552989724,0.0741427650779135,0.0691116746214655,0.241653196008815,0.00786190231936666,0.479173445222341,0.126130659237172,0.118683895148964,0.50952643223119,0.17181521060344,0.0848428226210982,0.0481775285855321,0.346711323374116,0.131602709976583,0.158453724513188,0.253925280539589,0.461130408011694,0.106124237267554,0.0991104864595246,0.226431942256912,0.181688133604094,0.329710300542173,0.134498588605676,0.33160834049553,0.156639459576745,0.14799150188666,0.379789575779252,0.253351629603,0.0641489673268951,0.113225513391654,0.0417971030388835,0.0978661031710536,0.0600973452440718,0.108678657607969,0.160195798092823,0.362401391890168,0.0203523760449027
0.106515796708129,0.16791383313434,1,0.114102943563272,0.0515971779627313,0.193160682856351,0.141160862576472,0.130475978401439,0.0833453658835707,0.276152451357378,0.170971468699702,0.210142496842255,0.263822988245893,0.159804613721733,0.116037132225188,0.450534755372281,0.157298906007739,0.281598359787185,0.164569610584353,0.152319471175397,0.0642534108143224,0.179290179290408,0.0463412268587089,0.265840068201353,0.135304231008644,0.366378686440576,0.321639301877655,0.135459629925903,0.0281048206131803,0.0594150194211842,0.0902367001229808,0.103363167311388,0.245841619832611,0.176681349293975,0.0477689436383864,0.107617525541974,0.0287433492070799,0.0983794798717505,0.0463345180202495,0.124751237546904,0.439644628353037,0.127315355758705,0.0535710849295965,0.0131344700663272,0.0476785939697943,0.260559882373275,0.131149625746663,0.16382260221868,0.0692214116942753,0.0817297109573746,0.23103981563983,0.0531088904157918,0.0534387264120307,0.145397215480661,0.182448589423704,0.431438683313897,0.111911851133541,0.346626605005312,0.0716305786840196,0.360347074613379,0.0759915944079445,0.170709117052546,0.0897592918606841,0.452158926530935,0.0332383883228192,0.456731939213406,0.022924599923803,0.073922363492656,0.105612828538548,0.252972152748936,0.0447446758887139,0.388686304005267,0.276728268063185,0.309894880265992,0.346661895880002,0.0982575641242109,0.0711105731969532,0.0964559363776272,0.157004471735483,0.0448400828135723,0.320331120326993,0.00517092107025487,0.151833797333155,0.20446137263281,0.0335212892264715,0.135649141166951,0.147369670349775,0.227653974718946,0.0637537720501254,0.0375169348028451,0.124279591511036,0.143878734095507,0.0652598404709279,0.223334798548974,0.326572967362842,0.0664856867252474
0.0696652809890333,0.220073539351811,0.114102943563272,1,0.292598794290647,0.515772094896214,0.176883644427046,0.232192037296492,0.226918503303521,0.0805709202363708,0.20686550000417,0.0531532260213817,0.0191695596887799,0.329915415158143,0.0707313422698532,0.0297999986254042,0.295341869266024,0.176457391812037,0.00293158226622719,0.270211580300975,0.197093903299057,0.051368791971799,0.0702735202054097,0.091265004157188,0.0756555484966059,0.0629559481882696,0.155026967913257,0.0643612902174367,0.0267920649784492,0.0683937864282702,0.104016430425269,0.0729365200900301,0.143514146415062,0.164778698571879,0.0875650601208229,0.127046995774074,0.23471001260585,0.0224584305702728,0.0988490213161667,0.0260207155874298,0.140662164120783,0.108214504070361,0.0916838211806925,0.10726363238321,0.354609047692158,0.187067995289578,0.121376258954862,0.185749664907729,0.055872108110619,0.0632183855100286,0.146763089396126,0.502019108788901,0.380028389608282,0.51268501284889,0.102823367739281,0.0521797609104622,0.0502821236788531,0.0989012416462625,0.360482798184947,0.151612663759907,0.118274396748374,0.269431930105238,0.0132971044808987,0.132365430262528,0.501692990499026,0.137096246628337,0.189362770498128,0.336461935605792,0.0441588050727674,0.108383156423937,0.00795598135260911,0.0498954579173896,0.0266858036188287,0.0847256114932089,0.17531760279314,0.135029873233969,0.0441760938382862,0.172274535501874,0.00517223113766589,0.0222652327195418,0.0796595384925314,0.232854017124634,0.102775405128908,0.357467962211548,0.310279653427845,0.221807848108029,0.116813481185561,0.123437927569658,0.061716764652859,0.0766590108477256,0.0170156588838236,0.186987279706235,0.164283875134422,0.0847419933748745,0.0397926134398965,0.00227143104235707
0.0423024858303838,0.111626712142485,0.0515971779627313,0.292598794290647,1,0.0703075012029485,0.123302839466423,0.0671145272121737,0.342659092890681,0.044527977946483,0.32127064602284,0.305682923191917,0.126422425702771,0.263493608798149,0.196388643741504,0.0515908399881855,0.00748215845482892,0.100914108722112,0.265834720053819,0.0747774110539369,0.209315713346726,0.0316379215268822,0.216451507338528,0.0811762113506191,0.0190836026534399,0.252433929329869,0.12697280221925,0.0418653229542103,0.300341807354879,0.18546723396891,0.00929041623217332,0.141781468323438,0.0702691568596543,0.00630417799731766,0.205550553836465,0.203245227257672,0.0771967670265239,0.063829230364853,0.36535983336904,0.0448980604165739,0.116817851463348,0.159422210307976,0.0998208803095666,0.124470777004626,0.0561278506004905,0.123418092648879,0.128228027356337,0.0747885028939076,0.0695074235601223,0.100602602019938,0.107987416764414,0.069176716379758,0.409730689499981,0.0031691981922367,0.0136280792800016,0.104864699888837,0.0561867594011755,0.0185402339024015,0.1723395761082,0.154129417347882,0.179178610704223,0.23711911403097,0.18310978478404,0.0146795392704528,0.00395114887079467,0.191095729436316,0.0848154363428504,0.0418729743501631,0.0204420264129099,0.014192547088361,0.149043907195087,0.148412046890181,0.146128696222933,0.221889744376198,0.148329942035751,0.0786658195297649,0.143704802206673,0.164359655188593,0.136546155028731,0.0854532329761009,0.229670586313375,0.108504931888694,0.109726665500007,0.393827722134552,0.0630186250192765,0.00159670600048597,0.203156123463355,0.123528390062909,0.0328582928574145,0.016209229313688,0.0108622309941135,0.288799480530188,0.048588196026169,0.071960519689052,0.131312436654445,0.110283772447316
0.291693668030644,0.392886249984201,0.193160682856351,0.515772094896214,0.0703075012029485,1,0.230280312130317,0.26461549906247,0.171560544091147,0.28006683054764,0.0968158797346366,0.0525591486754838,0.0500805680274812,0.215263251852714,0.488298956655707,0.201216514656185,0.742234510739198,0.31020703414792,0.092923554876603,0.603771198133562,0.195017370253774,0.181758309187194,0.102427443488886,0.256565968729982,0.0379616813706805,0.401243167288008,0.0183666246718454,0.0478657120626412,0.215919068847244,0.0411391324006237,0.059622422094404,0.0779065424831745,0.300019778395709,0.282097663858636,0.262373686376909,0.16200393685312,0.46885527867262,0.0746848615766338,0.227251060838346,0.104609560499874,0.37219899104662,0.00427150065597017,0.10821277217803,0.0241462510578977,0.573157283480079,0.101278426046961,0.11312276514474,0.253413729958486,0.274252923341162,0.0949388564255633,0.140576046089919,0.519511191346977,0.0207977110754093,0.830963094448529,0.0486680051896501,0.145393273457698,0.0556560120785031,0.0933697347234039,0.299392536292723,0.085655167916007,0.0901032439142788,0.210644213943546,0.295921964223274,0.315498217804237,0.768582577020418,0.0720524970726169,0.0283932532896763,0.703811983657124,0.109131989560548,0.0550931966960342,6.25286870427592e-06,0.0187616500333739,0.0801763875941197,0.168873140128723,0.0291132989035203,0.21627010648587,0.166279862118121,0.0247280262713763,0.0621170515367459,0.119825439855268,0.0775679272714009,0.493964999797463,0.354030660194605,0.217588037231712,0.46786835509866,0.243586588558384,0.163954630989386,0.273529277070576,0.115793853087077,0.100312120331108,0.183618679571626,0.166655885497146,0.301552492756024,0.1246011671601,0.186297689718152,0.0393871113786549
0.387060502004581,0.340328014016303,0.141160862576472,0.176883644427046,0.123302839466423,0.230280312130317,1,0.278745792594177,0.710830126996896,0.196307300941613,0.00300016829017528,0.210373910297891,0.598143697238139,0.10925912968763,0.0660816788378487,0.131932525136524,0.244772516629983,0.0723440815667524,0.267344307701658,0.035417840996621,0.591102765528283,0.479990073543117,0.0703314511399801,0.313752974439211,0.0209435223471539,0.216851878198146,0.358657324390643,0.0681319699573564,0.0120481980580315,0.0465182569036811,0.104296213109981,0.106447719147122,0.283789701174328,0.19530225053861,0.0866843111668544,0.440698303853014,0.0425618556042538,0.211206036837087,0.0283506808549748,0.166481799704049,0.0800905765239165,0.000990579642282674,0.134616211319906,0.179679484184934,0.102895062671831,0.0373692241278707,0.148468536331545,0.027713683549537,0.0893717031421873,0.2276569931974,0.175048958462187,0.213118969929616,0.138979494674236,0.26665550714037,0.695654467946068,0.273248126765726,0.438803562914355,0.104704522835033,0.319869480118288,0.332062029026473,0.170579941852934,0.0685128248235038,0.153040602903681,0.0595650368252151,0.201302530252892,0.551091824347993,0.0583099532720567,0.292535303555961,0.330670334816903,0.440945337538428,0.022273714671433,0.247062565646891,0.203455598222501,0.440318917428024,0.465508098504124,0.160062606595379,0.108119335415738,0.1211302384761,0.146134319116334,0.148915889443693,0.570383463558542,0.177599972927139,0.206356186874172,0.27311400999916,0.068339464657164,0.298507616344323,0.195207818482001,0.054512165521169,0.0164690703160049,0.160990571383647,0.161745818497896,0.050012306675128,0.109116408098065,0.321722552975464,0.386120913100673,0.153849447106373
0.345872978181501,0.523358097593531,0.130475978401439,0.232192037296492,0.0671145272121737,0.26461549906247,0.278745792594177,1,0.0424503254627885,0.142783535429674,0.0323452899884246,0.10643147722962,0.173082202894105,0.00469118891161684,0.357931019881488,0.156974412352089,0.0574557418347817,0.286276460260064,0.0440346360980073,0.448829719023041,0.185629290816009,0.250432400175195,0.2004929088848,0.452140622907305,0.122091301259182,0.00266355811972492,0.162895252168975,0.4983674683576,0.0916332344131812,0.228723992400903,0.0612849351294071,0.134189092060082,0.0676086441421757,0.162666644086094,0.167613316412755,0.00715266956777357,0.0851263621649184,0.0403133536458196,0.0669751998937449,0.0660372266751484,0.0792522935254896,0.066459554073399,0.0750081382358871,0.0745035102263905,0.158469946860808,0.102658047212153,0.0346945024528209,0.14098185984332,0.127146944519948,0.00350184921300166,0.297612472336833,0.278207840214088,0.0054945723507943,0.236542388252343,0.0881957363183711,0.378483495919346,0.102693497988775,0.282934210718493,0.407616560291553,0.0269224044334159,0.168811802956594,0.0640184617878858,0.0312518718244474,0.317056616766001,0.330931936799574,0.148869271201039,0.241585826665728,0.293204563888344,0.0177772237317495,0.0224960926118085,0.16200836478397,0.212918163335752,0.112481478186718,0.153069182555176,0.0517237297576136,0.377317734637745,0.0650863558949127,0.129771331953322,0.0287594602117511,0.129679746922653,0.207116283772915,0.0708621909977841,0.210984257027166,0.199164646843366,0.132870020378133,0.192907423374948,0.0335792976840621,0.219985469825365,0.0378535898068216,0.235893210266232,0.0592935126538721,0.279960217644649,0.22079549875286,0.495602654903356,0.534273317859798,0.153222508160814
0.252483672253435,0.0821344492496859,0.0833453658835707,0.226918503303521,0.342659092890681,0.171560544091147,0.710830126996896,0.0424503254627885,1,0.271477463040378,0.112317883647878,0.132721596181722,0.581146691203802,0.00138582992033153,0.0319408776886844,0.0163584630665155,0.0605189520425921,0.085545012671236,0.370869978998497,0.138771527388992,0.686019387233524,0.468242136828443,0.124722044585664,0.205825949731637,0.115173196002036,0.230312180492608,0.230597228080957,0.086346702068079,0.0620000268650636,0.0189704746018115,0.0490904148667016,0.066069639435052,0.266345563364482,0.0373726631426213,0.204839704629028,0.416954616053638,0.0490193829749842,0.111755092638323,0.172087044072039,0.277788377160815,0.094698111407771,0.105974299672758,0.074855090062872,0.319712641661748,0.0203510114181075,0.0111960288721977,0.0303047548009264,0.0100813151824197,0.0202599343379935,0.234288703022701,0.146550804794585,0.000949091124611782,0.161850944183994,0.106384050626738,0.568789163909444,0.160534468993154,0.441216014892298,0.0860352464164382,0.0510067406382911,0.223929034859126,0.271477285832708,0.0100827267843333,0.08780193483699,0.0744892507765842,0.0706167070473523,0.400938718931684,0.0611835787947437,0.0298376120809251,0.27787139930094,0.486087114050959,0.00707121790246926,0.0920287653149209,0.00653123657488507,0.332019575438822,0.425462538838689,0.0489165113602834,0.0659178223007641,0.00793331732600618,0.145056779329087,0.184500679031693,0.234919436230699,0.0190432802587141,0.0460512293595051,0.147427041148403,0.109593617755435,0.0287704671022736,0.0297229035175389,0.130152537363688,0.129844355679548,0.0738132403156874,0.0273658670316508,0.0755318860565898,0.166609824370926,0.187779023893579,0.20501100986897,0.0156323748571776
0.27564650845381,0.293584417783426,0.276152451357378,0.0805709202363708,0.044527977946483,0.28006683054764,0.196307300941613,0.142783535429674,0.271477463040378,1,0.00756219539237902,0.0296428047993151,0.11602268130234,0.124396090892626,0.302962562600081,0.500480632483001,0.394129172042053,0.188925239560867,0.192585386315906,0.238619320128659,0.433722640313136,0.140980452274279,0.221948652033989,0.198752674019359,0.010452937503717,0.491327589645684,0.252420032563023,0.0977225439071768,0.173696863739623,0.0273956449887349,0.0302413124151169,0.0148500065225205,0.18376328414406,0.0965429110792746,0.00142214672861896,0.159946282767614,0.161668358583295,0.161277690512464,0.164638176101455,0.292427006494178,0.341283785265022,0.0157171031916831,0.0810256253209424,0.158251098239601,0.254244783117512,0.1292071664804,0.177391978674028,0.0118423226359048,0.360605094966397,0.286853141073773,0.242564186833631,0.152409506556807,0.0606104201400183,0.213220015636567,0.296612820317278,0.00736915607135769,0.389120300314923,0.550513057677775,0.0651690964938175,0.0949021793725946,0.197138194641338,0.08110369053235,0.240675839696473,0.641076550083093,0.214147966202639,0.0960719646623241,0.427923042955686,0.336801761095479,0.272175659335707,0.199201307489174,0.237727983936582,0.00366840019655539,0.0393470555084173,0.387381250410051,0.25028811315486,0.0362095460948819,0.418548855075425,0.332500353796203,0.101305991174467,0.379881016844613,0.119154489558378,0.0674969347860924,0.000248691472118643,0.21707070657673,0.0421352269687642,0.116899287011343,0.231130532939758,0.276443183747192,0.291578506912335,0.087597746113725,0.0623503317412397,0.215160432141805,0.0948675140819434,0.124721330248296,0.0872205182675141,0.0127464204258698
0.119270379913416,0.0606106039349048,0.170971468699702,0.20686550000417,0.32127064602284,0.0968158797346366,0.00300016829017528,0.0323452899884245,0.112317883647878,0.00756219539237902,1,0.601937526606873,0.0800700974490769,0.289065340756185,0.348165104130221,0.123811891531615,0.125213084132795,0.264302644580921,0.134587791963427,0.157072375070653,0.018924948598366,0.193250810214904,0.295647269264536,0.151550988632627,0.133255912601924,0.342877084123376,0.172767710253005,0.0683363849662724,0.390823450179918,0.186679526157551,0.228698409553838,0.0531730510274561,0.386130438395503,0.0050344119793088,0.204074564499432,0.0899994068348952,0.115006423913069,0.225544866067825,0.275144716193233,0.162310813177801,0.350586793339868,0.124344305961303,0.113355079169956,0.147993919692607,0.0698482672391709,0.0196594606505569,0.174072907171638,0.11467074687156,0.182347081163299,0.0842583118689024,0.174272437785084,0.140559768778653,0.374139316139008,0.179312591765836,0.159555421573342,0.338350364797784,0.0325492803505027,0.178199640148155,0.391839267423657,0.41514755508249,0.19534913526155,0.240171596340781,0.210615648644801,0.280548143182589,0.0316812360956564,0.309510088845242,0.0915979637929431,0.056098390353831,0.0673829653920998,0.0245705402376611,0.157863098094587,0.0421017195178421,0.101089293017517,0.322048275327596,0.105589785974458,0.249249659111243,0.0554826249487151,0.059716651654471,0.107816612801055,0.0704088670787775,0.0276972431683201,0.112899417222826,0.143283499130303,0.0347371316161523,0.0474623942892343,0.0424442212944973,0.0815851902402043,0.058343399289248,0.00990282763926779,0.0188139275270167,0.12232424184007,0.0826833583389129,0.0489961730432556,0.00904184488350022,0.0234904120158789,0.0312238570453686
0.0902801080989401,0.00268539120003523,0.210142496842255,0.0531532260213816,0.305682923191917,0.0525591486754838,0.210373910297891,0.10643147722962,0.132721596181722,0.0296428047993151,0.601937526606873,1,0.171887657723948,0.18826534029664,0.316772866111065,0.00510534469995875,0.134042500790569,0.477753904997913,0.161747472585158,0.16658221945496,0.132893756563221,0.0484761705027143,0.238287411174698,0.160219777255991,0.112042623682252,0.320115051408989,0.0282290165130407,0.123185187817053,0.490124439394732,0.0691485148056371,0.0572911500472596,0.0412914449315831,0.531579895569564,0.206176735812282,0.283281062208251,0.193716674825255,0.120215335951083,0.234711546776413,0.286179852228717,0.00920804054827793,0.320926358991201,0.232918831812139,0.0307204065994565,0.089387342144542,0.138477225357023,0.100576692492565,0.163969392031753,0.0151944966891149,0.120745165022541,0.0752201477127007,0.151307149790134,0.10703010044416,0.275488809812594,0.188271639476853,0.241789717386974,0.216342329703342,0.122438325696078,0.141440569083806,0.252737111631134,0.247202604854658,0.287478739950621,0.103019421925284,0.227181486899029,0.366020701080346,0.0824171201531247,0.301300825979442,0.1087331176091,0.0783366373086926,0.0930516802423379,0.128493178556142,0.183817096871117,0.0101841490948832,0.0697693532821501,0.3006643110159,0.044013295594987,0.208877344644357,0.179078979296812,0.0622079234612583,0.00897102449517086,0.101739442859952,0.217745643662852,0.256237760746859,0.217573784609396,0.0632082593736476,0.0365027086395969,0.248255555902858,0.159955754830525,0.135788796675532,0.0807481479358569,0.00420980874903282,0.0352671067065928,0.088874913183987,0.050685823904658,0.161919658096344,0.146733956536562,0.0882336575378872
0.188674984523508,0.0453742397359887,0.263822988245893,0.0191695596887799,0.126422425702771,0.0500805680274812,0.598143697238139,0.173082202894105,0.581146691203802,0.11602268130234,0.0800700974490769,0.171887657723948,1,0.0482256944418494,0.0512226970467318,0.31404874677592,0.077110357108435,0.0192025037676324,0.317621623299996,0.0981518996408777,0.332526632042223,0.616654626642489,0.0839144510259152,0.090642583275664,0.0336879574575469,0.303300288688962,0.341036099863252,0.07953877843458,0.0264268852067075,0.000753419914816607,0.204425936477411,0.0255986550462891,0.231979993199333,0.149099240308688,0.0563084270696484,0.340574767810048,0.0531420711867101,0.0643134956941389,0.169662947934024,0.0965291025110079,0.0331797175859655,0.104000912242293,0.0109473427004033,0.217595626525859,0.145430214714846,0.0480105065704533,0.0217443945883078,0.0777487633832285,0.128142304303172,0.476251362136833,0.253835115924892,0.000673902614160696,0.0294295328336302,0.0258176859021583,0.274516138105232,0.162876667704618,0.128485099979799,0.225843349265996,0.0926482665198068,0.0974734953571916,0.295490530887459,0.0960164441362073,0.0178288488802299,0.213348624594513,0.0438148596268582,0.413237604922537,0.0886517705708162,0.0207419574158268,0.0640393452751485,0.527027161121003,0.158602304699642,0.205409761165786,0.139018748857334,0.396594580911347,0.495942289154221,0.227606518620441,0.225493988520289,0.211225072834009,0.0644605804844137,0.0688654023627981,0.378592863470319,0.140546857472955,0.0474295550333101,0.13662136765013,0.11215147282148,0.0796554904740754,0.0211171681009893,0.0827909142680851,0.0526365209073338,0.0365954409204665,0.07313178431828,0.0549340804396957,0.267241425257878,0.235608732997757,0.378473465788839,0.0546629478749908
0.0685654088943857,0.0926541105326384,0.159804613721733,0.329915415158143,0.263493608798149,0.215263251852714,0.10925912968763,0.00469118891161684,0.00138582992033153,0.124396090892626,0.289065340756185,0.18826534029664,0.0482256944418494,1,0.335213435376228,0.0254510138185268,0.078514970971218,0.153688443198532,0.252958105374371,0.0384115563374902,0.0151985577965833,0.0363861912028332,0.132117322081588,0.16604646007981,0.624944333082913,0.220586734638875,0.0902774777608353,0.343181279257815,0.629277042521206,0.47962248300986,0.475005558038163,0.375997007961918,0.0521909207547605,0.0199273145163171,0.310955935534145,0.0754997595327263,0.155196476437258,0.231937572543504,0.449710487313303,0.353895363086907,0.0496532761724739,0.0411179815943637,0.249399184591173,0.0878680168679909,0.0741535431388679,0.474119010346776,0.343479163245788,0.284457890117411,0.156418429507315,0.261273685084912,0.0487683104148541,0.300227801533177,0.378994111645835,0.199358262252436,0.229214834577304,0.187093264977736,0.154953044244303,0.193839005831603,0.241536605992157,0.148718692515096,0.0923839083880132,0.679988123294835,0.340921008235711,0.108912271781175,0.321690338998534,0.124445545256428,0.155191517066434,0.141677214084876,0.148078491888909,0.175524049473355,0.0463505503764963,0.12370175205617,0.651069299899423,0.160873512815582,0.122636000227378,0.277805724862152,0.572712097276568,0.56979052596859,0.392161877852394,0.482586299014302,0.163447175550428,0.0351006526521874,0.0923776281976776,0.531711228842039,0.0936753551340566,0.177258634810344,0.394933631923279,0.118960966694833,0.111698311500548,0.191778732500858,0.369943927398829,0.0991811706074513,0.0824041158803541,0.352676850433619,0.254327101561375,0.126033078640136
0.530926232735471,0.433179228748078,0.116037132225188,0.0707313422698532,0.196388643741504,0.488298956655707,0.0660816788378487,0.357931019881488,0.0319408776886844,0.302962562600081,0.348165104130221,0.316772866111065,0.0512226970467318,0.335213435376228,1,0.27152237857747,0.509027968682133,0.220054537098259,0.083166006640301,0.713429353497704,0.0617698418472685,0.194066641382774,0.0547573737771869,0.187357428928882,0.25171143556709,0.673076024393934,0.309243225917094,0.1040915639335,0.637940321008873,0.371184370980553,0.294324916958256,0.234462011495209,0.467416787931607,0.236836752757594,0.649573305236024,0.184472105486977,0.462275853153335,0.0177176867497134,0.694789345876962,0.114890661162723,0.356226277477656,0.204116566530479,0.0794340251641219,0.103607990510735,0.543413358307396,0.235927945244128,0.345709122624957,0.0280332982836592,0.336278600313099,0.282950626451681,0.0863458611525377,0.197465347905912,0.352858400027423,0.484759995348602,0.017446838842955,0.0328086129673015,0.0897605767942105,0.160519512414875,0.00412996205478606,0.0130187491573047,0.18888744581078,0.524277842869044,0.70434129366543,0.307846767870067,0.389197196498044,0.0769675830912719,0.129605124174514,0.507472648852147,0.00458765938960112,0.0474573195046819,0.0150169186211104,0.281132603309561,0.349665702707272,0.393821493005696,0.241373465011379,0.0510389719147538,0.553518803962708,0.396000594615859,0.296062264449633,0.462664710271659,0.0310413475914364,0.482550384122549,0.574747083458821,0.148480001771866,0.420873213178636,0.304873172410777,0.461781666674862,0.141697880914542,0.351849908093161,0.165218521990589,0.030943896080707,0.0653202845532804,0.34376034919672,0.396857386060013,0.379417237868298,0.120535665889841
0.100136582127453,0.112285244492388,0.450534755372281,0.0297999986254043,0.0515908399881855,0.201216514656185,0.131932525136524,0.156974412352089,0.0163584630665155,0.500480632483001,0.123811891531615,0.00510534469995875,0.31404874677592,0.0254510138185268,0.27152237857747,1,0.261530089238903,0.106434901650657,0.0107745853610205,0.141455277775959,0.193234146074079,0.011179494566663,0.171027066684069,0.0479389473549761,0.0400443969204079,0.521484227888041,0.493810118943739,0.0634564642660066,0.110827448831102,0.100456792987191,0.176979671687476,0.134503478937937,0.13275200082325,0.289515395294869,0.0722132055255711,0.0314837089681063,0.182287452853111,0.00689023781720343,0.163877626218962,0.335369124909118,0.240270797272615,0.0372284657068546,0.0811069490670143,0.125652010225499,0.151550188502301,0.147256011704042,0.00930636693691553,0.178573396740663,0.0828329062194571,0.266060010320252,0.341029356740511,0.134793061842477,0.144085116649084,0.13049609897101,0.00569413794529103,0.298096225745165,0.156915338177914,0.457239096615228,0.0302949904309721,0.234104983933714,0.0835890544764432,0.0390153035570089,0.151625220216031,0.530760084850247,0.075212657363996,0.393973243890966,0.324680093950631,0.0477089047909685,0.249854055405528,0.0364185977699286,0.119984128673052,0.220469377428739,0.158764248826237,0.410385328831476,0.424545736786882,0.126247958693306,0.261200260207346,0.303171909587507,0.00720319261722509,0.311649797319379,0.217255777726242,0.116965992446859,0.21354219142011,0.0735232971400396,0.126366839402317,0.391602586571003,0.0885007988162165,0.357422062161699,0.280442916497901,0.115561045931817,0.00427990237586002,0.125862201620747,0.19633410500211,0.0448730445238647,0.0817615362030555,0.039920871786203
0.279881654483755,0.406954253401804,0.157298906007739,0.295341869266024,0.00748215845482892,0.742234510739198,0.244772516629983,0.0574557418347817,0.0605189520425921,0.394129172042053,0.125213084132795,0.134042500790569,0.077110357108435,0.078514970971218,0.509027968682133,0.261530089238903,1,0.520054760443179,0.0401857703810365,0.67014779823602,0.0915336926410474,0.033253604490567,0.211413106281401,0.408125473156649,0.0490852748097972,0.526830146437265,0.105926687539633,0.0142446440190989,0.252650909954524,0.0927852879829712,0.0139676999971953,0.158159914000286,0.397330529865133,0.416567655075778,0.302513923571546,0.211782824557023,0.507266143478901,0.171090934532116,0.461571886835418,0.161078869972105,0.412239240998685,0.111624378435866,0.221031799305572,0.127000547066791,0.708743566909543,0.00642319149126004,0.0540250523727605,0.246009630186834,0.329474701435176,0.090076002452797,0.341970469381602,0.564026222369134,0.0632519791883384,0.777315371907984,0.135135351386539,0.0743753867068338,0.207719182145894,0.201225896444547,0.304738243419421,0.206486485024783,0.15843395815499,0.19951135686886,0.403898137312299,0.37651702658787,0.716056127464197,0.0185762900137913,0.120378107618683,0.817981117915383,0.129235295267362,0.0160091586207289,0.105474494622721,0.148939229109178,0.0960017857465267,0.228688161430008,0.0124455635162692,0.235792592814563,0.212616305237636,0.073439007292373,0.104256657255414,0.126869932750651,0.151336777786781,0.522556218838977,0.512590792531273,0.0593373265696542,0.305151090361543,0.382519703851863,0.431236473078856,0.340793123336371,0.0792806958822597,0.107755598264065,0.310865497448566,0.153440149167127,0.262699790760186,0.0269270355549317,0.0379209952418528,0.0949293085514432
0.257021444455765,0.105928110689305,0.281598359787185,0.176457391812037,0.100914108722112,0.31020703414792,0.0723440815667524,0.286276460260064,0.085545012671236,0.188925239560867,0.264302644580921,0.477753904997913,0.0192025037676324,0.153688443198532,0.220054537098259,0.106434901650657,0.520054760443179,1,0.036462403835949,0.340164580249837,0.0934576444793048,0.0633210291893185,0.134181789351555,0.656556969697801,0.0334226795201176,0.2962248363254,0.246576833634564,0.141280240443061,0.0598922903973196,0.201491380927945,0.164237430686871,0.154181093880118,0.579265009126576,0.36397368502725,0.289912167378263,0.121117208228647,0.224028132397824,0.326501131217238,0.18587284390514,0.207901206661492,0.414044805814547,0.116781304532995,0.134198611672791,0.0509556032496409,0.32391582393871,0.14146760506012,0.144466831878923,0.0716984176055196,0.224785802616716,0.0481590953516415,0.402404491559221,0.241042145639659,0.0135949010261408,0.439320324735483,0.143025556528387,0.326062068828523,0.0615836951540919,0.191988973307566,0.0453252765453774,0.0943161634965283,0.0802526697944827,0.049888260542908,0.281928780097657,0.473638662845521,0.325835039191895,0.270332311407087,0.0627766078049234,0.417303832298151,0.0274492792378749,0.0230979747172244,0.0720254629706535,0.108053359651789,0.0529197511409947,0.143681859292131,0.140564571198652,0.00474220496319423,1.45260630243444e-05,0.167703603149602,0.135505049886739,0.129982655135495,0.159547516256906,0.389970948752834,0.418909329570191,0.0486682723861576,0.0883159530282565,0.149770233300379,0.318197370097623,0.262551500893496,0.169066574552345,0.066722023519038,0.0709331909608395,0.125775775879344,0.13379740738645,0.304386110121853,0.313909838080643,0.118923857401107
0.114682029652804,0.182860660003621,0.164569610584353,0.00293158226622719,0.265834720053819,0.092923554876603,0.267344307701658,0.0440346360980073,0.370869978998497,0.192585386315906,0.134587791963427,0.161747472585158,0.317621623299996,0.252958105374371,0.083166006640301,0.0107745853610205,0.0401857703810365,0.036462403835949,1,0.0766919277744274,0.27786272176483,0.314536140670644,0.48900307832282,0.0654918516244082,0.0221558423334671,0.0202173418628253,0.0765769128353266,0.0574040029672736,0.168499535759996,0.00532320057929223,0.00830881222149323,0.070500016885962,0.0924680254190437,0.0507063043649905,0.067213515040892,0.110283464638779,0.0551686836487847,0.241302842558737,0.0402685226872207,0.178017881057401,0.0251580841978658,0.282848535621962,0.3827799511865,0.284139605306968,0.0563791556069325,0.231087998625109,0.0343102888556228,0.10555986073805,0.251323324421965,0.330136153984774,0.0473496272002085,0.125787667629297,0.194435612507147,0.173585966789268,0.333249108183766,0.358468364941089,0.363274285865226,0.037425867446759,0.162604105378707,0.290483313942679,0.35822688588781,0.0553733383781857,0.189662426942925,0.0941974025648162,0.0989099334932396,0.280755937252338,0.582561292012303,0.0028174915668306,0.211119416993521,0.398302295658083,0.481464828901369,0.159931195798686,0.052846710830255,0.0272351663145969,0.0232410677373706,0.0309754553778077,0.187078830331351,0.170566831572502,0.129833781835204,0.240112822652872,0.0129726370622014,0.0936327975274243,0.0702857918062756,0.263567109032789,0.0454951808198134,0.184665182071381,0.186159170659907,0.124538199960199,0.292604635509971,0.312760444205653,0.318235596144494,0.0379278301885192,0.147731941299564,0.0831152128845795,0.294969425765628,0.0317359690013861
0.347481242141492,0.593034502837855,0.152319471175397,0.270211580300975,0.0747774110539369,0.603771198133562,0.035417840996621,0.448829719023041,0.138771527388992,0.238619320128659,0.157072375070653,0.16658221945496,0.0981518996408777,0.0384115563374902,0.713429353497704,0.141455277775959,0.67014779823602,0.340164580249837,0.0766919277744275,1,0.0011195250129866,0.0298330182436035,0.0349592680646854,0.0628819905527499,0.0779406859576745,0.626029324627766,0.225751596546053,0.391923483281802,0.310166980405718,0.243209286672729,0.102882654083098,0.0910543100539551,0.470452079245396,0.19831825260486,0.602949068118317,0.256775192736661,0.32573475756093,0.095968286999981,0.50674710284873,0.230785742442055,0.476060904154185,0.0391350275012562,0.0811330661734359,0.0154480817061671,0.580658332029738,0.068731665332893,0.12037550455451,0.152320380885349,0.269771952866989,0.188972061818831,0.253034377739552,0.487349538423534,0.0818340652364372,0.580141782340381,0.113535379313061,0.00859676278305408,0.0102728682195766,0.0354425919698112,0.36386589822098,0.0733073933064167,0.198969651597834,0.215830745400459,0.34442960800429,0.230962102567209,0.626689998652751,0.131485573453169,0.0130764377213533,0.74375531762987,0.0826770455937694,0.152635366388572,0.0199904280450816,0.256018274489865,0.111313772848159,0.31348086102564,0.225601115266518,0.410821084354661,0.184481738878994,0.0389942694650242,0.0185769375852635,0.1950690584181,0.0714350460384784,0.386854500739782,0.568158812277143,0.163991517253968,0.226321362223365,0.323789934214166,0.348967134913322,0.374715575524968,0.113339854493678,0.181022601928684,0.184280439235157,0.0580846479044048,0.233184361354347,0.151286857290805,0.109982061403545,0.0246274004680064
0.277480475140974,0.167601335492852,0.0642534108143224,0.197093903299057,0.209315713346726,0.195017370253774,0.591102765528283,0.185629290816009,0.686019387233524,0.433722640313136,0.018924948598366,0.132893756563221,0.332526632042223,0.0151985577965833,0.0617698418472685,0.193234146074079,0.0915336926410474,0.0934576444793048,0.27786272176483,0.0011195250129866,1,0.487071938449905,0.0146602205496752,0.163666035240346,0.0774746919399599,0.0114505379819852,0.0321379789279432,0.0534871763727318,0.0787896591418489,0.0874988517586204,0.0707555785717777,0.107626307950318,0.15118067424591,0.0909692612107569,0.25181322159886,0.197538890929464,0.140377422382431,0.128359024422933,0.158569031404076,0.263493793549772,0.159975059338855,0.110471465690747,0.0315194598922131,0.452936368440523,0.0641235501105317,0.106755751168342,0.0233273138741921,0.100736270334688,0.238540925487842,0.181511540249344,0.0678568466308001,0.00271052328299405,0.031311845137647,0.189703415000769,0.439273318214711,0.146479545323543,0.438875112674233,0.218993992449552,0.00518453757756981,0.0224975956294975,0.132762489773765,0.038084884749578,0.0890022326482356,0.193249509262668,0.135419182479987,0.211457468213754,0.0358659123963483,0.163894389785986,0.27172456476646,0.394850577142862,0.0269820704001095,0.0396066258449424,0.0253840358083533,0.0826004674226006,0.195836318381742,0.0246715851781311,0.0860413374500134,0.0581768559116108,0.229369634439571,0.206513222879917,0.147328349240068,0.068649440378459,0.0485546289550458,0.0300405023522866,0.142897801305068,0.117041879665453,0.00560566930750318,0.146904407053748,0.103188180645713,0.164172920441676,0.0606007110812465,0.126460766699699,0.00131589410040981,0.154947584735407,0.0963358762518559,0.0556547871703964
0.342115064163286,0.139265611800214,0.179290179290408,0.0513687919717991,0.0316379215268822,0.181758309187194,0.479990073543117,0.250432400175195,0.468242136828443,0.140980452274279,0.193250810214904,0.0484761705027143,0.616654626642489,0.0363861912028332,0.194066641382774,0.011179494566663,0.033253604490567,0.0633210291893185,0.314536140670644,0.0298330182436035,0.487071938449904,1,0.0262675377971298,0.0668848339061745,0.0638211930607803,0.0573280225335755,0.105644641437017,0.0910229112925065,0.107340535594497,0.144063518308366,0.0811438799175086,0.108575667989766,0.0988246783233303,0.0553024989460605,0.107512994943511,0.30626298240906,0.157642224637892,0.00394929541785396,0.0226578648437645,0.0025843908198266,0.0338760692889721,0.126833581155594,0.0670946544372345,0.393843342313855,0.0355504632254726,0.14156077076001,0.032059591151295,0.0524883003591674,0.11793911566841,0.362850786383579,0.192660402412662,0.034965997848646,0.242727208977543,0.127424805700136,0.227433665150626,0.116404227254895,0.0508538257674431,0.000184074917174108,0.117795687160898,0.109376106801462,0.0796634125046724,0.16327118166297,0.270395652066315,0.091046479805869,0.125612814120615,0.19198361885292,0.0850603145922625,0.229928471093635,0.0277516076557641,0.772804259184749,0.0296846995179124,0.196647583637764,0.099891687485807,0.128483069158685,0.296512392577295,0.194398539562417,0.119607185350879,0.107820195540417,0.0748211968972574,0.0117342123466204,0.271149219531181,0.0729256391452568,0.144177128453544,0.147949295123293,0.167511057055736,0.0609399254166458,0.162777245449282,0.0441708889242569,0.0632773921623792,0.157869414909397,0.108017580627463,0.126522020401436,0.118067430836533,0.28908766489432,0.44524074713499,0.0481778926113769
