1,0.302390381128358,0.0827550870808099,0.0593451733982452,0.103588991525373,0.118583050814798,0.103128614176073,0.0477465440440792,0.0986066950426324,0.0707017880445117,0.125635613956249,0.0702024686054172,0.178487606028674,0.0730770417254833,0.277481536975804,0.129037003843412,0.132910125170852,0.0225544041092335,0.0160176404745644,0.0946294899642551,0.0477838379988302,0.0882571281108463,0.00498257573623177,0.0630525205863615,0.255190183588453,0.256038274794766,0.204744254062829,0.110442096041443,0.0488646669561548,0.267238076353672,0.193372144828074,0.105112536335633,0.136793516407855,0.0193171544259,0.326926560025042,0.198078888957716,0.181024057131565,0.179100679333944,0.109163915890452,0.119724088414121,0.165476625772321,0.223785952407162,0.135044210249277,0.0461056821974306,0.208842094418116,0.0601370334228884,0.0656262908115855,0.119761417038107,0.400233330389088,0.249589741632821,0.267758765165495,0.078235649185566,0.0418428951330327,0.036461820917819,0.0126502457775423,0.210125887970193,0.300725005958282,0.122375548419214,0.0888056334526918,0.0295985110824868,0.0601581180453819,0.0671750020893509,0.301490892733626,0.187656695085589,0.0243788942117813,0.0243333784809506,0.0790610788872138,0.051039053523906,0.0293465222035299,0.133181813590582,0.089932698364071,0.0849620298219992,0.0696699204883653,0.266400609341808,0.147561199457851,0.0702964191384888,0.0865957550534777,0.110281616787794,0.0679597661550743,0.105482235997132,0.0939960364738459,0.0233749003389023,0.255056695812934,0.143067426055044,0.244356280037065,0.186244255162388,0.0201044622523842,0.164336388739944,0.171610792019182,0.328543174743612,0.126121412950984,0.0630326314427542,0.0222379187921264,0.0127226946968519,0.066267527486993,0.223819128808756
0.302390381128358,1,0.280914358813321,0.173164649546304,0.103439795989651,0.151941910211862,0.0304818403188512,0.108390493966987,0.0432222027229652,0.302348533802603,0.262207733676899,0.147916475285475,0.305746939432982,0.243637783531293,0.461432093878756,0.141076845969655,0.037941495779961,0.174496998697898,0.320533885681644,0.473146605822473,0.135817532940133,0.50848925525872,0.194869013030256,0.185215268441962,0.513150762155525,0.19397735289033,0.33733465285123,0.306838729085574,0.141424564200433,0.292158635584096,0.346384980727531,0.36115839382922,0.0382348020637257,0.211051709514722,0.215055692718809,0.23058913661497,0.0239915920828347,0.173687995569517,0.128042500324726,0.166837535398883,0.158743439892888,0.397564918434502,0.165444372265196,0.337622030576658,0.198834251307857,0.0070101332056342,0.128064352236178,0.273093290523243,0.123506321625824,0.159313660276733,0.251381505957533,0.114443498722921,0.100335691161923,0.0412225809294157,0.21860792543264,0.0180755444545497,0.177833805863823,0.0549548887439317,0.0806165643748271,0.221485425506877,0.132492511368922,0.299583384432715,0.342175344088395,0.0659029965543447,0.0367255556893941,0.0276931098864683,0.28499852741183,0.245573148651469,0.293883762425374,0.389053195604432,0.353114354724277,0.151055496291343,0.555898383071807,0.344095131382884,0.242186306588958,0.17306751647858,0.384304229650445,0.16510295018511,0.438621087000337,0.245019435619395,0.130877682538933,0.249068188533675,0.357594571019918,0.199932039352156,0.134542469970648,0.0334597575602983,0.0543631493169917,0.0226489821630563,0.140809849204204,0.174671028891701,0.170891775144417,0.162001916074479,0.289940716748615,0.209979212978183,0.189271287561644,0.0755574047440574
0.0827550870808099,0.280914358813321,1,0.45426789348228,0.0829242898084149,0.255140276308969,0.0745632940661316,0.405990390051075,0.0360257934669283,0.503158546702495,0.295121271848174,0.212122376666257,0.284684564436791,0.143432318377041,0.271935259050552,0.726885727943992,0.156364797252718,0.0430201270686538,0.106085690153965,0.556195731317505,0.392682514378909,0.437352133033535,0.170085269908227,0.222418851453985,0.38163605243582,0.548381292910363,0.669372592625801,0.129070683766703,0.0717428143556067,0.112771405824678,0.170245121220174,0.0096157408864407,0.0958310405155728,0.298480053600461,0.22808438946586,0.304830520898938,0.134910885180123,0.23401187017169,0.0372378406905942,0.000756589765880802,0.0432892388735673,0.445180027020547,0.151040805697299,0.630115066617407,0.343544418887494,0.0731709960152717,0.184038990193397,0.147714708031979,0.0626416389021217,0.303392404389051,0.265136199344732,0.104939824416845,0.490455821711971,0.121517865967862,0.293926917277453,0.0779662170862042,0.156338267439159,0.314704348288632,0.0944702913288449,0.0299220011079558,0.0543082763741875,0.473155284841825,0.422458369607703,0.204775696406013,0.0354736591922497,0.228926912334669,0.343743440286861,0.428102001777199,0.462773183107866,0.371620724312977,0.26146147404292,0.0128157443916002,0.304054935127657,0.421786533061914,0.53798637605579,0.0962282771614318,0.281463179098364,0.200074670000952,0.333407605768924,0.0416245121183604,0.327502903736016,0.483638719426816,0.29874151302902,0.273890478549356,0.063991213365723,0.0922166938539087,0.0653224699442019,0.0303094691388062,0.0108624768276729,0.379980996737609,0.0585270088574605,0.303811584889474,0.200924333193051,0.174121385252229,0.0450102690537858,0.286971160972317
0.0593451733982452,0.173164649546304,0.45426789348228,1,0.397730823155685,0.807344255279232,0.467178996848725,0.455456455844428,0.480398147022419,0.0884787912047197,0.520650907172056,0.208549102080728,0.0581719229700743,0.539082400932568,0.206230359988859,0.205487741665166,0.661484500694603,0.126496507510654,0.0349480001238517,0.459827881534047,0.577782277080525,0.358171028367571,0.238175927615269,0.0728443120103499,0.318814166848753,0.161710229480759,0.289783533754319,0.182239332597152,0.581330823007007,0.440012230284637,0.323588255279752,0.412541295376371,0.358932671046064,0.375115162173539,0.14255622769094,0.391575095618957,0.479960979119566,0.0983498411632831,0.128800534861779,0.298051749179963,0.121786013543183,0.0231362791177003,0.0270086432691693,0.103584881703096,0.0241375476603459,0.320446674422693,0.018567009186897,0.109219558585724,0.313994331688333,0.261770147812742,0.000986657468282704,0.548237383569514,0.528739921326977,0.774780006410933,0.0403527995406405,0.392044253812351,0.255667946115401,0.120971059768708,0.400945046572635,0.0550415113287219,0.136908674934141,0.398740708960313,0.337794562013705,0.157796939803432,0.149167941833183,0.228533120054455,0.107413678649198,0.347390766858294,0.457315203012873,0.205645096526112,0.0738727924859439,0.0918537284898707,0.158545999496164,0.417278742291914,0.282484631812711,0.251284964175647,0.363067839396077,0.460060556300405,0.169223350765604,0.280315751691726,0.305515467319296,0.334601470997334,0.189824578358506,0.249869215143842,0.489063957012758,0.0031431503974542,0.0210415656118811,0.0159045814703015,0.0281927582334101,0.184515364420568,0.0435120099163759,0.174653551615618,0.229373802791986,0.2376326518596,0.040527976961262,0.179577454626302
0.103588991525373,0.103439795989651,0.0829242898084149,0.397730823155685,1,0.0791025849236711,0.504429781548109,0.124149845170625,0.0350245535257733,0.141410982201541,0.252184141085649,0.429081011970025,0.535528587439908,0.694459220799952,0.051796144193886,0.00847859051721901,0.241396699279272,0.385866172697455,0.536691167137495,0.0930227050114667,0.170652770237425,0.0335286019112622,0.307126933268966,0.373367959325733,0.342953853766796,0.0102703448106884,0.110137823787719,0.496770164384871,0.705165794142891,0.430068624459767,0.0607358048400537,0.519294545806571,0.525644620088227,0.420562347372554,0.0494328571577897,0.531011013759164,0.624021695425654,0.254605430194687,0.11653321618889,0.635112205939753,0.398620882756089,0.161234206749457,0.281963412498236,0.261551320926594,0.0328087590640255,0.0111094656511774,0.260570445977509,0.322082584593562,0.411594197992879,0.05745134059186,0.333998806210437,0.211712017731738,0.644992841440131,0.245474695788187,0.250425466308491,0.241378640064263,0.00429730324302969,0.252906603969124,0.245282450540889,0.238665885119925,0.176705777084965,0.387892348145668,0.13902020823905,0.171516641410134,0.336791944882072,0.0482016240191549,0.456882481390309,0.154938161560187,0.061663087346175,0.278238927076485,0.359390205250549,0.595932018667137,0.307693899776421,0.186107930301281,0.022524362141323,0.605726461764574,0.537142238635764,0.572986183692403,0.0574432673750321,0.336730654135645,0.150073388378899,0.231339432842283,0.132054866123018,0.330980599491346,0.627467933820052,0.194230911350042,0.547090614039433,0.180900341106155,0.357930252172973,0.0935339338526693,0.162714348657552,0.1533773341742,0.164987354805384,0.164406072026752,0.0620324878355457,0.22670750244256
0.118583050814798,0.151941910211862,0.255140276308969,0.807344255279232,0.0791025849236711,1,0.361823301763791,0.28374517308158,0.582057163009329,0.019894656844029,0.573920870802919,0.00198782919365521,0.161822267595785,0.338981885179813,0.270803789172717,0.0345979000450737,0.753478319903369,0.0156800090535059,0.208185042171837,0.459750146192087,0.46726520219273,0.548027266041725,0.352256360739916,0.061930674868766,0.260868689957131,0.0983383705504031,0.167502168999483,0.208900544557164,0.33197533040902,0.369861160065131,0.454132505329154,0.31602482343206,0.0773220948647674,0.198342420697716,0.148936697229856,0.0709187428900697,0.169747419441064,0.0305762894115632,0.0847124441146006,0.11341366450296,0.0585808265135675,0.0384495365412833,0.0194066794504117,0.0551916328837908,0.128994229872042,0.363535013232116,0.0570442044015886,0.198751651081428,0.170729852401277,0.154469741976006,0.00836685378654381,0.577317960512756,0.27261319712729,0.879633528222534,0.0249272582430741,0.544071620401393,0.208176841285381,0.0619839951169814,0.321854150020088,0.216241660236542,0.163850120914611,0.257278608470703,0.371609376775723,0.282651379465632,0.063190973068932,0.102988845893016,0.326121813986924,0.46111296563337,0.481905155711986,0.326784315842218,0.21738195810359,0.139142663570545,0.114031813379903,0.204784461015716,0.242369260731358,0.183241198213329,0.242552334448035,0.398094147448412,0.0808070401561427,0.240547637042211,0.215245596445541,0.224699053681083,0.177333742870506,0.0577595883540384,0.237098308717061,0.069104192477384,0.112922106572629,0.244387778132463,0.117360119567593,0.0527220106658878,0.0261984283113415,0.0521999889041842,0.304148606977355,0.351819980317867,0.125498581847683,0.250628385873907
0.103128614176073,0.0304818403188512,0.0745632940661316,0.467178996848725,0.504429781548109,0.361823301763791,1,0.0295739715788891,0.435252413326536,0.0722974434126106,0.133834603446138,0.0678891484726591,0.121521344654566,0.409841712330183,0.056112513641236,0.0798419065735296,0.278048534153702,0.0930964958925933,0.268092228815859,0.0943207324698619,0.325127922247991,0.161941381522109,0.106200868867884,0.404975292297127,0.256942798582577,0.0446444549324018,0.187123595274648,0.234084627634447,0.566613864401341,0.470866709503363,0.154013227599417,0.473388336582541,0.359289189450339,0.532582382267572,0.0120337425067723,0.408703979845215,0.620747309236538,0.0532322357902411,0.104085390270789,0.217200247097465,0.166827358585494,0.287005958418954,0.36866021668125,0.253375275922435,0.11343123755634,0.154976912645703,0.108880078155645,0.17871122979412,0.0154966674718822,0.33066361197379,0.398671236925445,0.428041199956128,0.374034513462584,0.512921047888028,0.335090875145592,0.00029704163951574,0.432208716164398,0.108353426166982,0.0513505316759937,0.351204381357707,0.192777055295259,0.0769824525320345,0.188334808504669,0.539158455165708,0.0671247907710169,0.0585575979808715,0.210661470600186,0.244317581010584,0.008291706111653,0.116107747525187,0.172751548518226,0.0540729608311203,0.264785324447304,0.018483400624312,0.142330504514896,0.310252435321083,0.464516639694587,0.434406195526832,0.00322516922404519,0.182487823866764,0.312548526259556,0.278422011751833,0.0836596764258153,0.368347280410929,0.58986919829328,0.192108903738418,0.275239971533841,0.0447816702981224,0.0740066059663729,0.0315661280167579,0.317702422686354,0.143180430585392,0.145239481982637,0.257376546216462,0.0758863863320004,0.0303626879969293
0.0477465440440792,0.108390493966987,0.405990390051075,0.455456455844428,0.124149845170625,0.283745173081581,0.0295739715788891,1,0.0697959632160054,0.181523509449395,0.308775299417848,0.590420807824746,0.132385269694283,0.124164308891933,0.0534033655752874,0.245608143161002,0.118984649557676,0.422710159762333,0.151542413636609,0.500859938796382,0.0623569993457695,0.185073970694072,0.0454838657613036,0.401356728300701,0.101428934360378,0.151680542617759,0.274349494563762,0.00254627115233145,0.194772330146848,0.155056443408458,0.108493897255212,0.0128423802219506,0.376521291509481,0.0253274482530011,0.15819500037701,0.167953723026287,0.0958545138679143,0.170481936968776,0.399060437265628,0.0851749583220358,0.0200905005527395,0.156244103532666,0.0661051311666114,0.0652387540937478,0.280133669298587,0.060390840288044,0.237080495603814,0.119623122152063,0.190913129924882,0.215595802298321,0.119148458062402,0.160972111559921,0.19620001725206,0.192510089043344,0.254947763365668,0.207169868697896,0.0957103886910822,0.333103854329843,0.337918063655011,0.161119694410579,0.282147647491431,0.326000175720493,0.216148324118582,0.222389259475755,0.056207635841386,0.414427232034791,0.103888621054073,0.179601577903316,0.464882973630876,0.133163914063235,0.0312283988711462,0.259737634874025,0.281726474921476,0.405170738782549,0.213117591014245,0.0943225463083829,0.308947378129216,0.170843974179908,0.0988764421958224,0.180293336438178,0.174205551889857,0.232400654981877,0.297381723834021,0.0452496878450237,0.0219485598688759,0.331614396938342,0.124006534667559,0.126218399863802,0.0445587620242446,0.0903980736532295,0.0613082391732296,0.0384645360858825,0.0831970177927205,0.284176786466651,0.0544401964519131,0.00510525062253199
0.0986066950426324,0.0432222027229652,0.0360257934669283,0.480398147022419,0.0350245535257733,0.582057163009329,0.435252413326536,0.0697959632160054,1,0.00522799759226349,0.104986853652359,0.303043925012413,0.209809253848192,0.171193673079654,0.151167543182213,0.0043640282841175,0.425305946544886,0.217232754687391,0.317028891894163,0.180621655303156,0.618635623595221,0.243808454462944,0.483494096617575,0.232482019165068,0.132322489300576,0.0402130331423435,0.092320869066743,0.0200040939541088,0.156339293944746,0.175627720790121,0.334747298092731,0.145692339644395,0.0732543537063377,0.169518056541977,0.0245595305849099,0.0301454569662939,0.190075394956003,0.287055396766565,0.0318492087411041,0.118621828032505,0.164735042700634,0.0872380084761282,0.243356593727617,0.0556009936211364,0.299298230297706,0.176007633043111,0.0269267982022028,0.247055207184533,0.10292604587841,0.149229876596396,0.128133945122472,0.354860428416709,0.177108473139436,0.577382234215885,0.440818566450844,0.326338063976071,0.315686688405136,0.00574404914590192,0.148101275425362,0.0268946645957123,0.269253677655007,0.147011511064299,0.171338382836419,0.11881200894946,0.0478136876951184,0.228730556499296,0.386228376503142,0.15770338265017,0.275444999146391,0.100818450144331,0.356510247626174,0.334399581639633,0.131002552171238,0.0519470530582099,0.187868839180051,0.0131951505932678,0.187894009853983,0.0945556038352957,0.178333491459062,0.100433433756586,0.0515524547036036,0.0442087796576834,0.0267687321264004,0.0112385433553472,0.190827079327916,0.0323459545027809,0.203411642112587,0.218447700378359,0.232353265573206,0.295417130011036,0.322794241947911,0.0727690732526893,0.476694960620051,0.315722042335659,0.0653672999422387,0.0213802474293506
0.0707017880445117,0.302348533802603,0.503158546702495,0.0884787912047197,0.141410982201541,0.019894656844029,0.0722974434126106,0.181523509449395,0.00522799759226349,1,0.330982011014732,0.0402221811829488,0.342480197114709,0.161612613566826,0.425716922333047,0.47848994425084,0.240323080202229,0.160457676493334,0.0484267910124102,0.433392893521775,0.00719507281423485,0.0899838289698574,0.0409196590405191,0.295594271947228,0.0477135096749899,0.498009861906181,0.348982491452976,0.135495723956295,0.163672939057692,0.167198483861316,0.0197272386450742,0.276092028134386,0.25676477673305,0.11939025690099,0.113761129571877,0.193163756880702,0.273769305898021,0.286787995527353,0.098802504729763,0.306132935013545,0.324812176415089,0.338415780422951,0.223868711978403,0.461635370144045,0.324061042175339,0.239777346253716,0.212696843360127,0.0413150005053816,0.11727445305735,0.189606214554815,0.263320856699375,0.227659537921494,0.130235543767167,0.0943135288286595,0.146425490730672,0.0206252887021293,0.205694598783096,0.50104532693158,0.201527293581481,0.126992952319778,0.135338454123635,0.131447579868346,0.349241589374373,0.2643640891454,0.327374119332904,0.24124283190247,0.175673512155172,0.209865726521028,0.351850790604747,0.176227099935054,0.0363877704133209,0.152342005833109,0.159165289505412,0.278414255221231,0.198746121375105,0.225313674447615,0.101865659649699,0.211703826593423,0.367096776130328,0.239616208738678,0.167921416859662,0.0203320808784631,0.288039071545169,0.21815881448979,0.284436039378539,0.112705672812302,0.0449447708741298,0.186606577364489,0.217800367475315,0.451644766119234,0.191116754517183,0.1153353468663,0.188202531774475,0.229246812963217,0.306891630079189,0.529469096526462
0.125635613956249,0.262207733676899,0.295121271848174,0.520650907172056,0.252184141085649,0.573920870802919,0.133834603446138,0.308775299417848,0.104986853652359,0.330982011014732,1,0.237613256686764,0.0306267310715491,0.374654631074611,0.334867186664485,0.103400563640673,0.436521100465236,0.214896690928211,0.0668590851892049,0.489328163145591,0.117195200921407,0.360874133023224,0.00881220686056133,0.0599958151941745,0.415865247057306,0.28748383459119,0.192564045347953,0.379164614104308,0.318222715934904,0.160898964017578,0.273270667347047,0.140899631882194,0.0224617455493855,0.0369066832917662,0.217175188132758,0.0948679298480121,0.0140222001543666,0.00266554190936814,0.186976895119677,0.189808039488585,0.143662583757263,0.147755954066963,0.0283875294915268,0.0982351181033098,0.0936087340279651,0.499660946443466,0.00883313798735559,0.165089026554894,0.21499955950783,0.110884184920065,0.107716408737622,0.299939329108754,0.335799439480691,0.544039502319263,0.320259456978104,0.252771347287898,0.00280887347258178,0.0332957074555362,0.226222852543967,0.204278461480436,0.0538623334702709,0.460000681776768,0.42256300959369,0.0937290559809732,0.130937602189615,0.0414663260806293,0.0612567818426922,0.462739599350756,0.344516769633161,0.510062715735103,0.0389655557847244,0.198650708638622,0.279771274347011,0.30921063446009,0.101416171764265,0.200240041513136,0.348387786307012,0.252187921643382,0.243286439855963,0.0643776545304799,0.0617093018625245,0.152505511488125,0.249704084604996,0.134189441779834,0.00042384252641168,0.289520944651046,0.143708735100845,0.185841994475906,0.037351062383657,0.122107573644176,0.00392138162450599,0.131666943837968,0.300906469611428,0.229040925252096,0.00311859495632394,0.137973522161295
0.0702024686054172,0.147916475285475,0.212122376666257,0.208549102080728,0.429081011970025,0.00198782919365521,0.0678891484726591,0.590420807824746,0.303043925012413,0.0402221811829488,0.237613256686764,1,0.299385633152543,0.42338571509442,0.272927017390499,0.028419356001402,0.111405299151089,0.753586662640115,0.37765938725083,0.365273534371069,0.055608355647921,0.0450254169692421,0.375899506210952,0.257578113627113,0.328397380691769,0.017731813223475,0.104947764522295,0.383839360548536,0.438105388165794,0.245226571127155,0.0603393644881784,0.180124080097893,0.637775409165756,0.0771247383949185,0.015124622581713,0.363952461401461,0.206056288000341,0.478646767636232,0.364310742792665,0.408852330174212,0.263211830660303,0.187655548091234,0.252349817347263,0.0121182603497916,0.119697638112706,0.198817997711788,0.165741242295289,0.390685690727567,0.543196808056138,0.305782390317003,0.0233409721050742,0.0457278018151641,0.216938844041806,0.0726473377751046,0.633823365872515,0.250734651091457,0.205908339869026,0.0926562035830246,0.0911379673392231,0.201098287244028,0.288307643253908,0.502943476093267,0.148556550894767,0.157930299261129,0.239772471193922,0.118816102170296,0.280775567717897,0.128189470865905,0.0302292449133908,0.186773110397701,0.257151108257309,0.744240424617916,0.374961177913122,0.259831755164883,0.130934149046682,0.441537602438606,0.405555504604951,0.424948499662302,0.110640851911486,0.310571816334833,0.117483447812186,0.143768601844522,0.080400281566398,0.0396154775239421,0.17784843003239,0.367472788930966,0.618128513211046,0.306734807374322,0.304026027288536,0.0108411620657918,0.152238028075613,0.0748011841745042,0.178065394185066,0.124548923466626,0.225607790157361,0.144953353700023
0.178487606028674,0.305746939432982,0.284684564436791,0.0581719229700743,0.535528587439908,0.161822267595785,0.121521344654566,0.132385269694283,0.209809253848192,0.342480197114709,0.0306267310715491,0.299385633152543,1,0.296183903207029,0.244946864387328,0.137262896703764,0.0176788023570643,0.388141329932784,0.751848014003032,0.302432243899817,0.235762714524548,0.3933876238735,0.565374955216018,0.233939275227833,0.0209153181175203,0.0421449081953913,0.0965167744023487,0.275389735640331,0.294565846335287,0.00847464725251364,0.067739736352067,0.152257221333307,0.486370148966393,0.121603370557806,0.272610206900156,0.24182733655968,0.275426186176267,0.350255804761042,0.221652215944511,0.434611464257823,0.346271685603241,0.441205892856334,0.121077904882338,0.544014102480633,0.190852699185009,0.0734028773212528,0.212612316541193,0.112221667493449,0.294691025982494,0.102157819817243,0.23874154377561,0.0541908136978435,0.258384949046754,0.0677179982337111,0.134225505662289,0.420552485507087,0.238074818742384,0.150097758976482,0.111899729672304,0.106243518789921,0.311165425195899,0.0653076225637399,0.0625564847826394,0.0492587301740944,0.237752985262951,0.0888630109150196,0.604938332954495,0.264000006516165,0.220010936384252,0.0948895035672529,0.670261895723295,0.487132671856639,0.00569454087381834,0.0190106044648978,0.180901895407198,0.428171319942045,0.0613772958573893,0.169514760775046,0.276639990622449,0.0791722043554241,0.00301515341568208,0.0750594397247259,0.455334179275097,0.0331096829708563,0.264813698314392,0.0592638165688574,0.501752011553262,0.17609321797566,0.229985708125975,0.115820777579562,0.0431436736307367,0.0381208676667098,0.278614996398679,0.124332490175364,0.0726475147116891,0.491192017619073
0.0730770417254833,0.243637783531293,0.143432318377041,0.539082400932568,0.694459220799952,0.338981885179813,0.409841712330183,0.124164308891933,0.171193673079654,0.161612613566826,0.374654631074611,0.42338571509442,0.296183903207029,1,0.0725806839774311,0.00110447396314413,0.499603689225682,0.343432180400247,0.195277171491786,0.159060570494375,0.462570369459761,0.359252813323329,0.0837967012641843,0.457451563946933,0.57038455788816,0.0352206423293217,0.129233724098815,0.597077504514941,0.699440395398123,0.549830970233397,0.307696018414887,0.652230581098785,0.438832632391934,0.324044886203696,0.144730079342902,0.515888942068027,0.50868318179125,0.365061783478346,0.0509633877087291,0.654100949882443,0.360420584968992,0.0811794871656408,0.205211308033416,0.127427013915794,0.230668947648778,0.155700837900267,0.19946450925461,0.194450237944533,0.581652166296042,0.0243489101662074,0.257549507514298,0.292158684073024,0.513806223898537,0.406376141782366,0.294252857001009,0.0248224152953847,0.0783209880312399,0.412721174007507,0.365994942642383,0.235410522928813,0.227880889490899,0.603215378849061,0.0855698306303586,0.107024316664555,0.482685737270539,0.144648031448584,0.146391073990358,0.153426039512173,0.20017058163443,0.487713503830065,0.0131299446046926,0.540922103239687,0.386544945496103,0.353209029343361,0.0926601920042934,0.626895380889763,0.516086254625014,0.619184187896168,0.015091596496776,0.416854451055394,0.247658042236965,0.302462426929957,0.0476235637989546,0.426743686498018,0.610204325763912,0.135378912974669,0.384852419137038,0.144451461394321,0.33121296705338,0.00342818493550859,0.111560138712102,0.163427691049813,0.271518133905818,0.0802591330304096,0.0484261560893862,0.343022098053429
0.277481536975804,0.461432093878756,0.271935259050552,0.206230359988859,0.051796144193886,0.270803789172717,0.056112513641236,0.0534033655752874,0.151167543182213,0.425716922333047,0.334867186664485,0.272927017390499,0.244946864387328,0.0725806839774311,1,0.299640511852946,0.0568530645764737,0.293986988611806,0.263363811438496,0.539837185633688,0.139967594676822,0.238744286191045,0.24408289757662,0.310160608520442,0.269890679155131,0.514954760496658,0.552996886772374,0.0350511205427728,0.000138961499789209,0.174660286526649,0.14658529135443,0.0375380988276301,0.45727107381568,0.259173001327293,0.240246713561256,0.150647536123345,0.0630949217905123,0.41568539944957,0.0426715660679584,0.0262996036561816,0.0941096644301981,0.183502197624009,0.153947766666448,0.312999137763237,0.0747088899994264,0.284726953975906,0.15023522184719,0.0274445796722324,0.245332659177345,0.550878720146873,0.261423433319182,0.00851004157576085,0.0789793666661362,0.150177948484627,0.108867981804521,0.165803788171263,0.0783385624179727,0.104550791611501,0.144436562072279,0.204280456603772,0.0337072061625944,0.126498247615788,0.723482201840715,0.29617667461184,0.0743340953758863,0.427272180926853,0.290493285091332,0.492534237270365,0.415081925348311,0.169214519979873,0.286032483494488,0.295852995742204,0.249545590413201,0.543457099189657,0.535845508716043,0.211787011440628,0.0314856431693639,0.224992878063047,0.238299356875897,0.179649338064296,0.266995173790086,0.283925354850989,0.313137965174236,0.159737596554291,0.0909551724853639,0.223081701499273,0.264363734927687,0.276217216009362,0.202688457007561,0.335034981374686,0.00380039075454593,0.0939668560200618,0.0677039098316211,0.30393184740563,0.00664421061362919,0.213377255482976
0.129037003843412,0.141076845969655,0.726885727943992,0.205487741665166,0.00847859051721901,0.0345979000450737,0.0798419065735296,0.245608143161002,0.0043640282841175,0.47848994425084,0.103400563640673,0.028419356001402,0.137262896703764,0.00110447396314413,0.299640511852946,1,0.017894246262342,0.0588631799331862,0.043314440486827,0.30167093665691,0.3010718860319,0.237320099875931,0.0838826268329979,0.264366741743191,0.2672384805675,0.59306328098498,0.664657011469426,0.00118030719456435,0.122640758436391,0.170273778381291,0.182910130408532,0.138558520068701,0.0653241834020957,0.323955360033225,0.0897775562253168,0.136755828958178,0.0721591756732352,0.297800512033695,0.0657061587188768,0.187265229980278,0.131514078250705,0.184940040105449,0.195559913711905,0.397805899314609,0.163047749700859,0.0345104768923176,0.23614939776661,0.0605408688679085,0.0307890831899669,0.312830412421417,0.226667718093046,0.146051697746132,0.388266570935765,0.0253037841191938,0.163389047711937,0.0523103695135748,0.190650651806785,0.334583150210937,0.151978451807308,0.177813496207749,0.113335086542322,0.38346214497034,0.399193572465146,0.412855075688207,0.145721080588307,0.117384447177985,0.195374080077913,0.186563042930785,0.426139794261413,0.263704316173491,0.17772906544313,0.161360146782061,0.222948979469661,0.394018430531111,0.546709939079829,0.00868208688424278,0.185762074865311,0.0733757662091229,0.289190021395576,0.162195262322579,0.201647343960986,0.381503128335774,0.145401393903613,0.113650665242923,0.0250222620739927,0.00371769562037072,0.026202271346445,0.169495553718583,0.0993461716752714,0.226632831729549,0.0413171225337864,0.260095148602504,0.0429624968724045,0.0738754618644499,0.0555319499885217,0.249974473903426
0.132910125170852,0.037941495779961,0.156364797252718,0.661484500694603,0.241396699279272,0.753478319903369,0.278048534153702,0.118984649557676,0.425305946544886,0.240323080202229,0.436521100465236,0.111405299151089,0.0176788023570643,0.499603689225682,0.0568530645764737,0.017894246262342,1,0.258406005660177,0.118458126646323,0.380826854745472,0.435886833123246,0.342945043927275,0.291413856568437,0.0948333190574987,0.190431326296594,0.0318236910429658,0.0307642288803868,0.308834433303953,0.269897119872537,0.444676705173964,0.354626023464802,0.437687321495238,0.165333511289093,0.0713374387951578,0.262896872136205,0.192580515389435,0.280451620940955,0.0599491004624356,0.144873893279893,0.436077214949178,0.316224888051542,0.0421705694840303,0.00968569755323228,0.00974273070627257,0.367202259266116,0.299719739963909,0.110554560488044,0.0500462944070435,0.28460358608981,0.0170703684612742,0.0973924733870209,0.551410479389748,0.356854163709198,0.684510620302125,0.145187402229049,0.47171031803697,0.0728430468877138,0.170106167458374,0.401344625270948,0.21179258997518,0.323534069368061,0.427928544948849,0.0778001693470398,0.219811896380796,0.477144556654854,0.0739965969978793,0.120953884507704,0.3882138193345,0.281927213198235,0.245447580075514,0.158634165972808,0.0425681821621608,0.0883896017688229,0.0718427058998003,0.02465531430583,0.339618329840398,0.241557564876093,0.574262320066294,0.0744275208870761,0.501200543668025,0.256179364790098,0.115324997893433,0.118543271685544,0.198212655284048,0.396998716270816,0.140008437426488,0.077975611526296,0.116909799164782,0.297463402354367,0.0757873964548123,0.0569197308973989,0.0312208568554525,0.333593593291827,0.284322000011278,0.0398250418035996,0.474471150653706
0.0225544041092335,0.174496998697898,0.0430201270686538,0.126496507510654,0.385866172697455,0.0156800090535059,0.0930964958925932,0.422710159762333,0.217232754687391,0.160457676493334,0.214896690928211,0.753586662640115,0.388141329932784,0.343432180400247,0.293986988611806,0.0588631799331862,0.258406005660177,1,0.357571442530838,0.29035025962043,0.174991477308635,0.0472518631052424,0.440357302505668,0.180936425158059,0.292213981323203,0.193604400923388,0.108929668642446,0.437691233420761,0.262555254214691,0.269047873060793,0.176928035796077,0.217445908435017,0.674225010610748,0.0659450018313586,0.226146739418926,0.305430326772015,0.139310071651186,0.433831233354178,0.476135302455834,0.49499133471443,0.424620687994117,0.207706713573853,0.15652093464849,0.0448275592539033,0.0307207063829824,0.0602143241398055,0.282309008174213,0.341495304227561,0.578304790747258,0.459414333190016,0.13449618609445,0.0416405607934823,0.225789486720978,0.0697184792818858,0.57676017038715,0.221570122905197,0.382195823012661,0.0730855224496183,0.00523650861040339,0.102027564787726,0.00323012109628522,0.459243436203095,0.309208229662184,0.0294251191994145,0.316581790434122,0.158260838861737,0.307663942354489,0.0225467999484439,0.092944009859129,0.103032508831994,0.348961370048467,0.713178812289291,0.40977401466725,0.112481118164235,0.415727327636311,0.452537520884285,0.423614066794052,0.479874713039484,0.219239726418805,0.446721072359959,0.196528790335767,0.110389874048949,0.122636010625992,0.00823008055584349,0.168214613332945,0.23874747894496,0.553269658024066,0.323578092795576,0.475248676391746,0.123866062520084,0.120492027449466,0.0136885457586244,0.108582713877256,0.178332004283886,0.192043057719584,0.284803464846552
0.0160176404745644,0.320533885681644,0.106085690153965,0.0349480001238517,0.536691167137495,0.208185042171837,0.268092228815859,0.151542413636609,0.317028891894163,0.0484267910124102,0.0668590851892049,0.37765938725083,0.751848014003032,0.195277171491786,0.263363811438496,0.043314440486827,0.118458126646323,0.357571442530838,1,0.161683043048567,0.371192104901813,0.480556823418308,0.852713946428425,0.0831181542868177,0.0349195452609966,0.0694462521478665,0.0542943868989098,0.112924998679956,0.353562674308678,0.00406834332594377,0.208588134631072,0.00774349311433856,0.496986305360784,0.164286391907072,0.309882830812494,0.228891303422575,0.288559169725217,0.311343727309387,0.103097329660874,0.299091944074935,0.243642991635239,0.342083995411027,0.141519570376436,0.303416589431126,0.156986858444859,0.0155404138245991,0.041400597976247,0.1564778839188,0.273620481547982,0.191331734367581,0.191085778638107,0.116928289272033,0.206839946324741,0.0732624389015156,0.209046358787372,0.419476144017825,0.00967700284429643,0.0662955531403592,0.119301787844349,0.308276872140238,0.344286095145777,0.0141144411795444,0.0619753275913165,0.116321772344338,0.0921950806838464,0.0321299947103147,0.81645534806489,0.0646326543165458,0.276714254425572,0.134496481355077,0.908395802484775,0.507661476943116,0.105299853920497,0.0679383121211106,0.234117863431607,0.323270323763966,0.163498399530772,0.0665236430676794,0.171025743035136,0.042970139653471,0.119007424341243,0.06422404715512,0.291876725351528,0.0639362576147153,0.233491823447481,0.0118419448013698,0.675081940740931,0.187871202669788,0.27515612993043,0.00430937893495139,0.0697339336853137,0.231174674324467,0.0567931918906976,0.272617903762191,0.105764591756588,0.152957656435204
0.0946294899642551,0.473146605822473,0.556195731317505,0.459827881534047,0.0930227050114667,0.459750146192087,0.0943207324698618,0.500859938796382,0.180621655303156,0.433392893521775,0.489328163145591,0.365273534371069,0.302432243899817,0.159060570494375,0.539837185633688,0.30167093665691,0.380826854745472,0.29035025962043,0.161683043048567,1,0.16096031868848,0.388350842769398,0.101766017825626,0.426811748269293,0.397797421912155,0.420334283114067,0.54341255191126,0.199042460692135,0.168492666614847,0.211277844343364,0.195681616832565,0.196064536059578,0.0795013579663747,0.189437186185277,0.480048928461051,0.190665872272439,0.0904343785118277,0.118699478748555,0.325969788087092,0.247505427603182,0.135178955791862,0.421910838587849,0.0389967136957083,0.473755557589156,0.163598161359089,0.100990017805581,0.204848356256652,0.182012901521975,0.100443898050229,0.282191762529939,0.207877387639418,0.111488432702489,0.244782780323602,0.229204937584095,0.401070127268226,0.154210346652785,0.0239154526349889,0.159993085434041,0.130760430223717,0.0116824163462989,0.0159256616806915,0.498492492251407,0.409506594673056,0.146200347823177,0.127931555545879,0.38473785295746,0.254118713135805,0.725796981445222,0.465916247694977,0.251271791071934,0.230127568599114,0.114707961515619,0.512609401973617,0.455757909692953,0.345737769506622,0.0929370263110835,0.425196641478359,0.275685946361239,0.424215382570405,0.32224432637367,0.107012410226142,0.332829865175543,0.497891273522028,0.046550132099017,0.0994311532885098,0.259135288023439,0.00755014099145173,0.130471081742265,0.175024081294357,0.330324620388697,0.052785770335809,0.110284794673643,0.103875877547048,0.388881856037954,0.169673202857224,0.154616394980578
0.0477838379988302,0.135817532940133,0.392682514378909,0.577782277080525,0.170652770237425,0.46726520219273,0.325127922247991,0.0623569993457695,0.618635623595222,0.00719507281423485,0.117195200921407,0.055608355647921,0.235762714524548,0.462570369459761,0.139967594676822,0.3010718860319,0.435886833123246,0.174991477308635,0.371192104901813,0.16096031868848,1,0.428010682446569,0.610201994252239,0.262399633847679,0.281698758913438,0.176573840542942,0.298208239082333,0.187218988684979,0.267712887089633,0.314213131687206,0.367154039422083,0.318188288338194,0.0250033551582098,0.284118946435684,0.0297400952769668,0.252969608179642,0.352494945779212,0.136673668051136,0.0580330746750197,0.0815304462299418,0.0207793649517192,0.124734172177543,0.302140413307379,0.114750402763481,0.349574713206896,0.301186357877155,0.00234651684033728,0.0849091166206272,0.13048741807665,0.262877594275268,0.04981673935882,0.433380664630656,0.390256205839305,0.496437073344417,0.210417681459134,0.330650559579516,0.268125235869146,0.0152226613115037,0.352476245441664,0.170516485709659,0.349054770642503,0.368220078238806,0.245483574150453,0.00356496659712625,0.017175756976981,0.0250277032975873,0.491212302638511,0.120767005235065,0.500843377360402,0.273111604665079,0.53092963144519,0.180401398785004,0.0082696103483543,0.322415568272689,0.373634118196639,0.170897695817571,0.299571869415993,0.260959820215373,0.0814575102204568,0.199964034373875,0.223433327243136,0.26074058971649,0.0506449582654997,0.249466139664647,0.313807355383887,0.09004561794185,0.141223354068416,0.0816935705135046,0.120808334452719,0.304318075826261,0.272245910665921,0.0809158115100529,0.33252604135638,0.308013920306622,0.00356654514293313,0.100432807422989
0.0882571281108463,0.50848925525872,0.437352133033535,0.358171028367571,0.0335286019112622,0.548027266041725,0.161941381522109,0.185073970694072,0.243808454462944,0.0899838289698574,0.360874133023224,0.0450254169692421,0.3933876238735,0.359252813323329,0.238744286191045,0.237320099875931,0.342945043927275,0.0472518631052424,0.480556823418308,0.388350842769398,0.428010682446569,1,0.524004327367981,0.121045309731499,0.475239575112721,0.227891869380777,0.416818113237573,0.44251112626892,0.0928014968433009,0.365095476925289,0.511380318239874,0.346830264162221,0.0534116133989482,0.270157961947892,0.207505609623164,0.133009397901073,0.00918426011974058,0.0261501772462053,0.203502197815256,0.0608267316127539,0.108042658759035,0.159650652285409,0.177661214784495,0.104978143724563,0.0599937920188963,0.0421544840830496,0.025490052662982,0.0300647425637687,0.0351638649528242,0.291829279995204,0.0946065542866339,0.334351429187462,0.16212434522955,0.443071478705203,0.130642576456411,0.337171520292251,0.0222121178602291,0.17348897273493,0.175708200212148,0.425284717802019,0.21959156234729,0.326086263078958,0.411441558807944,0.0279086245131302,0.0527971505264955,0.0326058637366644,0.601852857585205,0.452214927371968,0.517567780502882,0.774229320929745,0.600724739958616,0.152920686985272,0.332938717259727,0.307620495606607,0.505218436728944,0.318488363047744,0.286288059661719,0.43508422822582,0.324886813769498,0.26742330274182,0.454563222557008,0.560179417788747,0.25385999203105,0.371922193094298,0.135545323364794,0.084891852150412,0.123962037314119,0.249017790106504,0.149765155736861,0.140895198672539,0.319721588182413,0.0669834297808271,0.0658832209325293,0.146395050165138,0.26040584455094,0.101994263144637
0.00498257573623177,0.194869013030256,0.170085269908227,0.238175927615269,0.307126933268966,0.352256360739916,0.106200868867884,0.0454838657613036,0.483494096617575,0.0409196590405191,0.00881220686056133,0.375899506210952,0.565374955216018,0.0837967012641843,0.24408289757662,0.0838826268329979,0.291413856568437,0.440357302505668,0.852713946428425,0.101766017825626,0.610201994252239,0.524004327367981,1,0.0751726134015963,0.0572055995633711,0.022621575062121,0.115250970899688,0.139971045623139,0.104073790249358,0.0700661625900951,0.274273391365676,0.0892246865131081,0.465914469792962,0.0509331335922815,0.210713232250157,0.145059106403978,0.102782966949993,0.357717176445854,0.152296573464898,0.193900515642298,0.261017533369851,0.173075626187405,0.271623328425902,0.208954344630199,0.289200439843569,0.13660379646925,0.0235175293675927,0.196272216971303,0.188046488832602,0.357976733782282,0.196411401142201,0.245630894575154,0.0706881922870902,0.290913221592278,0.250193361012834,0.584062904208498,0.0524607545885232,0.162951941852438,0.345476907107429,0.323088885027158,0.420906824789097,0.0882738714985467,0.23391648451141,0.155867481328346,0.0341296540609667,0.110475483214989,0.804683801563926,0.0915000467173962,0.423765377184332,0.194922365877325,0.912369605407351,0.53615689698312,0.18627541334943,0.27963388538629,0.425436416707067,0.247186960217686,0.0976710424761509,0.0418923750346459,0.0818960044895907,0.0453084670919043,0.101607533938014,0.189078709442951,0.267629509629693,0.133149254267753,0.0517534727419328,0.0281391373400827,0.679163111797234,0.206450402255755,0.329428722193358,0.11880430373741,0.250357178477558,0.151961424969789,0.212727945415205,0.291863277429063,0.174085824433156,0.0341549006167372
