1,0.430972344665611,0.218434073635484,0.14726771694396,0.171985728011075,0.060178511972421,0.345418342194164,0.155794159719848,0.129596437159961,0.0504778452169532,0.0210455270357199,0.0571614883366273,0.255007863011429,0.0195367999918884,0.0398178776432299,0.0128571817372094,0.124474284170146,0.0291825653715023,0.158702006687791,0.140758428993624,0.152690391271678,0.0749990157269774,0.27274420434657,0.177492985759282,0.126530140152825,0.0382945606994655,0.0478382581124231,0.0921259955175362,0.257201973881224,0.0397504285784835,0.0521499499755195,0.188938171538332,0.217099117227248,0.0170043526960759,0.0558037478217032,0.339119976126904,0.22877596089808,0.0965962933728001,0.201158595672396,0.151967133432825,0.22096727279406,0.179110940544662,0.110869270406777,0.100771707355611,0.06042115145094,0.222227253626483,0.0508811580484977,0.00697098986822875,0.0797432289879224,0.322360590923109,0.0797329132846514,0.129117182464459,0.152719214315812,0.158945590564375,0.101038303077675,0.174890284042802,0.0869378659798963,0.209441009339819,0.0766566971815483,0.220105893192989,0.181591958011749,0.218192768420474,0.175990843600427,0.34903252555006,0.00883594528186941,0.0829871133837988,0.309482469635498,0.205019117682672,0.00674986783401092,0.165420706532928,0.0683426913871736,0.165653441089509,0.180135270278131,0.258303284350924,0.176090242535552,0.0420468549433915,0.0494699663908615,0.499191284145769,0.0423412783062232,0.415561702689893,0.101535632762044,0.191149721437615,0.171220741520646,0.125605044411813,0.0235805166860326,0.0757963586998203,0.185993345374285,0.140891434456646,0.184829452026056,0.139927041213805,0.0423915071684457,0.066417742627213,0.0475733315390697,0.244138101176486,0.0625640038381062,0.0135379889596569
0.430972344665611,1,0.125951663783032,0.269721154016376,0.30745236845937,0.0472055398629313,0.628869829158284,0.225201964268665,0.291055722596995,0.035637390668454,0.00102998060920276,0.390835968884048,0.0151491637835578,0.301704402018733,0.0151294669869451,0.0886570360318483,0.0579600994802714,0.248391853224207,0.210092338859617,0.072604394369707,0.221875531138739,0.146388228356847,0.248680921058464,0.311242503577191,0.522640998873881,0.065181433967042,0.0875314009638194,0.115137958608291,0.133256459873709,0.408075638459184,0.273490043021288,0.434036052840511,0.598371396328479,0.172793546530184,0.107194571219167,0.336585674192012,0.309182292893491,0.245149890540383,0.417820536846523,0.0918182887583763,0.28114543684162,0.0204373516149293,0.0502145998553,0.16971527458922,0.0106183361029989,0.0756343069811083,0.0176360613875253,0.0419148758946013,0.237185212068006,0.0391861440955988,0.0349131505893361,0.267183897956904,0.00457378230232059,0.171799080082655,0.140875373582673,0.149215673781134,0.215187399523173,0.239379728611235,0.255005618644052,0.0670634925334791,0.0522605162543453,0.0728884897153951,0.21708005223904,0.402414787393501,0.197589979330934,0.107039513402519,0.304122912090245,0.156176439196912,0.0969056107700613,0.0555483962742338,0.0868836347071118,0.194190670669327,0.110217443869575,0.243446081357725,0.153495971372404,0.230233433761401,0.0890336010164492,0.442223638463334,0.0691574602724603,0.370428853606909,0.168555749755162,0.221001084089097,0.115892983311225,0.0765660872224821,0.0938983573458633,0.279286649934025,0.0671109727105449,0.194950745425829,0.243111193704754,0.0200737505163837,0.0186452549261988,0.0908806119917832,0.0397598773771355,0.0193930065930796,0.046787770804384,0.122637990938353
0.218434073635484,0.125951663783032,1,0.0997482731208642,0.0887543957765379,0.145097711566209,0.0740899970006856,0.1307355096468,0.0230701510210614,0.0448557354466056,0.0858093749515619,0.0368292892473094,0.203845181759187,0.00857224466527039,0.188846918918531,0.419437397185267,0.0844069245263879,0.0159815583691874,0.00977305465877698,0.209201215419943,0.0802721626190401,0.0457405598074989,0.0300204783276353,0.100969365496167,0.10266623488319,0.279089611256778,0.48956443338158,0.191974456851104,0.0353999900559592,0.147043749351436,0.0445351604934382,0.0500782508741776,0.0924813858998984,0.412660463554413,0.255357010620312,0.0204978063056345,0.0412152248981683,0.0648076820146451,0.0490856250212155,0.152693764018549,0.00190360658490526,0.0747323431445799,0.0891957872731292,0.0344916751430559,0.0809970838277501,0.156515438615542,0.00324832982761008,0.0515282604763324,0.0655091537496712,0.234115097603182,0.280433265720851,0.116692015029958,0.180937492184741,0.182729088108304,0.120210121154762,0.0199928463749713,0.0838213264772916,0.0318932083518284,0.164663909962427,0.0845371175450689,0.119222105082156,0.0134959710474681,0.0268388202133822,0.372436245520986,0.10699066466115,0.0841556916664802,0.0103917645959208,0.00841926633933038,0.188863618626196,0.162633973475874,0.0558861097222181,0.0141006030892915,0.00272076575289685,0.0547655041624107,0.323394805201397,0.15274295867321,0.203226681998358,0.0421720249887368,0.0551224442946151,0.0108432826350258,0.0651689745647444,0.256004615805212,0.113011931450084,0.139671506067571,0.0315335636299567,0.00373996442514472,0.0528886586211805,0.0766600431601649,0.0784737213205482,0.102816072232481,0.0587150263995833,0.0888995243031894,0.0286344659937697,0.0846176802820737,0.0940511961571662,0.167586077111285
0.14726771694396,0.269721154016376,0.0997482731208642,1,0.311946435499047,0.50331078279219,0.466275587422381,0.357515191566371,0.23520301999614,0.132245795056694,0.313682582507664,0.115348585007116,0.0985689810803414,0.276294726677973,0.0514849899620876,0.169477337001025,0.316803342975014,0.221749652132216,0.00623576294041384,0.126018424601309,0.0540518334391241,0.0687199426172024,0.0285620317065395,0.0893311372033443,0.283689539102311,0.029123322472502,0.00517910748690447,0.146757067403638,0.289669043724563,0.249240876612796,0.0462302926675835,0.0267468096539505,0.386074644913908,0.173276085942886,0.118842947210194,0.266366966566935,0.353255938964667,0.0061967852264444,0.0937308762093121,0.0444637243008904,0.096456192462995,0.0978988496912999,0.103818652924561,0.177146228874408,0.0050114229431186,0.0199939129843586,0.105381033146183,0.0401642222155869,0.118375700593534,0.207816115321689,0.071112912887099,0.0217146750327881,0.213590524887548,0.072000250068933,0.0499882238606053,0.29824569249437,0.0721614826022205,0.0784183287577335,0.128939301181771,0.229655175508148,0.253752462242141,0.126731193237601,0.253131312363715,0.211984392604898,0.130337858910123,0.242659294196625,0.144470971201612,0.103033231891276,0.176715113503403,0.0895779140745219,0.0676351195664096,0.345993261126509,0.197948592000383,0.196321963497107,0.180047358833406,0.0792758577813629,0.252762803811051,0.181560899571201,0.207052209902988,0.0797355224142776,0.141609103080058,0.199000408358726,0.312041100534629,0.102920906530199,0.196232644065092,0.01806649970829,0.451574691941885,0.162718922511116,0.00797361301726556,0.1036342631407,0.10513875817919,0.0218323865419029,0.185967319001948,0.108973172425935,0.0732742394242824,0.17662693664062
0.171985728011075,0.30745236845937,0.0887543957765379,0.311946435499047,1,0.0794123846623372,0.282910194642996,0.574275507871993,0.203069423967009,0.0851374910491043,0.647422395633917,0.506384868548331,0.0451655307481932,0.616776946527449,0.358490458059747,0.012253500415846,0.0430195334278544,0.392430908736859,0.108555023017828,0.293101298286586,0.139636368240554,0.108173576466945,0.196531148247662,0.324200665859527,0.294694159290312,0.0457651183034567,0.117464415824859,0.491117434747804,0.341430171544496,0.240430767102107,0.180896975574796,0.157959641472536,0.468869078215092,0.0756623479514478,0.127287199512301,0.352039048631572,0.592700612041718,0.126934462370674,0.022972292504,0.0217770942643529,0.0306673168025883,0.240062599135956,0.153187441294381,0.228242430741793,0.181263625021703,0.227116278866951,0.198103117582117,0.152894748987507,0.0676655704329355,0.269429379045787,0.174905233831826,0.0710370747337403,0.537491118814173,0.297823711719404,0.130407560168496,0.378498886566091,0.122225307516911,0.0119884412993228,0.0195453673802111,0.0821943800200184,0.0919916123217052,0.61481182054712,0.455051817469746,0.0574935013645743,0.257093799299265,0.157473338211796,0.115487980363087,0.0894627212521219,0.317423655657722,0.0077715457931421,0.164232818146157,0.626081164018026,0.411752406882779,0.262349260027374,0.346117621962416,0.285926547018178,0.387785077166701,0.13347345689253,0.578198911267079,0.00632270492547125,0.0464986637669159,0.14143659953038,0.521759275909168,0.168990098537905,0.446040513415318,0.158832843293649,0.568006315237756,0.215618604394425,0.0727918205703524,0.235108702824926,0.387703186899694,0.288697137478833,0.115029361945532,0.271039116659799,0.15586818038588,0.121241006472157
0.060178511972421,0.0472055398629313,0.145097711566209,0.50331078279219,0.0794123846623372,1,0.105733574257375,0.154666699219405,0.0222211242422442,0.0962676555926944,0.00583993650642922,0.230866295572277,0.134770246938837,0.0115893831178895,0.455624284289232,0.0271517479413915,0.49031560243026,0.0795054973137927,0.369910758024543,0.229543356328211,0.225992412923659,0.0292522224754128,0.350047243835468,0.0968716476985963,0.109443601610232,0.114016066405571,0.209631935049342,0.300765593477919,0.0996803953136455,0.043955391753024,0.437112861872776,0.115390288388739,0.0438559108259779,0.29517372905795,0.0665683250643159,0.260308455849885,0.06032479009133,0.165175949567801,0.0167781703459278,0.143155767275239,0.130846601465672,0.000932876251338505,0.0203953402095634,0.00990775275965341,0.273322500409757,0.0600902950989922,0.103712809477466,0.14719400538121,0.0265021391959706,0.145960835090237,0.121363284188551,0.225976749484338,0.176715157837904,0.446530986753895,0.115577508536808,0.163372168466337,0.117582468237859,0.0866089438636905,0.0728627769979412,0.0221782064788513,0.228622481032941,0.0586111273753911,0.219503333815014,0.0749722970643335,0.393670709984311,0.00279301340843633,0.220054104851558,0.169197249475308,0.0114522106687438,0.256462804713455,0.165939272644174,0.166140972983158,0.0400333543213576,0.125635635421759,0.309359355489917,0.130942193975467,0.216901022457183,0.140023853280171,0.0505802562407948,0.11700176871767,0.0149856550136164,0.341361863703524,0.0055049846696977,0.0215154491238373,0.241639671916485,0.174101233111308,0.196739023921247,0.101379707996379,0.112226412365529,0.0260216040580381,0.139417248323202,0.0783792493094182,0.257555015550129,0.109061638628348,0.0632014237121913,0.363259602771466
0.345418342194164,0.628869829158284,0.0740899970006856,0.466275587422381,0.282910194642996,0.105733574257375,1,0.247991187872945,0.562032085375685,0.182444050847362,0.080710607409225,0.292556436190711,0.277175932180118,0.341038049742184,0.0641536619765564,0.0352334887164067,0.146976850510835,0.217592204982962,0.240623547849697,0.0318742419692531,0.352261056401545,0.0446101951314051,0.221464372008551,0.081717525416089,0.435061224826834,0.0323228786546539,0.0200957186378447,0.00138868452186799,0.375640848623339,0.361274075955014,0.109864996315017,0.293807848115571,0.475861935200799,0.153541438607274,0.00866379222920718,0.452365684717,0.35211325334257,0.157758814485508,0.23306598071764,0.141330654320408,0.201431185564732,0.14904556109845,0.240075968472497,0.0456076501127442,0.0801571287131179,0.000555563533186606,0.0605810148212454,0.0370423470989503,0.160551903032729,0.180837916712521,0.159612277990981,0.128076923336525,0.0563392549693475,0.0264598960579271,0.555425982027058,0.0472044324945579,0.270970030145282,0.213524292126532,0.285933982833397,0.102412029703738,0.351093902844719,0.167855163528001,0.171231563754513,0.294531415784086,0.0331973202321415,0.0156725562824052,0.267740139029482,0.100811530799729,0.181869516256753,0.214504652180456,0.195830269618391,0.169573446121207,0.0283775604365776,0.218549049829532,0.0940433904759748,0.0772873521677346,0.289578016062264,0.325028227141418,0.212737365655272,0.265253563101343,0.291257754949078,0.136951876826225,0.19950095814951,0.228959071878102,0.084351025316242,0.112782751978414,0.0681465075103995,0.33039789882952,0.0027170667094753,0.138347845855499,0.0471996306548948,0.240257489036389,0.0024748158455693,0.0304213293446378,0.0241644442270352,0.0541501848702567
0.155794159719848,0.225201964268665,0.1307355096468,0.357515191566371,0.574275507871993,0.154666699219405,0.247991187872945,1,0.237828415354928,0.0307661659406905,0.476532042656998,0.380511781342462,0.101506438655918,0.289994332807005,0.049059869533091,0.043931523354319,0.228847797269145,0.586476986909515,0.00881719222982713,0.554701259268249,0.0601380894067129,0.147125140797624,0.0824092213625718,0.0794166432821993,0.161159756333832,0.118797431037543,0.102288838211071,0.574642454632293,0.251763268972943,0.106144379456734,0.0276024848013896,0.182142569051834,0.551371116001074,0.175916126292068,0.423651017260307,0.37217119636697,0.498762465182229,0.0491644380431731,0.262673388977026,0.047658361458943,0.11836937826893,0.390592361436948,0.221444712790112,0.0976793629746608,0.276656328887204,0.275281417902079,0.115781677728549,0.0571466965198714,0.00874219935136546,0.0909046257994948,0.152460058456821,0.227455866513,0.444022959889797,0.165179617424696,0.0505242003065967,0.0386738563963799,0.0142029234723506,0.0877276445243736,0.0148719582655982,0.0540411052262434,0.028777773974669,0.402984460994844,0.0797981859912381,0.276439079312895,0.212779288539395,0.145345207215874,0.0628028690310407,0.295473697643906,0.234236552838615,0.116082972821836,0.063622225158837,0.314069480193978,0.370517048382748,0.0287130393291678,0.148443446560769,0.521868642699269,0.358188332510999,0.0653165605220517,0.344193308663343,0.0392784253329375,0.157269799403974,0.0556959855986823,0.273833911568955,0.053872793371639,0.458382142933236,0.0928940200095569,0.326482000277734,0.170616373816136,0.124897969057114,0.296196715561914,0.243556886570207,0.0219891854382977,0.421188077632285,0.165495701996469,0.308615748859025,0.199135765934275
0.129596437159961,0.291055722596995,0.0230701510210614,0.23520301999614,0.203069423967009,0.0222211242422442,0.562032085375685,0.237828415354928,1,0.124419357486576,0.0684349152356743,0.264901364218318,0.441733730668486,0.258680083336686,0.0134867036920213,0.194721940051619,0.157310878119812,0.213192467116744,0.39057126244136,0.13787359848805,0.50838851128241,0.423511106556112,0.243784815325041,0.0150161075511103,0.299450759142324,0.0288908309944091,0.0082821639336737,0.124141040058677,0.33040366002768,0.26128024532386,0.0717486544775407,0.198810926209926,0.237444033568737,0.186478838825709,0.191743218422073,0.462239497311333,0.335095365617122,0.112912494747588,0.188014552207496,0.206730957071069,0.195904827539578,0.0537052725541881,0.119491444946312,0.0498894999040306,0.000539448918036812,0.0751970206154673,0.129726829375482,0.0566696278758418,0.0530120171336461,0.0118335320429265,0.0116339814337778,0.0679412557578998,0.199453394860755,0.0626544291683563,0.291696439706051,0.0120249635374734,0.512386623161921,0.0450399817406348,0.081362116183364,0.0899710087304642,0.48712171802908,0.172986307929138,0.0242717983187773,0.022677816309601,0.000343450111132135,0.0765834008698586,0.301049954613809,0.0341477511640351,0.361085825650298,0.513272466251274,0.400741475607667,0.103847639113425,0.181899713785709,0.0511258636466045,0.0212235246132781,0.0242180300470722,0.259162754935184,0.266665665569404,0.138382526259254,0.136213019896783,0.110648113420649,0.0841813259301144,0.000529600234218994,0.224303996245572,0.0737010170960129,0.0291429799588448,0.0103366009792837,0.0743679382238174,0.0211903156579868,0.0355146507290171,0.122349603956967,0.00948379853227307,0.0835124537995139,0.173488024227058,0.227222222549539,0.03779150429148
0.0504778452169532,0.035637390668454,0.0448557354466057,0.132245795056694,0.0851374910491043,0.0962676555926944,0.182444050847362,0.0307661659406905,0.124419357486576,1,0.00896506484368758,0.0253133411534691,0.114351923705157,0.0773755206612408,0.042389210302153,0.312943193717695,0.0724433772225822,0.171407011291568,0.235347675025643,0.205805245659777,0.294637523196241,0.161455462912931,0.246719801431963,0.169822854035561,0.0248428905310718,0.0153551828784012,0.149609280453006,0.113423703786732,0.0342256361959731,0.166484911648122,0.018364612609517,0.0844148900897837,0.261740650718976,0.124586804808992,0.204788507186183,0.0851728830062536,0.107116322632247,0.00823658142448901,0.243018509466188,0.0926967582469707,0.0243018074881112,0.0909379811354202,0.0286308939334821,0.0383926106187183,0.0742225279491009,0.0820870966511944,0.301271982852483,0.14187769145543,0.0830161394404841,0.0248688289107693,0.285088809560965,0.134006540275827,0.245631869345281,0.029232114221463,0.0853756222259698,0.175104094300056,0.146249544864472,0.259983443224556,0.0785406413259182,0.0394098974449283,0.116795402469149,0.0131503288849615,0.0845297985200027,0.353031497447382,0.0799607886725848,0.0671089207771415,0.216896103053845,0.0519190776865243,0.168087171078747,0.117475417935738,0.177093425773844,0.0289618798710038,0.0724158205644636,0.154124690066348,0.164396608717929,0.0171170919202684,0.0133485539791209,0.0984096194843789,0.0281655471831514,0.0577032261554183,0.202250349972641,0.109918618293544,0.114623606851182,0.0835176648926525,0.0323962156783199,0.114859880421288,0.0205287407798992,0.00111852214293479,0.0769375596237093,0.104915594185047,0.0708385902456219,0.151845862748544,0.116245601559607,0.205082081482012,0.111105239932052,0.164486410977834
0.0210455270357199,0.00102998060920276,0.0858093749515619,0.313682582507664,0.647422395633917,0.00583993650642922,0.080710607409225,0.476532042656998,0.0684349152356743,0.00896506484368758,1,0.474560117783364,0.0763872921184607,0.481704860157867,0.291768701287786,0.0667558182012866,0.0704098559518451,0.385721737038299,0.117827244531363,0.541099262020477,0.0651653492152976,0.105585645488361,0.288067845949887,0.336922597083012,0.297061885095913,0.350501358363989,0.204444079913836,0.638493966187964,0.358873834758329,0.0668064359366946,0.113390652849491,0.302478530749066,0.393966552410539,0.042035416184079,0.346298472975884,0.126742257172017,0.305263548966728,0.125998917855699,0.0370362333272592,0.12204753470584,0.172684437381583,0.362397929463355,0.144805058681903,0.207050596757029,0.0198816855635594,0.182854422000457,0.0713470653328636,0.05885193300731,0.146301345684049,0.095875503990359,0.120208753075508,0.220466154073961,0.538861545103845,0.157404503312997,0.114719259240655,0.0985864165615999,0.0787624010991609,0.020375440447334,0.362454307194729,0.0653418003952494,0.0453081263538408,0.705704062524813,0.170054191359235,0.0184124343290832,0.0869365435280158,0.0279346992423506,0.240414635444981,0.281388242966769,0.299858023650259,0.0503613115847134,0.144381879102712,0.397390295234817,0.52758822350819,0.174224091852074,0.270338361646848,0.616477494937494,0.382114472926319,0.0333500148600202,0.579111845279172,0.169042636111363,0.0595819600588205,0.171392767105865,0.308035883618319,0.276475954306321,0.343714454109208,0.306790436564919,0.387891323711003,0.0437890228432348,0.0224745572017877,0.280072005995872,0.251330502738114,0.283081272440065,0.175464672259909,0.332122508328796,0.0416782761470493,0.303668861762591
0.0571614883366274,0.390835968884048,0.0368292892473094,0.115348585007116,0.506384868548331,0.230866295572277,0.292556436190711,0.380511781342462,0.264901364218318,0.0253133411534691,0.474560117783364,1,0.117874156429368,0.438538216712763,0.366246809553014,0.00780325072130554,0.287647563765254,0.621022744342069,0.124626772014211,0.363337524583538,0.230641424452314,0.0508701383602523,0.0116649591378045,0.0230125364543985,0.391675679847397,0.163197044893082,0.210185611077331,0.40385320400656,0.310137163953593,0.223268623001318,0.468649561618741,0.134718634329735,0.528500934295737,0.144060951728985,0.340974415527911,0.349827811398261,0.303726402006238,0.203145938428678,0.274796979028944,0.0436746527671712,0.0395003884559644,0.192024815143327,0.0453221388221256,0.0220729187404511,0.11940156320426,0.505848183679247,0.0248048985267672,0.0293860170003061,0.0538751284494303,0.216262102727336,0.0956799821855974,0.108237046144403,0.398095816062739,0.332291015748729,0.111160057886607,0.248421923400365,0.0400524531077057,0.043712242024763,0.0454646614307671,0.236340069996202,0.0291723410713127,0.45860928447561,0.346991778796121,0.0293032505821557,0.286677349336083,0.114169476500051,0.00733369104176949,0.160771240239817,0.350088368253863,0.0155637158237597,0.00173822950622707,0.4043166288487,0.49830889019775,0.237762960813545,0.326647930732348,0.235725781438784,0.207414947000338,0.239943800657957,0.437207368433993,0.0609935207799672,0.28544378639436,0.392297723305938,0.193608866981291,0.0272404802971608,0.0443231832909286,0.038002085158804,0.135044725657028,0.00334562171975469,0.0806625230875303,0.123881290832513,0.310100803456558,0.137296630015107,0.148156735378852,0.411717216220752,0.230235623905224,0.2576424109974
0.255007863011429,0.0151491637835578,0.203845181759187,0.0985689810803414,0.0451655307481932,0.134770246938837,0.277175932180118,0.101506438655918,0.441733730668486,0.114351923705157,0.0763872921184607,0.117874156429368,1,0.123783063791894,0.216700018531244,0.243102344689506,0.0287528593252292,0.280449073638336,0.346004684083024,0.0216036901701086,0.299469484726627,0.54711195491416,0.186748300931038,0.149188075038965,0.171372342214403,0.243039303450059,0.210171875137913,0.0169431916213404,0.11300192682242,0.0307138521667436,0.138917464247985,0.151910127166134,0.170953007231328,0.0314427338513374,0.0214740261564691,0.0806996664952128,0.0912092062076486,0.0136613214018428,0.128341368255432,0.0504735160721667,0.0399899304399923,0.120313157639979,0.0440640304573477,0.0118684864244277,0.113668540182079,0.287369342718324,0.249028741422918,0.0729728975194493,0.0394767622191032,0.00857539713062531,0.102107733744489,0.135469183713399,0.00514125418803637,0.204270500674249,0.0872176360798058,0.0721551033822276,0.170018337353633,0.0294005905368987,0.105424639804411,0.0471384526047653,0.46896720876547,0.00117558029558796,0.292191228010277,0.034738797867337,0.196016566944507,0.231396857594963,0.331371841923148,0.0113716136642644,0.0406159571220009,0.461427098748395,0.299658858900928,0.157917092614187,0.109003415606048,0.11648376948897,0.0236224293846484,0.102279381330006,0.142818021545732,0.125663213224596,0.0193954609330762,0.00235160864734838,0.123038949300328,0.216193121672724,0.140506787824567,0.0686761239069874,0.00427985650079266,0.0151836333074318,0.0679308188555201,0.0583441841178552,0.00326449501590737,0.0181407478670904,0.1075485754132,0.0568977581222617,0.285454841043848,0.176135556329437,0.0226745278657868,0.0725600671148934
0.0195367999918884,0.301704402018733,0.0085722446652704,0.276294726677972,0.616776946527449,0.0115893831178895,0.341038049742184,0.289994332807005,0.258680083336686,0.0773755206612408,0.481704860157867,0.438538216712763,0.123783063791894,1,0.239738322678582,0.013163058929065,0.0146161144220864,0.0472506429933377,0.000432204262677977,0.140119625071723,0.239399448292996,0.0468626854787019,0.0698411847110546,0.477878640736086,0.580184039533197,0.0892360084195879,0.11095761170069,0.246396486363066,0.671856083209894,0.387425329296067,0.403902903161159,0.0102337924699641,0.286023412748039,0.140910111338922,0.151436964917956,0.0422777802004519,0.400555877580145,0.0926692760266297,0.133730261955483,0.100992105964014,0.0379193721888185,0.376262045373541,0.160083830603043,0.199189916459555,0.310326853921812,0.295684043673503,0.272254962060851,0.188926563406243,0.099401368699901,0.240556872736659,0.2147633328064,0.133297738487738,0.362751943711648,0.347394812149181,0.0441123373459449,0.37829498833427,0.0153634583029852,0.0819075790968197,0.033179076298151,0.119960881937309,0.0388964887106433,0.616276579214095,0.28256574390262,0.0211145872503962,0.331373085489354,0.211656915963273,0.122472106580402,0.0726161864274273,0.157496595403423,0.195199869708874,0.174809336891719,0.458723722086456,0.465680528814036,0.307602363221468,0.286923372843615,0.0599917207032532,0.510339313304661,0.117933705335192,0.599777645369107,0.0392765559605884,0.117358353819137,0.210429199203964,0.489138672490475,0.421551451756167,0.117198187308075,0.028168714602522,0.372237228477698,0.1528430011394,0.036074696922346,0.216309869666882,0.130131492215213,0.266294110116382,0.158777784356737,0.144082566871086,0.076794446607832,0.0592215332170371
0.0398178776432299,0.0151294669869451,0.188846918918531,0.0514849899620876,0.358490458059747,0.455624284289232,0.0641536619765564,0.049059869533091,0.0134867036920213,0.042389210302153,0.291768701287786,0.366246809553014,0.216700018531244,0.239738322678582,1,0.0936819802434095,0.137836904786768,0.282381806181301,0.145412349324865,0.215072611266039,0.0953330803205349,0.334911257189053,0.207726556733993,0.426262483422263,0.196267221904849,0.197698256281667,0.363780205862932,0.0185758045560841,0.0429646753751566,0.147494598704117,0.390019146451142,0.0867507738360225,0.23286961203572,0.301177620693657,0.0110734259775701,0.402515256469405,0.251497772224277,0.0542118138495508,0.160369225610473,0.126927453002275,0.0628104184831203,0.0409596333467195,0.0280109822558137,0.0103250472282175,0.37569513428274,0.0377013267265503,0.0297079998734175,0.37154654021443,0.118118056742707,0.476993866721043,0.0652874235503247,0.162030776674328,0.0334137951137031,0.41187926886241,0.0164128653798242,0.417103524363086,0.10471758415426,0.0185020004065812,0.100570293609299,0.0760974412789334,0.132195341893617,0.196068195250391,0.716096301736319,0.00126943276901074,0.358153104654725,0.137846117150312,0.0771998018803283,0.35325979971405,0.132758055865681,0.398325213839153,0.0801029478004407,0.633500804918049,0.21043551466168,0.229948866045551,0.516933417534179,0.0278057629354291,0.087641880099156,0.200117324354083,0.276402783174362,0.107633529117842,0.0719177111284439,0.487818586126843,0.423432724874548,0.0728593271293931,0.142570601857017,0.178782501572459,0.250733054991251,0.18298942095601,0.0105804113428342,0.0340394347274973,0.222439198176187,0.00261373103708227,0.165234960810103,0.0611175277055682,0.0167651234277179,0.409147774921476
0.0128571817372094,0.0886570360318483,0.419437397185267,0.169477337001025,0.012253500415846,0.0271517479413915,0.0352334887164067,0.043931523354319,0.194721940051619,0.312943193717695,0.0667558182012866,0.00780325072130554,0.243102344689506,0.013163058929065,0.0936819802434095,1,0.0799048977978415,0.12307811974957,0.189396773286998,0.15916199642026,0.351313077435306,0.0354448989120305,0.156103803638908,0.0888715245081088,0.134393225591086,0.236574877258218,0.242107007360561,0.110647001492388,0.080384241054946,0.203520348097307,0.00375394227441601,0.0405516813810043,0.0347888000203967,0.0851974249848732,0.195695691114452,0.0192766155568821,0.0294722012803239,0.0604292692577409,0.00261379513673491,0.0804746545048382,0.0678285598007142,0.085949148927851,0.126722172267245,0.143225588693918,0.0783194769488915,0.154081843718533,0.113347688312284,0.27262146418476,0.203006503745555,0.124804450744187,0.309302573137355,0.0350319959264214,0.290496455861266,0.154138335809545,0.0181733000289506,0.0236483312358489,0.0301653251574171,0.218725487857124,0.129843682908227,0.0478797110692295,0.0376240549163477,0.0611573994350677,0.0387596658869181,0.443856367407064,0.0214683221643982,0.211816600636993,0.0584218054270649,0.148588056300391,0.273094927614931,0.0692595040508677,0.114465966887464,0.0248921680771511,0.0931004678865279,0.00580138059305061,0.126133820934529,0.105557303611803,0.0532796275083908,0.020285262350444,0.0538604813872967,0.0387738861214721,0.0358050445495257,0.0633602938104577,0.00880667301686069,0.148737673939122,0.0399338679986913,0.0554411924737436,0.0312575903626681,0.101856347529994,0.0971768392976141,0.216506458932252,0.117833803594913,0.0627099444696779,0.157967755798485,0.153293111468632,0.00760643701135349,0.0434284029954139
0.124474284170146,0.0579600994802714,0.0844069245263879,0.316803342975014,0.0430195334278544,0.49031560243026,0.146976850510835,0.228847797269145,0.157310878119812,0.0724433772225822,0.0704098559518451,0.287647563765254,0.0287528593252292,0.0146161144220864,0.137836904786768,0.0799048977978415,1,0.111809995186316,0.342335714437714,0.187453559958777,0.319303093286556,0.0543945750084391,0.305822526806923,0.000106442896931303,0.0184848399691217,0.00439218603757275,0.0607039547209761,0.207118413912633,0.0559997103251349,0.200944162817486,0.379387343466471,0.348547435244738,0.0199081533529409,0.0227922602148387,0.133211550074129,0.12498195773165,0.024362547868924,0.112420086693213,0.162083441927225,0.189962544604962,0.0586376103779646,0.00305155607474504,0.149026762971722,0.0543171591752227,0.203669154556283,0.0381886501310169,0.0835823288897434,0.0951519009521674,0.22929405409832,0.00314594936172366,0.101282123278324,0.0950852094487493,0.136597762789603,0.374822049195729,0.00213730417552819,0.257369282264491,0.00929173424583259,0.161708454567926,0.171387338779472,0.0453016070510506,0.0617125879654958,0.0289990576403104,0.214515889146441,0.214400778907364,0.489291508100442,0.0845866088670112,0.281511898734857,0.257767074537995,0.188620837161357,0.0196523287297122,0.204575672362899,0.138126933198128,0.15281729136889,0.0388321620098421,0.0811281455431297,0.288536923675796,0.138934800523044,0.155033674475897,0.0657930153307969,0.103989924846019,0.0155259372396061,0.0575902261073354,0.140251405508376,0.0294195148593608,0.301014264420371,0.070901600130725,0.157559198639953,0.0674527432235819,0.126257489896989,0.0479409473415169,0.225530366666818,0.180744255494585,0.208663339076249,0.00520516810882681,0.163074454083971,0.132794505055921
0.0291825653715023,0.248391853224207,0.0159815583691874,0.221749652132216,0.392430908736859,0.0795054973137927,0.217592204982962,0.586476986909515,0.213192467116744,0.171407011291568,0.385721737038299,0.621022744342069,0.280449073638336,0.0472506429933377,0.282381806181301,0.12307811974957,0.111809995186316,1,0.0936847600754074,0.38547940826191,0.0408459122788915,0.0164627010958467,0.0114391156340671,0.315517527206321,0.0598380918780487,0.148499277949609,0.112845271006968,0.333974722951482,0.0330618624811988,0.0127126509526639,0.147879208289481,0.141275877836843,0.728643182370871,0.0945788974109098,0.600649973378265,0.454411444548597,0.35338471343776,0.225493955426403,0.44157553542574,0.237132933701069,0.107675049384592,0.123590281843183,0.188104004243217,0.135245807121107,0.194612877134016,0.315036961130773,0.2732534822815,0.0393408546017865,0.0750397826244344,0.0963485835780943,0.293331943388976,0.0741664702543024,0.168638406916918,0.00121362289586734,0.0577594795199395,0.099035373235775,0.0383014855863632,0.124301970664707,0.0202743768359331,0.0454355634475794,0.0461517495265175,0.327936735522903,0.3519134924114,0.287590399796213,0.0196341712608741,0.143694255861067,0.0139534599496518,0.136750325775132,0.248969435487723,0.0994714395449987,0.0054128340917468,0.431736047727878,0.340435465553876,0.13566473709282,0.268482865151877,0.314185785662908,0.0896051196316493,0.136552560312993,0.237635286698366,0.0856253313524394,0.273215500608513,0.292315636598491,0.261626266751343,0.0679070329224352,0.131085202908816,0.0370105865822454,0.319599806838123,0.146637474246022,0.0193146508150152,0.0462285894796557,0.12104570906686,0.0504833169803015,0.321833639676112,0.205496995212903,0.0907992043598675,0.238616819098297
0.158702006687791,0.210092338859617,0.00977305465877698,0.00623576294041384,0.108555023017828,0.369910758024543,0.240623547849698,0.00881719222982713,0.39057126244136,0.235347675025643,0.117827244531363,0.124626772014211,0.346004684083024,0.000432204262677977,0.145412349324865,0.189396773286998,0.342335714437714,0.0936847600754074,1,0.235511317612566,0.484309436336963,0.499184380098441,0.909642535841762,0.0901314365186308,0.224411275180777,0.176881477811708,0.0357368744575169,0.358750794046744,0.0352804913405846,0.217433788231479,0.42251559254051,0.319969903276795,0.114783662158941,0.144387858215858,0.166997507921444,0.411187311678078,0.193704798704492,0.0998932029744449,0.203228008399565,0.27639282060285,0.0685627998260982,0.059897413869324,0.0200890328363457,0.0953169426395983,0.0218843888676653,0.266252324682876,0.0178994923926149,0.128564545234623,0.274425634022168,0.104004466232428,0.114268054504241,0.0551790407124083,0.131914159646894,0.0603313760655769,0.092706151015364,0.145556456185724,0.195045003553096,0.0718369554527802,0.281747238493058,0.142201249523115,0.353613108914916,0.309113399067562,0.0543979860498667,0.11141839081345,0.0596966278731882,0.247943703590026,0.807428946584984,0.201676987751201,0.0391077893718902,0.262254355954761,0.737838449483583,0.100130869913787,0.091566166056118,0.10399231442181,0.171121161931466,0.305905262824483,0.230964034867503,0.306554953677078,0.179670448715738,0.209565990845958,0.0119045778640363,0.0750224024295173,0.0912749961991927,0.207047547862086,0.190048481442619,0.0987777207692481,0.182626599322573,0.251399844730189,0.163413988687937,0.0755938728195404,0.153218716984458,0.0953679239116169,0.0478185042647262,0.332245792659211,0.0534999594129944,0.151113687858671
0.140758428993624,0.072604394369707,0.209201215419943,0.126018424601309,0.293101298286586,0.229543356328211,0.0318742419692531,0.554701259268249,0.13787359848805,0.205805245659777,0.541099262020477,0.363337524583538,0.0216036901701086,0.140119625071723,0.215072611266039,0.15916199642026,0.187453559958777,0.38547940826191,0.235511317612566,1,0.0978839926383865,0.201815549194213,0.368462509639112,0.021450975257061,0.0821357227368774,0.102385192316648,0.0297013807043866,0.855016322042705,0.332935833714087,0.234068671875717,0.0442270286069856,0.261548238567528,0.265124284075892,0.0253510162728933,0.50421703071981,0.0340515297567867,0.0698539672617786,0.0524553858439195,0.157477964982138,0.123260471815084,0.0774518245517404,0.427954134580495,0.0612607185785188,0.0335414443077743,0.475929223892961,0.438087317260143,0.0415156533209617,0.323134939317206,0.0172979901391408,0.142180561681902,0.234908194565501,0.45955050455085,0.475664051800204,0.25316463726778,0.0856565956421711,0.367848016420732,0.112775048325082,0.062038437481132,0.380007989328706,0.361090488863863,0.0452539104540095,0.551801729403027,0.210284380125516,0.143327218930585,0.201378510755637,0.293132240351554,0.309890060291761,0.646939262472985,0.165860912181504,0.229550752056863,0.143542500771428,0.0584812231494368,0.521680372415424,0.159756334043123,0.0965938125855051,0.701419123310536,0.445073643429895,0.189411933161393,0.431364466329054,0.291315167177319,0.2878560726077,0.0567741844168533,0.0815885014148693,0.0397930456500953,0.285864446586475,0.00396291056874813,0.0798772094212937,0.154489063349563,0.054992306881085,0.238847466173445,0.136698434841752,0.154618216058998,0.448940102413529,0.524435077505568,0.280345442947371,0.577532813227725
0.152690391271678,0.221875531138739,0.0802721626190401,0.0540518334391241,0.139636368240554,0.225992412923659,0.352261056401545,0.0601380894067129,0.50838851128241,0.294637523196241,0.0651653492152976,0.230641424452314,0.299469484726627,0.239399448292995,0.0953330803205349,0.351313077435306,0.319303093286556,0.0408459122788915,0.484309436336963,0.0978839926383865,1,0.174285390615564,0.432266224012424,0.00668883597959624,0.239473436753278,0.0738915850524459,0.0345391565782588,0.0248264169388154,0.235701870711774,0.146170303325985,0.227535632741509,0.42834841912165,0.048258462917486,0.147981789278193,0.173440985088184,0.136501503069543,0.113984919508432,0.0410978327980222,0.207211336955621,0.00265115790616473,0.195026064800579,0.159161767269189,0.156199513986587,0.131710481037135,0.0728967054901307,0.0895520998282639,0.177465609102855,0.170946648843222,0.0387006292293136,0.105657203486245,0.122353081025047,0.072482523970011,0.0538653789151521,0.125147221084825,0.161411900899661,0.0984653492404158,0.287778997155849,0.0185293176255119,0.160891543450991,0.188250421626373,0.258575795823817,0.0179979906344003,0.0293620668094012,0.101386126729716,0.218787746757056,0.187861086253813,0.372136307375355,0.0932673718041995,0.143345820845722,0.263696767111117,0.375376297652994,0.0219202197074607,0.0400173924610671,0.153259844958845,0.0990305911820787,0.124245785791104,0.0223371579941839,0.308028453955642,0.108493405849714,0.274924977776228,0.0355246235824364,0.0413452913044844,0.0576799422153238,0.0670417779729396,0.228066808925471,0.151993557930994,0.137255293705983,0.0661628304499313,0.0269821207320765,0.160492313481786,0.0480932546030229,0.028282054391154,0.173376229298654,0.0903019891226579,0.131408122718258,0.00935780380300642
0.0749990157269774,0.146388228356847,0.0457405598074989,0.0687199426172024,0.108173576466945,0.0292522224754128,0.0446101951314051,0.147125140797624,0.423511106556112,0.161455462912931,0.105585645488361,0.0508701383602522,0.54711195491416,0.0468626854787019,0.334911257189053,0.0354448989120305,0.0543945750084391,0.0164627010958467,0.499184380098441,0.201815549194213,0.174285390615564,1,0.286894138693617,0.0384483575027789,0.0139875268099797,0.122912587137905,0.059689375594449,0.124526688499249,0.116104860835964,0.0447622719773161,0.0628670965401525,0.0806514265456572,0.021777256318704,0.19496875101676,0.211662850428354,0.28756597534015,0.187178718663119,0.0388821991076503,0.017028875226688,0.281149298802304,0.119766062251688,0.34792970409135,0.126101846098196,0.0192100212523006,0.177159656381417,0.113706359777141,0.0635292964391067,0.148659846465317,0.0732294182571708,0.190451542681448,0.0272778955126151,0.312008509634078,0.232660442463491,0.227537923560377,0.0361152970429448,0.184485185773883,0.147002668736765,0.015857199981873,0.221935239528218,0.00416137665541089,0.366837703295671,0.0106057964965155,0.394913382820711,0.13232452818939,0.240720156891615,0.100758229988176,0.302264344657751,0.31719328445479,0.0791258639986186,0.660637424421289,0.302648449999859,0.159514875193928,0.0120996698366016,0.123139103398914,0.0896705330728488,0.244033744850525,0.111410493262455,0.011670426029532,0.0832458471092333,0.171174368911338,0.118285419660652,0.298878291264552,0.252831354196069,0.138587703667927,0.15607218245875,0.18210347134308,0.070058918412347,0.0154287443241098,0.0432510846993829,0.256246815406049,0.0706730459179506,0.180292158923432,0.169365151897412,0.00638769146772091,0.15042916279998,0.146308875043086
