1,0.0819896943676486,0.28405409075875,0.404083788001344,0.315361349723659,0.178180649380408,0.0144340543855339,0.0863478946149992,0.118139680443682,0.248648514838112,0.167492637314269,0.0116336989235477,0.00585703806257051,0.000975994221022865,0.000939446460466352,0.347540536045888,0.101771376599694,0.0667023641095056,0.0994229612305336,0.254837875133712,0.158471556771812,0.0695551192913472,0.0416991511567068,0.0171022223347433,0.20739949067606,0.192371978849268,0.0647099937688149,0.0448029349101246,0.11839152967005,0.170386427108965,0.0851872219044389,0.0575452419758173,0.0718511237350352,0.00486195580472503,0.0752334620226762,0.0591942093669253,0.184403069201509,0.0596632286478533,0.129330099407858,0.0951997266787661,0.00117826705440113,0.0158455022569423,0.0606509009595788,0.0177410015735031,0.0486287798616809,0.132066543164074,0.234226765948596,0.119495568417881,0.552220845577904,0.192374454613384,0.224602706711284,0.31781439803902,0.188541425230699,0.154640724823385,0.263275097227084,0.101909267740493,0.412522443920528,0.177345490273185,0.21174757702795,0.0984519645772838,0.0476481230531028,0.0491852168761851,0.117520877672942,0.213088521553694,0.245450876069843,0.0450048091283286,0.1708754618808,0.129370902304887,0.322844621591082,0.148321981532079,0.0747047909919273,0.0511153156004613,0.0198319003196257,0.106383234502211,0.109973091914389,0.0293601077162724,0.048227664142192,0.0782814812413017,0.0365138835370652,0.0927520523525747,0.0925736482492338,0.0547464760627098,0.0164034796128874,0.0576200023211148,0.0891218022686784,0.00320356063848116,0.022979831946332,0.0162322194374236,0.00423653904620076,0.0301569880804582,0.0496340831042428,0.0408873631959132,0.287951499772705,0.164167093319225,0.225210006728423,0.151777088014394
0.0819896943676486,1,0.21381245218669,0.188373675375855,0.00524847391741265,0.338584287428919,0.130991150728356,0.269787642561772,0.0757505659021824,0.144321105409545,0.0993493003850967,0.528183573585983,0.246587613239321,0.129324423430095,0.131074445999832,0.0121833033353629,0.150762390324697,0.503008148967906,0.260489513975915,0.320687002733873,0.0301599960799551,0.105699645764387,0.150538237167473,0.35205963549705,0.371754133497556,0.149367584088224,0.0351787597303938,0.147442575714839,0.21910811449405,0.0729548834994444,0.132485680723615,0.105747049215723,0.322367745013322,0.3005440281156,0.405569066311261,0.0882958048789167,0.258541743048241,0.237092867597206,0.170440975624232,0.165388971657035,0.0496269769097776,0.0500398477281264,0.0352321414392642,0.00409283774738864,0.208694781024574,0.233869352661146,0.218592385983687,0.140518583956988,0.19589454772584,0.606307855463405,0.203863453101469,0.018386686679395,0.059707212149904,0.0515615081337255,0.201377093866903,0.0673345971488457,0.208032997617642,0.135785717951193,0.104473981383056,0.312846833986007,0.0770012605722941,0.119394553829213,0.0574627335165862,0.148881379297406,0.255047324041089,0.191684041572799,0.00139294503579288,0.329798720741489,0.119519859735469,0.0641983517351372,0.163410550612747,0.130202689636664,0.280245426808313,0.179006828110264,0.034477752599084,0.166216786645211,0.11716561650348,0.350717571574941,0.186938988259566,0.27645490561882,0.203901703613022,0.127397480434198,0.368768745409491,0.0887750349221503,0.0137722616031426,0.0529362176548353,0.14955647871013,0.02769296991332,0.175375042176489,0.27566883847525,0.0659973154367084,0.164562625785258,0.296203769510573,0.0321478389615027,0.0366520951903337,0.350869207460648
0.28405409075875,0.21381245218669,1,0.110715375523286,0.392668187070193,0.336655807210792,0.00726494175364107,0.0948495448021986,0.146122467052257,0.475090504860001,0.171848319032651,0.410079743736039,0.134202857831034,0.103080488871423,0.211764215455416,0.539026526905354,0.169504932974274,0.428134620883403,0.296371003921317,0.411410617602486,0.484144285851552,0.210559261569588,0.172125877109214,0.392744074431758,0.0253012531072669,0.202268384257266,0.352505252627057,0.345089265978557,0.187414945726107,0.308881308387365,0.20622579097873,0.422049384917959,0.501655708754957,0.120535714529613,0.352488316748542,0.452130069368037,0.356359345257816,0.500234627499445,0.608269712187994,0.275633922554408,0.146691946476173,0.269304022676287,0.319773112437667,0.271421763789277,0.318826303954683,0.451849252252809,0.0224284737385452,0.322905958699048,0.443573946988087,0.305936620141532,0.459198440246405,0.112577219629056,0.0937484980134409,0.164670589314569,0.323398458377283,0.0192774937394605,0.203167682480204,0.278646954665331,0.192372414389483,0.289970521792514,0.236929005544968,0.222568487707575,0.220575278291265,0.206742754288088,0.540605551124191,0.353396662625348,0.171518924009166,0.322583622329481,0.171661009455574,0.347135901729829,0.191629835529629,0.228494669992294,0.0173851717165445,0.347877918603689,0.356178536160082,0.337673243191395,0.198502676711897,0.126740199961436,0.217630238697148,0.108721918542557,0.583569093350868,0.0570828878315392,0.189456067872236,0.423300715079984,0.295031995255202,0.19655093484959,0.44900481938995,0.312667559997565,0.351102361527473,0.261326151285862,0.293466242748192,0.361280064024662,0.523955806922788,0.252547547238545,0.20336250466658,0.32586735582053
0.404083788001344,0.188373675375855,0.110715375523286,1,0.31822804943136,0.500451809527642,0.124566134664224,0.302734982663253,0.00793355718071434,0.0307770654945821,0.270109141494271,0.0350446149336942,0.0373298077151169,0.0309254713830301,0.0423936187889846,0.289283374343456,0.0790548854160271,0.00378111014699201,0.130169972061368,0.305311948354015,0.00301247057111321,0.222453754322632,0.327152948113655,0.00133921858263147,0.150330009781911,0.0330384512211318,0.177378996632862,0.0418974633734862,0.205037244067838,0.0374122628316461,0.127232067911507,0.0975634525780758,0.0148626852671359,0.17113489926792,0.0344300868139208,0.0552020414901039,0.111490459796684,0.0858683026958909,0.0312014551270356,0.267660050883907,0.046596699088335,0.173894435860595,0.0313369266620088,0.267398281096635,0.0624165641130767,0.0129104862589571,0.110037237029793,0.128342921769083,0.157232645244588,0.252429774484324,0.0787587375395773,0.409281173620936,0.229872893748465,0.392397767605907,0.296847701861478,0.36761435751262,0.229016067896465,0.0638478467172919,0.411574377350461,0.0396540643828974,0.032888030799279,0.0321795142684912,0.13610536057086,0.117570606693933,0.154748489196406,0.103459855484236,0.185349759794871,0.161536406217106,0.172930798198687,0.116800279745996,0.310771907642562,0.145221158819457,0.133866888557536,0.220294651613862,0.134780474534878,0.089271305393865,0.0361746806311862,0.154192801238417,0.0639548387464763,0.274280289767852,0.0170715983939497,0.0727229653298487,0.155320802424254,0.130186483370368,0.231266089635665,0.26292935911957,0.0231672276430745,0.138807777178459,0.23042161071982,0.0828861721060298,0.0193530746438692,0.137033928041313,0.10967725639952,0.0847596565800596,0.114494890853534,0.235233593707868
0.315361349723659,0.00524847391741265,0.392668187070193,0.31822804943136,1,0.179458333152749,0.303747890593341,0.176811851581197,0.118892169900509,0.335273015372799,0.577163068704737,0.377092206496487,0.0518055907375465,0.498272622281201,0.16797144405146,0.463447763603598,0.278323368400187,0.0448043058708066,0.267521870016273,0.482882702572927,0.369335547240387,0.179215588894946,0.339061646766964,0.224624740466266,0.144210030117273,0.109974114240752,0.170611718434203,0.455865388882538,0.396332024887866,0.386644683420267,0.199208048317563,0.3738547063806,0.149115851383753,0.0736367200270357,0.159250695334402,0.0333328490976984,0.0556074276708503,0.181194219120192,0.268611757270657,0.131964870614283,0.141629793336748,0.247847063421189,0.292926181473389,0.00536554242373349,0.0350448225578412,0.502049630822695,0.300838430064834,0.170583144185634,0.183371029514854,0.294877047455844,0.240398490403331,0.481407038153566,0.608793750362409,0.164469630740578,0.0122986851894887,0.243499368661002,0.269809003408447,0.253634442976768,0.41758440771435,0.193900196345877,0.201730503069661,0.532000135450109,0.271581551588293,0.107160925640455,0.275395538601792,0.0533205036301344,0.245131759699698,0.277095640749072,0.199762023063824,0.232296097652537,0.318082136870072,0.191961686834722,0.09351641677149,0.179443367015808,0.250860194888519,0.542655127138726,0.283589052336494,0.025123232155736,0.145712250084286,0.10608385672376,0.174834986631759,0.0829799874675526,0.244247250275096,0.0497189634657387,0.126980709400777,0.210145665304183,0.217624773117978,0.247899438816048,0.0543399751706243,0.451280771522138,0.304118744056968,0.279481532441869,0.358483810544117,0.432499370964548,0.226101434103854,0.32012236091242
0.178180649380408,0.338584287428919,0.336655807210792,0.500451809527642,0.179458333152748,1,0.0412194699061859,0.409282450953534,0.0945537514900515,0.216059156648739,0.140282864006786,0.275875585025554,0.0230528514428354,0.0582536007528789,0.49111262573265,0.273640384704398,0.469299148074361,0.415233755060669,0.0277247187704699,0.516663778595595,0.185687664709202,0.0461223208999785,0.000205873002040414,0.359561999042742,0.0570253442412197,0.0990286340301958,0.184524338254069,0.0541614118208882,0.19819350357122,0.213484857128755,0.0585314939104891,0.17774960404984,0.22355724722038,0.236872616665953,0.46708149869321,0.0776264878383062,0.0260147630256305,0.250215528660615,0.21698362087012,0.0769823159399538,0.00055134978854162,0.0571682482219514,0.157151460165026,0.204431881087577,0.286241581277007,0.106577539070091,0.253124468407596,0.156953840232147,0.468697856507963,0.491782600684687,0.196597355547507,0.261619634938352,0.256342987214697,0.499798569937589,0.18145879820241,0.364204874795815,0.32373689057682,0.163512043632737,0.078299737825991,0.247646983251914,0.162461394950788,0.100256332297438,0.401027041833817,0.201885772791467,0.516718100683592,0.2789780908503,0.00589801895223075,0.441853251628775,0.249899013080724,0.230828020535611,0.03138319262346,0.125661088601533,0.198326241265199,0.170685328131265,0.187272357008716,0.00964056318692625,0.0805604252506984,0.256906954598823,0.0326792866883036,0.375659924620534,0.130038250717924,0.103609823635322,0.361102187709419,0.0948468075496795,0.179243390473314,0.00690294707237868,0.389762582611436,0.0673602948694833,0.137144595957378,0.108555270944537,0.0298957655988343,0.0381113685339964,0.503027722977098,0.104066720312453,0.154058017867091,0.498945159535633
0.0144340543855339,0.130991150728356,0.00726494175364107,0.124566134664224,0.303747890593341,0.0412194699061859,1,0.121305909020046,0.312596330481177,0.285618009987646,0.183667040347902,0.0525162026573333,0.336859105714382,0.317660475486998,0.166606444251486,0.187385804904018,0.176199235204002,0.178156683454667,0.138932965595699,0.129262250836454,0.0573005542559926,0.0412803844572548,0.25719889875359,0.0430650180245693,0.0787129428901188,0.181071888573064,0.208039099196572,0.140565194729455,0.24738846194783,0.148419888100787,0.279787734569167,0.0915911283804478,0.103978925737475,0.0661762769453594,0.0982202703512277,0.311093562967002,0.177939405708852,0.0789396192155061,0.00541343148166527,0.00305697363723525,0.259441816701983,0.0448611595888833,0.239554660489859,0.317070892507493,0.122905976308107,0.219768010952059,0.320979023033492,0.0642726431202501,0.160984719778173,0.0441108465099786,0.0484820855701176,0.243822923530311,0.287480967652073,0.11757331827192,0.316261068465459,0.110047956050298,0.168073090757523,0.191552715476733,0.0604703707405741,0.050550511892695,0.304234549986759,0.0603389697453601,0.257442605093899,0.0287804648580149,0.129218884352999,0.211408789689945,0.216488860941769,0.214156798142802,0.0264767274884997,0.14682946876088,0.273576904550119,0.163331057492369,0.137184080103847,0.188520074726194,0.228488091012725,0.279888439144733,0.187379648920236,0.168993655940128,0.0577208296796368,0.00982344506645825,0.0549507783372607,0.114667447648002,0.0444207033447623,0.237769291091908,0.0599867627538285,0.172947018966793,0.0642552836330515,0.0259257429526311,0.292647053902013,0.152968930083942,0.106780264703747,0.17005769064176,0.111552446636081,0.210257678593765,0.106885258660802,0.27364555445899
0.0863478946149992,0.269787642561772,0.0948495448021986,0.302734982663253,0.176811851581197,0.409282450953534,0.121305909020046,1,0.424005870125571,0.110703639933293,0.274497152101878,0.334089279930146,0.14658611822017,0.128051660400484,0.572730344439491,0.138220167339345,0.378576126242406,0.496317315774938,0.166878572005127,0.620069604907508,0.153354089088212,0.268737018625661,0.0350003071120876,0.655199743311885,0.129571277465719,0.0522119108311611,0.0220010711012043,0.0716362668020409,0.0465206048151281,0.104209106266758,0.189793194248122,0.0892424999428382,0.110940566711151,0.187703285252888,0.431759283577217,0.0633532884401777,0.187804808094429,0.162003871432022,0.012469299961976,0.0606840766386235,0.124629990921206,0.0976681607830044,0.1813807529125,0.167979705230748,0.173204259479191,0.057326069252034,0.154397743870529,0.0274735479161069,0.0645408851085498,0.357396083831933,0.0427720957373174,0.362114014250088,0.411721744257992,0.318683929339003,0.0889275600479559,0.753264486574036,0.180518793075311,0.103758865345382,0.322182754553364,0.0702405265885258,0.141904176825767,0.100252525322277,0.434426756463301,0.0791576308357068,0.27969485572341,0.0552261860799624,0.275933234507608,0.449630167919661,0.224854002379901,0.18225114514052,0.164134771192116,0.385605353493006,0.105507237454862,0.0854555867292315,0.162490998201948,0.290557045671666,0.273699073012505,0.0729938263427738,0.0274899223248314,0.201436125851236,0.163623375803371,0.0820384339872725,0.591047454526707,0.0794227760836688,0.0180580040883523,0.331312178683018,0.188053911176446,0.199558254489625,0.0443158036435286,0.0708910452216082,0.277712935228239,0.108613872618157,0.294415753902975,0.259072028092025,0.106993290767717,0.150691491295288
0.118139680443682,0.0757505659021824,0.146122467052257,0.00793355718071434,0.118892169900509,0.0945537514900515,0.312596330481177,0.424005870125571,1,0.326559206742493,0.00674732934534221,0.160217634231108,0.170997202964708,0.178235117645867,0.315118085287524,0.309324988139216,0.45772001827688,0.224384709169874,0.218205367167965,0.35884793759838,0.322359919106716,0.290572983142566,0.286620991575957,0.31971015209681,0.0503351609560821,0.170713054847881,0.179206625349578,0.0951082643024716,0.0780684436775211,0.108786105432705,0.0494448265051733,0.155049137865509,0.0297489527763477,0.118368558050996,0.437306691764296,0.0616546607764833,0.114911314215655,0.244055877271486,0.266238046149393,0.102398716191498,0.151624069471966,0.157469046025534,0.2070967590356,0.126291998430335,0.1417517739445,0.137722621606139,0.0728120142491041,0.180279480910329,0.0259949080940473,0.0482023413650001,0.212184524009052,0.139350373967642,0.132571105879031,0.131359025347979,0.268667686101586,0.225844361929119,0.249204346463288,0.0415262329012394,0.147863664513026,0.0608366318935457,0.176527352639262,0.249832196512223,0.330720368328258,0.270367353616335,0.325700717986804,0.0571925786084505,0.0547024595280874,0.206457600686942,0.139564092695035,0.191838099678641,0.134820699423506,0.255655313900163,0.0795350109059607,0.265364319400801,0.261582435100933,0.164568872306823,0.102127031658851,0.103692475098939,0.0267552381334923,0.0909075498420013,0.0340172531742431,0.0834271667029328,0.471146319436622,0.00688670960522147,0.104692102449238,0.059638946289231,0.155985563752774,0.191667748904696,0.228964798805643,0.261305527474941,0.109475472862044,0.11989458539541,0.0879091872536613,0.144389282325303,0.066910986752748,0.160621417475185
0.248648514838112,0.144321105409545,0.475090504860001,0.0307770654945821,0.335273015372799,0.216059156648739,0.285618009987646,0.110703639933293,0.326559206742493,1,0.00948849370147032,0.214662326232758,0.01151253437529,0.373014396903464,0.297022466160592,0.64606800009075,0.420748390444829,0.145150299217443,0.411834568512778,0.408070154453371,0.267991733002444,0.243525938669368,0.284491053125629,0.211153461476682,0.181573199693469,0.396670012323362,0.453852280218719,0.203560095837505,0.134425637035532,0.0140567589711576,0.391455347736328,0.291417442545615,0.19809769201742,0.178835321175789,0.423684923663129,0.176055802895211,0.16996542038113,0.241167511727935,0.494666291719235,0.175502681456356,0.11282989345713,0.308934107369327,0.646291278453055,0.21792169742645,0.322750870097563,0.415459873956334,0.323549658582569,0.275633604556298,0.312593872613726,0.0633913959717986,0.597593634722761,0.238560675326465,0.264748456000664,0.152648643398782,0.36115401075274,0.00244751169625586,0.233421565476238,0.546251537424979,0.175811540658359,0.058201625588959,0.0262495393800248,0.309691224798082,0.366670564328818,0.533061174910588,0.579408001240688,0.140120078508918,0.282412567806989,0.34224011636579,0.330100343243523,0.487918208619854,0.343208095622853,0.347074527174895,0.205284557659179,0.536192002808021,0.452087948631601,0.280542428115094,0.305765485777047,0.0692589627277713,0.00656700165914799,0.0463703048287512,0.273186621737229,0.0996939244415138,0.258321803713785,0.198736648936954,0.258756956581501,0.151451906818543,0.384609733401524,0.161250858080521,0.0803380189233059,0.159831548408587,0.245709109054376,0.184781360091815,0.302856993756835,0.470230229731786,0.148947930704287,0.472122640044099
0.167492637314269,0.0993493003850967,0.171848319032651,0.270109141494271,0.577163068704737,0.140282864006786,0.183667040347902,0.274497152101878,0.00674732934534221,0.00948849370147032,1,0.460522922682981,0.0672101770697352,0.285192819928336,0.162417108863249,0.138277509077257,0.0254164002809857,0.190214907791768,0.195513283490445,0.304605407820905,0.178909695012111,0.0602206793769183,0.238818418748314,0.294322201725166,0.117543093107825,0.146372917311817,0.115308617700012,0.301960558463488,0.34606378447973,0.341005988988328,0.051418272395173,0.185528800393665,0.245092899056831,0.0819512305548203,0.097249233936865,0.049091412123705,0.121462544716237,0.0899333055321237,0.0604364681736116,0.101528548157586,0.0522031061884184,0.15944087060597,0.114100418368516,0.0842025175264906,0.0677224287309527,0.16825905014317,0.0910099582646164,0.0922061471966187,0.0997619457010858,0.267248907713111,0.0448168496542776,0.28623809037973,0.459171486593556,0.0931174080182268,0.190965714088789,0.335708867492234,0.22432892911413,0.0041657495599125,0.261674874125578,0.0717883957817135,0.00441810616894811,0.333326828754411,0.232390348429568,0.0591772084230846,0.0131138841577896,0.0408523770908229,0.130135485548085,0.185228933913092,0.0673154871413296,0.0922857618253607,0.168923385288098,0.167180684539768,0.164269879313288,0.0728289888547585,0.194211076934579,0.453167523402417,0.0608275743847908,0.0476760430047147,0.0618252840399301,0.0329942843345074,0.0726147349757878,0.189559407766541,0.233290218166604,0.0573623362953381,0.0565346593422255,0.0803798673653124,0.21830631785193,0.224681870538026,0.00516280076987812,0.251407337963421,0.0419473963801869,0.168422664444753,0.40563887029527,0.143424027045813,0.130546534743601,0.0818286630145737
0.0116336989235477,0.528183573585983,0.410079743736039,0.0350446149336942,0.377092206496487,0.275875585025554,0.0525162026573333,0.334089279930146,0.160217634231108,0.214662326232758,0.460522922682981,1,0.179559290973552,0.49429297247522,0.344284266079326,0.0800212818732778,0.20290229065901,0.597459525950458,0.235845670020615,0.559434764052411,0.290482013086546,0.309074318802784,0.421741826305421,0.58562448159721,0.211837836483995,0.120190295873339,0.380546513673847,0.671063189911654,0.624573340310654,0.531294501837287,0.289667204364005,0.635948444614705,0.620778775504675,0.379709550306108,0.568125088996536,0.3099762955847,0.467187353819818,0.540240383929016,0.427624663441493,0.61112293180776,0.0486767303823642,0.177887630335462,0.0486625646458269,0.135989179353883,0.12911390512683,0.45880987043369,0.133536905212369,0.0860185171171219,0.283565847183849,0.593371081387986,0.283486945115526,0.102266287981238,0.428122370813837,0.0971130130056125,0.119082945184391,0.222769026579974,0.0522881642026659,0.0219011007471428,0.303789468039536,0.457654274682911,0.0835052016772526,0.560814216186234,0.357700930452329,0.0785850264476843,0.333650349686366,0.140016419220806,0.327227310357378,0.438487010995273,0.0387702594908531,0.421039275700019,0.365169541860312,0.437820712066376,0.376242785001605,0.231414636339396,0.374184098185534,0.70337045489277,0.327125787591956,0.0268437837601666,0.0268053951837707,0.100408611692817,0.403154730439792,0.388453350818243,0.52630318386741,0.180431908846955,0.381926606453597,0.374196948266361,0.506047499191812,0.591160286309938,0.156964085561729,0.0485806809305897,0.211223474788855,0.157689200309333,0.536770845100194,0.268608413337382,0.198459421075881,0.47930213705622
0.00585703806257051,0.246587613239321,0.134202857831034,0.0373298077151169,0.0518055907375465,0.0230528514428354,0.336859105714382,0.14658611822017,0.170997202964708,0.01151253437529,0.0672101770697352,0.179559290973552,1,0.0785353438149828,0.289168720839247,0.0350934006609348,0.0160995691189981,0.194352615330094,0.395630826691989,0.164444824600774,0.24153168126242,0.379601081801865,0.27140472566095,0.150046566609162,0.183587077531388,0.245830723664422,0.220509916097978,0.047183423441455,0.0974977154867911,0.0204212498840215,0.0466965704828842,0.0451101336159935,0.0100212153922735,0.144641450047595,0.12913266021603,0.138914604556114,0.0321258919263708,0.17715691640604,0.0765895213906741,0.203631412111257,0.1985334802792,0.163243058550966,0.113385117577018,0.0230501657549205,0.132861904417757,0.0337904829437092,0.113907388556591,0.0913887308967849,0.183162464255201,0.0355417816753464,0.117407645151065,0.126583774553868,0.0272042704972675,0.0763232107112348,0.220004276221579,0.112946347119772,0.189392105669749,0.268561139246554,0.0897838204149343,0.0241911739207185,0.661588198643749,0.148830005331136,0.0333931225222475,0.25691357260579,0.209104430992088,0.156322946814572,0.41852023739268,0.0473910378403635,0.176183901685211,0.283798921352074,0.305323678322501,0.114372011293022,0.062657248757607,0.211862645734429,0.20343344062328,0.126376262095344,0.168002387680428,0.251920305745338,0.0258193301553876,0.177041209279659,0.135758923925767,0.186170678642755,0.0929886081603401,0.194464713406561,0.221676418144732,0.161363687909333,0.201284990061826,0.114572502073462,0.218685151481848,0.060905091227392,0.118477021319906,0.118634799863463,0.123163992912066,0.099537266361094,0.00597618942524873,0.0421087029909983
0.000975994221022865,0.129324423430095,0.103080488871423,0.0309254713830301,0.498272622281201,0.0582536007528789,0.317660475486998,0.128051660400484,0.178235117645867,0.373014396903464,0.285192819928336,0.49429297247522,0.0785353438149828,1,0.160092305171515,0.181002232040543,0.150099737926784,0.0948373627321284,0.321901027081846,0.249808932455487,0.264127598440536,0.309480004250019,0.590183353718819,0.128683798922957,0.35803619056706,0.239019197369245,0.25498126752895,0.489639566821419,0.626996082221583,0.400635847581329,0.436909895379503,0.560328885241347,0.122097095664004,0.055031822194539,0.165793585007853,0.00838336740998642,0.139456521112751,0.279593798633154,0.198447593591226,0.388357786764894,0.021123583664206,0.239414074535686,0.28573804877475,0.115306586581932,0.0277107842722391,0.563538493094612,0.182861320864153,0.0631594712621399,0.0782207803785965,0.172949889109579,0.258258868271668,0.156189545854278,0.575243707612625,0.160282951547252,0.104062691978377,0.0522471191145195,0.061732526918563,0.190655306697509,0.307721034877569,0.116583394215972,0.136244613301033,0.687598888373612,0.195897068933656,0.0834521349525639,0.186797329547531,0.227096795994879,0.491938954789575,0.170575304772839,0.263037014429376,0.335008093837012,0.519827277300054,0.156798051877645,0.465007289211934,0.236280615298189,0.256549449578756,0.507427381924644,0.488258638759559,0.171965500741685,0.204959494237304,0.246469893169592,0.0166994051094727,0.167534589149722,0.22702288256216,0.0162135650062759,0.326058865242023,0.157646664089415,0.234426330391538,0.411535794511949,0.0321375809550754,0.14681667530009,0.125975914249513,0.297532408351277,0.113200542756017,0.48193311579268,0.104336114968714,0.37055301881139
0.000939446460466352,0.131074445999831,0.211764215455416,0.0423936187889845,0.16797144405146,0.49111262573265,0.166606444251486,0.572730344439491,0.315118085287524,0.297022466160592,0.162417108863249,0.344284266079326,0.289168720839247,0.160092305171515,1,0.259972606624672,0.476670283439675,0.35744512118514,0.195398406904054,0.514879864267106,0.218411982713176,0.106221954839695,0.293424882209223,0.551262191561833,0.105927916687633,0.0359935598047133,0.185238922225,0.178584535609009,0.0638937716813509,0.141502855187277,0.0985919713246419,0.32298753829396,0.0147069227357211,0.197672463217118,0.721996285620329,0.0720606537678767,0.0375148309369408,0.411783031615085,0.11195960613289,0.224699413460043,0.138339470643174,0.0394098788505972,0.335781052129083,0.108413321568631,0.203010199433213,0.220249209946152,0.230031658618434,0.0528435328915541,0.300749387444995,0.318857840619263,0.127146675070607,0.355050772217698,0.478539484795786,0.383433561605182,0.079711769644203,0.521400468810085,0.293216033269109,0.175967272509489,0.179102964212733,0.125678130885926,0.326636408226245,0.0615276038340377,0.761548600946783,0.128445019013831,0.34926222155494,0.155761352739976,0.0257145299421594,0.476954278746316,0.36126582613928,0.170881029986221,0.191557809108297,0.299582553181524,0.0142404034390104,0.30283283801017,0.21470891756825,0.309854478902554,0.184994181008531,0.0770091653842654,0.238881740026688,0.185137363385535,0.178473846216719,0.0196657154715852,0.634656630911174,0.127408375349305,0.0805454639843046,0.0555082134103454,0.235481429822616,0.272079710861776,0.0574668651891143,0.0791676553212009,0.115517117135215,0.123195232081745,0.373366167566219,0.0299826575008246,0.0250191670428291,0.273637720478532
0.347540536045888,0.0121833033353629,0.539026526905354,0.289283374343456,0.463447763603598,0.273640384704398,0.187385804904018,0.138220167339345,0.309324988139216,0.64606800009075,0.138277509077257,0.0800212818732778,0.0350934006609348,0.181002232040543,0.259972606624672,1,0.386929781623819,0.0474569316013985,0.370901556066067,0.34596785865536,0.394741672623592,0.0854758635925629,0.159268992609594,0.113996250701471,0.0656274019394801,0.174598488421787,0.21901874935256,0.0682540032859283,0.101197783749263,0.0573829745012533,0.211395414582891,0.242884873930882,0.127604792276997,0.0876596472875215,0.281873301485549,0.142728692371678,0.175481343244135,0.331194478331572,0.298673724848659,0.08740556819605,0.0817909511829047,0.353975436145883,0.663215859082521,0.331121313989879,0.310285483863623,0.316417450583386,0.100397882748269,0.233863436262008,0.313262134507551,0.119767705196035,0.482070409807623,0.339085660108451,0.126351970037254,0.200160931310759,0.246103202547458,0.132548969942291,0.306055357338216,0.555929348761465,0.243422421984006,0.0965958325245196,0.265650437106308,0.207082360927383,0.267492729388652,0.557849537732082,0.478180208777532,0.0442283947540455,0.0710414928933123,0.21081019209205,0.403909206829161,0.227180821439972,0.127082934801551,0.128901279921283,0.000167178953919155,0.29543254505914,0.289507438569577,0.123271277811852,0.0436709913688268,0.13945042404685,0.00979225117463227,0.0330102248304618,0.131386018865803,0.018152367691203,0.154402383781774,0.0996807246851809,0.224077574823802,0.122270430510511,0.13301216113521,0.0920082707998249,0.105272015747529,0.390772549268088,0.416530633356018,0.349814662559371,0.332192616827137,0.353909757831901,0.0863046201311563,0.332950455541171
0.101771376599694,0.150762390324697,0.169504932974274,0.0790548854160271,0.278323368400187,0.469299148074361,0.176199235204002,0.378576126242406,0.45772001827688,0.420748390444829,0.0254164002809857,0.20290229065901,0.0160995691189981,0.150099737926784,0.476670283439675,0.386929781623819,1,0.287019175423624,0.292783537674199,0.68895155810126,0.353839339026157,0.210969386608555,0.314975325155468,0.476517979104456,0.14838945222926,0.183349139685542,0.366597042857544,0.125032437077784,0.0632030061400614,0.0655719919647822,0.0615785380572863,0.184971076161935,0.0782550905387488,0.334888138143566,0.559166550716877,0.00396407759809308,0.0949283802704855,0.283999075597055,0.271893884292435,0.113407811282462,0.202643738292463,0.0476962403242902,0.288330270974361,0.079903169465403,0.345947247799416,0.151446743089907,0.114594713204064,0.00736066783859885,0.252262052065219,0.337079942181351,0.295799695753352,0.289574254891601,0.338206874109489,0.32746492921192,0.188542815011002,0.254498099749104,0.319843513596781,0.292004276419144,0.00998286483071486,0.172059876537075,0.0917192375813567,0.205571939330303,0.626346342884483,0.215224251541723,0.616384196087558,0.0911414700144743,0.198543741996782,0.555326621806012,0.221663759879469,0.324410430475492,0.230066855054435,0.506734594661386,0.0124801728906324,0.391915542435311,0.46927942889579,0.0970885802279889,0.0287664095202189,0.144196699629198,0.0868406230629587,0.278314976836888,0.017522287828623,0.154435112541515,0.514784922688697,0.112600345508465,0.0540622624793331,0.068672435300099,0.377199989547994,0.0720896579802923,0.0551787656355935,0.106129766096048,0.11634374913632,0.109118693240657,0.371611327986292,0.171454980324326,0.110640864979191,0.335217022968014
0.0667023641095056,0.503008148967905,0.428134620883403,0.00378111014699201,0.0448043058708066,0.41523375506067,0.178156683454667,0.496317315774938,0.224384709169874,0.145150299217443,0.190214907791768,0.597459525950458,0.194352615330094,0.0948373627321284,0.35744512118514,0.0474569316013985,0.287019175423624,1,0.155253484573036,0.486286139809044,0.0322809837127396,0.115573383432663,0.0517156864821853,0.717962315734223,0.0141889752406431,0.0109508761706113,0.10864659332542,0.111161251477747,0.0461104369597896,0.16360533650044,0.0148984808529488,0.153274734895783,0.555040067323973,0.190803630250911,0.502576421489121,0.391214128855127,0.384404885466968,0.379636647856215,0.371253764165544,0.222592626341289,0.258256451536523,0.0823929294260227,0.09779745419518,0.126149865021122,0.42756595496421,0.11691358762354,0.368384623056919,0.0124455723678457,0.112185981140348,0.410831414045659,0.0814991978698487,0.0354955654216879,0.154586110542315,0.00648276596927734,0.250852872466168,0.34021198133564,0.0915384261783248,0.158404947695167,0.0454226019548982,0.36365182781035,0.0824748230265814,0.0125581085981115,0.341582626224926,0.283807078513335,0.278243337631365,0.431063177256101,0.066250532250988,0.497493563707937,0.176776001317167,0.0449349850292589,0.0980736859755902,0.34184782956534,0.0449902972160417,0.0555509547418471,0.126342716262737,0.255866659205207,0.146568069942268,0.311095042667908,0.329918234913247,0.249397890310488,0.289133105781917,0.0787664877444025,0.533855142352788,0.243885264967194,0.11160315174465,0.113669517211368,0.474480407597397,0.0855062038506501,0.0273844770034795,0.130012213774378,0.182892343581372,0.0952435878685261,0.551982091941789,0.164925383235066,0.00326731628624514,0.238632231935804
0.0994229612305336,0.260489513975915,0.296371003921317,0.130169972061368,0.267521870016273,0.0277247187704699,0.138932965595699,0.166878572005127,0.218205367167965,0.411834568512778,0.195513283490445,0.235845670020615,0.395630826691989,0.321901027081846,0.195398406904055,0.370901556066067,0.292783537674199,0.155253484573036,1,0.218257485701855,0.624355874517304,0.756675449509123,0.755050656449076,0.0650610869189053,0.0696561458691554,0.549994757203203,0.641803715418874,0.524192359693525,0.385154327671142,0.21869714434634,0.481244557625722,0.516461933560715,0.129312876324059,0.352211549042731,0.30438583507364,0.121362520835234,0.192247943801084,0.305461372207753,0.342450289776695,0.49190047070484,0.17154327947314,0.327789910113663,0.189996540455562,0.0580208675043816,0.0581056765815963,0.332801643951432,0.230711773541403,0.0606108833315651,0.388718583691521,0.0137495966729626,0.411047574114542,0.0640719674756674,0.25449843477679,0.114692786908694,0.150002571657244,0.132227777635377,0.417494031122601,0.632888963546055,0.164655181733056,0.196697688403723,0.256458274901099,0.42774537866074,0.363782290270007,0.517014388436144,0.432911809005853,0.010847916981106,0.676195035539683,0.249902050165676,0.491472846144409,0.738754661657359,0.77724726463462,0.417356538602383,0.21308911377087,0.667230753591213,0.640019816209142,0.388144568619961,0.405672048844865,0.341280743664755,0.251480438267102,0.306113931598571,0.26133767443519,0.400754377835004,0.205729775353245,0.20090918133595,0.42539080636055,0.43878031737694,0.413688312196674,0.515181570379602,0.379529604367117,0.346180451468603,0.0828693895851628,0.149040419913797,0.07776114346924,0.420316468705236,0.0195155286997913,0.250358941073293
0.254837875133712,0.320687002733873,0.411410617602485,0.305311948354015,0.482882702572927,0.516663778595595,0.129262250836454,0.620069604907508,0.35884793759838,0.408070154453371,0.304605407820905,0.559434764052411,0.164444824600774,0.249808932455487,0.514879864267106,0.34596785865536,0.68895155810126,0.486286139809044,0.218257485701855,1,0.311187565627836,0.120313961451697,0.294906243060237,0.689756725329463,0.119360113001218,0.224901482420812,0.413339312460391,0.404404010252163,0.120185055858701,0.177084393162327,0.109971223342573,0.362758468356155,0.34809825290802,0.307663538911722,0.6358189315788,0.144533011909442,0.161477771751901,0.357395106091401,0.408862911503869,0.30496043465473,0.103569491567751,0.158601703383312,0.235265952932971,0.063989875151332,0.304628802052391,0.31550732922201,0.0405806126769785,0.0236171605050969,0.369586024384863,0.548683689849963,0.186600519525206,0.360950726875349,0.522778933279002,0.279226802527279,0.236072728397929,0.437819954132202,0.300532466274559,0.132548882135985,0.282353237952192,0.224535329172569,0.130990117748271,0.306747276356365,0.63023748891123,0.0930185256168503,0.660257516416941,0.173640312902874,0.1388107354969,0.787178713639317,0.231056622629435,0.280433885213921,0.236986274066963,0.593590444956469,0.0558097296002729,0.380230265612064,0.512065843336352,0.522803591365053,0.00742014365577232,0.196421048488488,0.0666247500619194,0.0585467476644837,0.202939842545402,0.198423339180675,0.680059093178605,0.0264242688561545,0.0451957946013733,0.0965551823182735,0.531055959199474,0.374432559334322,0.00609656450690107,0.165372030900787,0.272858112411447,0.0144114594732969,0.488094140853328,0.20142899919478,0.140558151094914,0.498443777975731
0.158471556771812,0.0301599960799552,0.484144285851552,0.00301247057111321,0.369335547240387,0.185687664709202,0.0573005542559926,0.153354089088212,0.322359919106716,0.267991733002444,0.178909695012111,0.290482013086546,0.24153168126242,0.264127598440536,0.218411982713176,0.394741672623592,0.353839339026157,0.0322809837127396,0.624355874517304,0.311187565627836,1,0.553092119305478,0.581500302976989,0.197659536206447,0.0635422535311256,0.260997821144476,0.506457577159629,0.529669125892893,0.394443500848807,0.338063976113608,0.299910413318437,0.458386078063595,0.1434962106568,0.334776269992169,0.178196205258527,0.182090736902531,0.292619053518097,0.356923232869433,0.282528632832076,0.318612163828928,0.0472305009720312,0.386849258029096,0.201666197507297,0.232217667790906,0.00141985935385209,0.29673236559897,0.101514555833018,0.0860360511397349,0.423791356413449,0.184107022094914,0.60997189642196,0.11900658196968,0.268556713073641,0.111662524261463,0.0959753878126432,0.00403573027753672,0.405808191653868,0.467925588146744,0.249078601967111,0.206889939734969,0.0772903347091738,0.545654878129542,0.290841168709695,0.388372546362181,0.527065399155778,0.0772447920765527,0.391032780558178,0.207152170768567,0.496482492093053,0.511464809684335,0.503455524929096,0.312502958272856,0.301356234247028,0.459635305492797,0.571404525941841,0.385313492162801,0.333662436319838,0.464234584402567,0.292836227542937,0.243540407242547,0.21149721379768,0.379521278390325,0.12681674266309,0.171949339075256,0.419663742576729,0.310239137274453,0.2424150408589,0.484723397603444,0.412282645676334,0.481027815665416,0.153787365380669,0.326250796753382,0.240946414369461,0.365812416276302,0.25820261396713,0.285332570688896
0.0695551192913472,0.105699645764387,0.210559261569588,0.222453754322632,0.179215588894946,0.0461223208999785,0.0412803844572548,0.268737018625661,0.290572983142566,0.243525938669368,0.0602206793769183,0.309074318802784,0.379601081801865,0.309480004250019,0.106221954839695,0.0854758635925629,0.210969386608555,0.115573383432663,0.756675449509122,0.120313961451697,0.553092119305478,1,0.764285072724585,0.0373851318358871,0.195224977613079,0.320235947546366,0.527199364480986,0.567645522034326,0.472944861087522,0.163697638841171,0.498035725764418,0.550297136990795,0.0926774758634525,0.299468314468312,0.29104242017148,0.00635420178950672,0.0960026618057477,0.417664290658817,0.378692322820586,0.575622243018075,0.241000838747687,0.170623979978692,0.0636063683630331,0.245318926612164,0.0885879094991913,0.366883819619244,0.100838689280439,0.193677670870618,0.474989424092779,0.0497607762723305,0.410186914291002,0.0235573341781454,0.260440788653044,0.00842599864547089,0.0822689475422007,0.335216678907887,0.379523115401293,0.358618628134055,0.109471744317175,0.377244697618292,0.374892368325706,0.571595526335599,0.196154913119816,0.364092556939646,0.392671999942147,0.0203355586981927,0.767030161375279,0.199298770257788,0.275714221139185,0.848971381979672,0.765674685922372,0.267085884889676,0.387541176118889,0.461613034920914,0.454496128626593,0.39772722309345,0.592799379229494,0.199457123015515,0.277821701356615,0.208022601988015,0.253576464513681,0.350293507303448,0.165989145333222,0.10430668382326,0.273570676126746,0.619291005539794,0.330008414297558,0.59323065834772,0.391508978487189,0.153831451514853,0.200592953777421,0.0360450344383989,0.123365157497645,0.519421624285876,0.131752729548928,0.380508253192749
0.0416991511567068,0.150538237167473,0.172125877109214,0.327152948113655,0.339061646766964,0.000205873002040414,0.25719889875359,0.0350003071120876,0.286620991575957,0.284491053125629,0.238818418748314,0.421741826305421,0.27140472566095,0.590183353718819,0.293424882209223,0.159268992609594,0.314975325155468,0.0517156864821853,0.755050656449075,0.294906243060237,0.581500302976989,0.764285072724585,1,0.143339593030361,0.217154634213794,0.426688916664334,0.618723736235284,0.572861888745618,0.574704131433852,0.260597064844341,0.447874655550757,0.634516379890994,0.119589368127915,0.35879807260818,0.328591913718389,0.0101566010887304,0.134058341771618,0.37500040611586,0.296959744680532,0.584697040295195,0.17215888375035,0.112678022089052,0.0894176556282543,0.27112024350514,0.095277989303602,0.3915419723428,0.117509111628177,0.128115909684515,0.325673011241827,0.162830900488779,0.387630455038344,0.0381047092468699,0.407045216586115,0.133358025337074,0.0887166157262881,0.123995462363604,0.302612598281944,0.395309368921567,0.153439053381227,0.264763732262006,0.185724902116607,0.596564280804408,0.443781652458871,0.298008276446198,0.363077793143171,0.150642958602726,0.756465322048373,0.279066360086349,0.402065279857565,0.687582087137549,0.894438357604132,0.400440501007951,0.314523622156139,0.617395107639702,0.614570480772925,0.557682801069253,0.468391080342076,0.250082436222992,0.33212631876328,0.269760745291175,0.115467314582808,0.378867503366542,0.221651793252853,0.015572293819486,0.306074467918661,0.501101061783461,0.402827245896117,0.649606379361518,0.293240206885396,0.287739212464949,0.0431480677746955,0.222872650941959,0.216975205169984,0.510225419231171,0.17794804580622,0.384097107364882
