0 0.297630893056024 0.20613094178381 0.129583712996986 0.108765042406061 0.00465531497178322 0.117864896070034 0.0109662938707495 0.149665018954828 0.275423289167664 0.0448890370738234 0.013693496448393 0.0193862060947313 0.00304239629694022 0 0.309113629726775 1.61603102779573e-05 0.000709758497749889 0.00425968153613846 9.7790138451278e-07 0.0855643607363565 0.00600768396863712 0.00860957089829681 0 0.00100001683029069 0.00118940328626953 0.0012413319471028 0 1.05986094624385e-05 0.000750611539080376 0.000117107474202739 0.000413629408062874 0.00178202379431923 0.000220754874600437 0 0.00127772926916554 0.000632836819320337 0 7.43632645473136e-06 0 9.32764922511418e-05 6.31828461624688e-05 0.000307353801686922 0.00130096801640631 2.05462131748641e-05 0.0342075962656261 0.000302291009970964 9.41929317473324e-06 0 4.48685217706554e-07 0 0 0 0 2.53905488961463e-06 0 0 0 0 0 0 0 0 9.7331657541108e-06 0 0 1.95580276902556e-06 0 0 5.06836807064559e-06 1.65371114707889e-05 0 0 8.39693117247388e-06 4.20022985656719e-06 0 0 0 0 0 1.05469990096368e-06 0 0 0 0 0 0 0 0 0 0 9.7790138451278e-07 0 5.36425432573469e-07 0 0
0.297630893056024 0 0.00698962840029685 0.00173317830425717 0.139388145133399 8.91441088627471e-05 0.492406308345391 0.00177511268991176 0.0252218688808365 0.0303606638925938 0.0126971302386695 0.00405016003448267 0.00546175882605057 0.25509297548917 0 0.0109732130579419 0 6.21235040326122e-05 0.00450478602864601 0 0.00681854375631101 0.0543053453932347 0.0230303711753269 8.23110539018313e-06 0.321683829691089 0.00598827864151239 0.00262538918281275 0 0.0375241081758082 0.00608476894913458 0.012386426925012 0.00360982422857423 0.166799027422104 0.00556681174446983 3.9545511347189e-07 0.0115127795775329 0.00809580708961614 0.00223849554613051 0.000450475442868682 7.9091022694378e-07 1.93551111813682e-05 0.00093631752400478 0.000415089567929015 0.00537891141659769 4.66469219226886e-05 0.0178206225810383 0.000893880453297475 0 0 7.41472828407277e-06 0 0 0 0 5.08924910317029e-06 0 7.9091022694378e-07 4.4257970860552e-06 0 0 2.37273068083134e-06 7.496499134904e-07 0 0.00162164035778251 0 0 2.37273068083134e-06 0 3.9545511347189e-07 2.18901083236504e-05 0.000266879363788242 0 3.35765665075676e-06 0.00453064462275047 4.49641236761086e-05 0 0 4.82704108415343e-06 0 0 3.17722036732465e-05 0.000150403915917188 0 9.58375378828293e-05 8.21283924892412e-05 0 0 0 0 7.36193308622101e-05 2.82188771900673e-05 0.00139097760127632 3.16364090777512e-06 1.37511792401429e-05 1.31163581525177e-05 0
0.20613094178381 0.00698962840029685 0 0.130004620096653 0.0528738968766172 0.116718967583861 0.00292373587583094 0.0126727720214803 0.00319082464672746 0.0359954158382017 0.0192381308592448 0.0175329951382939 0.00189684454658636 0.00339864690421568 2.43610106896115e-06 0.143162020917116 3.45109016030215e-05 0.000801014205085952 0.000637421930679338 6.47936968691686e-06 0.00267802430866276 0.00154121236270005 0.00205360099572226 2.39625002840075e-05 0.00042469434544089 4.43822237863793e-05 5.66916590610875e-05 0.000110839811796285 0.00418215056924458 0.00104277942957029 0.000314358989653926 0.00354476799893717 0.000573675932981663 0.000154449249581664 0.000159777908706897 0.00052068726669057 7.40312662031977e-05 4.49684403309677e-05 0.0116615329436547 0.0069613690819612 0.0479810096535825 0.00210863792060822 0.000258355298580627 0.00190031444085153 0.00842497227101762 0.268472764985914 0.164095412321906 0.000144743239013478 0 2.69211130623933e-06 3.65179412645433e-06 2.15978989563895e-06 0 2.15978989563895e-06 7.80576752550925e-07 0 0 0 0 0 0 0 0 7.26439704725643e-05 0 0 0 0 0 4.98010448259204e-06 2.40369109092006e-05 0 0 4.61824205415995e-05 7.68622042259036e-06 2.32416032456825e-05 0 0 0 0 8.48798930142103e-06 5.48263649023542e-06 6.85762876912421e-06 2.47901513686643e-06 2.34652549969261e-06 0 0 0.000166295558475525 4.48746078159704e-06 0.000332087820839177 4.42078831497233e-06 6.65047181196089e-05 1.95122297334452e-05 6.46528152157178e-06 0 0
0.129583712996986 0.00173317830425717 0.130004620096653 0 0.200330786682958 0.419732736705047 0.000621142825260258 0.141181022012852 0.000759832518352524 0.00191517634517796 0.01699904716403 0.000670192788856892 8.67262970766601e-05 0.000132312212448392 0.109866549164917 0.000304027792515009 0.00847525323274077 0.000288432008151234 1.67961938572667e-05 0.0311008749520224 0.000496413947340945 3.34314516603291e-05 4.33588623441913e-05 1.20833198463103e-05 0 0 6.57873961874888e-06 3.2776279854793e-05 0 0 0 0 8.6670849809515e-06 3.76084468754536e-06 0 5.2629916949991e-06 0 0 0 0 0 8.51450323878171e-06 2.78503972510152e-06 5.58677944512107e-06 0.0149223156673159 0.07068150099562 0.000200633105493912 0.014593864023178 0 0 0 7.46780090040453e-05 0 4.4698336821897e-05 0 0.000255518901816527 0 0 0 0 0 0 6.7493867745193e-05 0 1.5910579857644e-05 1.31574792374978e-06 0 0.000105224588169608 0 0 0 5.23525751005146e-05 0 0 0 2.63149584749955e-06 0 0 0 0 0 0 4.74456230831188e-06 0 0 0 1.31574792374978e-06 0 0 0 0 0 0.000435134298857386 0 0 0.0013631944693914
0.108765042406061 0.139388145133399 0.0528738968766172 0.200330786682958 0 0.0104770958814489 0.0296744307950913 0.0384588161732661 0.00180128063295595 0.0422416259069576 0.275266111385327 0.0400875040630587 0.00522937989800585 0.225413076697912 7.30830320688345e-06 0.051190011598538 1.29282482223659e-05 0.00102126465905725 0.0022606965632379 3.03175000189484e-05 0.00830009368494847 0.00544133807977167 0.00690316247532908 2.29454322910344e-05 0.000922963106759431 0 0.000282331718926457 0 0.000467516845100356 2.57087997156979e-05 0.000958655453415872 1.01361006605952e-05 0.00061087842875573 0.000172029140375538 0 0.000224153762165768 3.78968750236855e-06 0 0 0 0 3.42299471278627e-05 1.47331980596417e-05 0.00011499895797165 5.57753032055947e-05 0.263943045088604 4.6729579460505e-05 1.89484375118428e-06 0 0 0 0 0 0 0 0 0 0 0 0 0 0 0 1.11105185501218e-06 0 0 0 0 0 1.89484375118428e-06 6.21811957095678e-06 0 0 0 3.78968750236855e-06 0 0 0 0 0 5.2734995048184e-07 0 0 0 0 0 0 0 0 0 0 0 0 5.36425432573469e-07 0 0
0.00465531497178322 8.91441088627471e-05 0.116718967583861 0.419732736705047 0.0104770958814489 0 4.63449966615609e-05 0.0117127997160421 0.000118105077316672 0.00020200071627448 0.000107466341682167 0.000100652642258202 2.30798552535561e-05 9.64880347042097e-05 0.125107480230498 0.0128344449972023 0.220051354898894 5.41356372823717e-05 2.37412738446787e-05 0.105326484031639 4.96032683999927e-05 7.46635918945254e-05 0.000104366434090738 7.56931827541459e-06 1.97413500897409e-05 4.39299738727411e-06 2.08228248931586e-06 7.84974288279715e-06 1.64808431107929e-05 1.03699725922838e-05 1.5302756890061e-05 3.54823225034403e-05 3.54141194086489e-05 1.12172576110153e-05 1.13260917443475e-05 3.17497490226137e-05 3.24038331899627e-06 0 8.61212624756779e-05 1.19977071836039e-05 0.000234709065531401 0.0491227999903225 0.000667567627968546 5.3598898006657e-06 0.0279101310613076 0.0747639610646074 0.00125940404381687 0.238508019191911 0 4.48685217706554e-07 0.00175205119216589 0.007395404880764 0 0.0443395217163048 0 0.00161665509181583 0 0 4.83722730131089e-06 3.90422468344546e-06 0 0 0.000145291098599152 3.56207616019078e-06 0.000301924469800078 6.44856197068054e-06 0 0.00024930443794569 0 6.22513060324006e-07 1.60076495221183e-06 0.00015880722672402 0 1.33997245016642e-06 0 1.33997245016642e-06 0 0 0 6.63154759823432e-06 5.2734995048184e-07 0 9.53757366945706e-06 0 0 2.00157724286738e-06 1.37790013530979e-05 1.4149635222404e-06 0 0.00518599709155791 0.000179511477499226 9.81809440363377e-06 0.00374525907711165 9.91841484627294e-06 0.000105192330083263 0.00893804911568728
0.117864896070034 0.492406308345391 0.00292373587583094 0.000621142825260258 0.0296744307950913 4.63449966615609e-05 0 0.00225582604407034 0.305600362328659 0.0442617593582231 0.0118273050410149 0.00254508912413226 0.0548962448905419 0.00866852553173646 0 0.0206895565553049 0 0.000174958321837287 0.00822773208715154 0 0.148522026302 0.21015304170263 0.0119060882832928 0 0.00772566640253746 0.000130123643846821 0.00287688087504221 0 5.45071343782553e-05 0.00080732652784156 0.00185926910749037 7.06393449378079e-05 0.0513577561829869 0.00258979348200502 0 0.00913035627203282 0.00108870769086313 0.000208490041534487 3.90407138873397e-05 0 3.45468489819044e-06 0.000802121260164933 0.00030822973589636 0.00524261211296544 1.28512207179738e-05 0.00833277812925382 7.72032779356566e-05 0 0 1.28040363112051e-06 0 0 0 0 1.05566310700663e-05 0 2.49515524024186e-06 0 0 0 8.31718413413955e-06 0 0 1.35993918789829e-05 0 0 1.33894836099283e-05 0 0 3.63659928413407e-05 6.66475875452781e-05 0 2.49515524024186e-06 9.56311596581117e-05 2.00010088995915e-05 0 0 0 0 0 1.93915330942582e-05 8.31718413413955e-07 0 4.97417037710829e-06 0 0 0 0 0 3.64995235939286e-06 8.31718413413955e-07 1.12162726607068e-05 0 8.31718413413955e-07 0 0
0.0109662938707495 0.00177511268991176 0.0126727720214803 0.141181022012852 0.0384588161732661 0.0117127997160421 0.00225582604407034 0 0.000716330687691842 0.00845084843146911 0.136642919385598 0.0792983564026613 0.00123289817277601 0.00197768537519725 0.0405262766102297 0.00609449014305756 0.000817785052844346 0.319563398390905 0.000306818200601837 0.0312323756597341 0.00243207798992496 0.000255116841968585 0.00042148097363106 0.349129775559781 2.94520736223302e-06 0 1.10919810674632e-05 0.00123753070602152 0 0 0 1.47165301953767e-05 4.784207017371e-05 1.40868931410216e-05 0.000297959149416303 2.25494354154733e-05 1.28809896455953e-05 0 7.06013970282978e-05 1.32963163885077e-06 0 0.00093994079156934 3.10397804536767e-05 2.26744360658282e-05 0.054957366154912 0.0651076888430542 0.00256188042932808 0.000245707769870278 0 0 0 0.000184660895299782 0 9.46227839665847e-05 0 0.000552344628254505 0 0 0 0 0 0 0.00538197738729382 0 0.000279648078071388 2.14952065689351e-06 0 0.00393741777456233 0 0 0 0.00218669359057626 0 0 0 7.26977099224812e-05 0 6.03380135519178e-07 0 0 0 0 0.00250316095647959 0 0 0 5.51160054123917e-06 7.07481761120198e-06 0 1.182819546093e-05 1.47852443261625e-06 0 0.0024557292665912 4.02989973037944e-06 1.47852443261625e-06 0.00142272157036938
0.149665018954828 0.0252218688808365 0.00319082464672746 0.000759832518352524 0.00180128063295595 0.000118105077316672 0.305600362328659 0.000716330687691842 0 0.0404283427284271 0.00104734840832435 0.000239311307331122 0.188646890386629 0.000590972353838432 0 0.00725924979051692 0 4.05767998854724e-05 0.00125254377539757 0 0.297023616660891 0.00443702173855026 0.00851567469157866 0 0.000490549577576438 6.10604987421537e-06 0.000286664683226584 0 0 0 1.68445361028878e-05 0 0.00191720944269267 0.000379018926058381 0 0.00134904865102054 1.90041086882984e-06 0 0 0 0 2.32331214746711e-05 1.9897942398595e-05 0.000168744213105871 0 0.00174576589179762 1.16175502459048e-05 0 0 0 0 0 0 0 2.34173025765277e-06 0 0 0 0 0 3.87251674863494e-06 0 0 0 0 0 1.16175502459048e-05 0 0 8.36754655759388e-06 3.97923441211573e-05 0 0 3.87251674863494e-06 8.86724704104069e-06 0 0 0 0 0 5.2734995048184e-07 0 0 1.23950756843321e-06 0 0 0 0 0 0 0 0 0 0 0 0
0.275423289167664 0.0303606638925938 0.0359954158382017 0.00191517634517796 0.0422416259069576 0.00020200071627448 0.0442617593582231 0.00845084843146911 0.0404283427284271 0 0.0241140845027825 0.00782042004407194 0.0662899674789017 0.00340887943537765 0 0.421071428757587 0 0.00107440952348706 0.082543918324665 2.34833291846118e-06 0.191500740207157 0.00810194517329218 0.163903212961621 0 0.000245720896054825 0.0887168445164058 0.0306333564589065 0 0 0 5.00987335768074e-05 5.88661207815066e-07 0.00102467120808872 0.000412822232381508 0 0.000692997503666805 1.25766316722096e-05 0 0 0 0 0.000210809410419118 0.00516886045655255 0.0101511826206178 2.09077566794998e-05 0.0298759281517638 2.18276984612077e-05 1.17416645923059e-06 1.82472428416066e-06 3.43857391374905e-05 0 0 2.40092579698732e-06 0 2.65594175691567e-05 0 0 4.02227588499613e-05 1.17416645923059e-06 0 5.25931029404804e-06 6.94561557739357e-06 0 0.00220857839906017 0 0 2.2221246638641e-05 0 2.52455126101335e-06 0.000102628571399611 0.00182297311146663 0 3.52249937769178e-06 0.00101502154539298 1.39341387643878e-05 0 0 0 0 0 4.94719279104646e-05 5.87083229615296e-06 0 1.23950756843321e-05 7.04319133661497e-06 0 0 0 0 4.10958260730707e-05 3.61939390856287e-05 0.00066774912165805 2.06108599256901e-06 4.15607833737157e-05 1.61370394256545e-05 0
0.0448890370738234 0.0126971302386695 0.0192381308592448 0.01699904716403 0.275266111385327 0.000107466341682167 0.0118273050410149 0.136642919385598 0.00104734840832435 0.0241140845027825 0 0.32384119518183 0.00250189138306028 0.192009455262936 2.43610106896115e-06 0.0339147414597046 0 0.00137706077932729 0.00085193535782597 1.36103801832865e-05 0.00536587452011187 0.00127084945149071 0.00223344941751415 0.000476975492300236 8.37102289263988e-05 1.51226446480961e-06 0.000125517950579197 7.81181084499156e-06 0.000523764768782493 3.44443191923747e-05 2.8531615820237e-05 2.91793412321177e-05 0.000320191366557763 6.20028430571938e-05 0.000581763181739461 0.000111003483654787 3.41267533363945e-06 4.08804003008797e-06 0.00160803694088449 5.82699574263362e-05 3.45468489819044e-06 0.00042162323909351 1.36103801832865e-05 6.60773580375053e-05 0.00594050073189279 0.244140903092538 0.0421128148613526 4.32372601412994e-06 0 0 0 0 0 0 0 0 0 0 0 0 0 0 0 0 0 0 0 0 0 0 1.51226446480961e-06 0 0 3.02452892961921e-06 3.02452892961921e-06 2.22612040640054e-06 0 0 0 0 0 0 0 0 0 0 1.37790013530979e-06 0 0 2.72207603665729e-05 3.72265862229577e-06 0 4.43459766669209e-06 0 0 0
0.013693496448393 0.00405016003448267 0.0175329951382939 0.000670192788856892 0.0400875040630587 0.000100652642258202 0.00254508912413226 0.0792983564026613 0.000239311307331122 0.00782042004407194 0.32384119518183 0 0.00135780545140335 0.064976027774853 3.38450234892352e-06 0.0167042076509933 0 0.335867141908622 0.00046183073825955 0.000148182962832876 0.00156832870430852 0.000518950510842796 0.000891774850944174 0.0558638604247866 0.000235843401801487 0 3.31940447986829e-05 0.000246620553202664 0.133099621351854 0.0175653740062516 2.94926421122892e-05 0.0627110902264657 0.00507552537888243 1.89680255992474e-05 0.00152187878048569 5.50625541073802e-05 1.61408633038858e-05 0.244431106920468 0.0170922252807596 0.000511691060307329 0.00281279997768058 0.00092084325304199 2.28550104819132e-05 4.15223998490379e-05 0.0277350627459733 0.115441597563503 0.0350111511272374 1.94981464935278e-05 0 0 0 0 0 0 0 1.89680255992473e-06 0 0 0 0 0 0 2.37366184813311e-06 0 0 0 0 4.80951838523852e-06 0 0 0 4.74200639981184e-06 0 0 0 9.64867172286158e-06 0 0 0 0 0 0 7.22241950441158e-06 0 0 0 3.79360511984947e-06 4.24489056672119e-06 2.8452038398871e-06 7.63206672601905e-05 2.11707932694554e-05 0 4.20017583854431e-05 0 0 2.0548135489796e-05
0.0193862060947313 0.00546175882605057 0.00189684454658636 8.67262970766601e-05 0.00522937989800585 2.30798552535561e-05 0.0548962448905419 0.00123289817277601 0.188646890386629 0.0662899674789017 0.00250189138306028 0.00135780545140335 0 0.00360022120160215 0 0.0512385540257275 0 0.000332504419255633 0.360114045730239 7.61113783466173e-07 0.379026968401625 0.168802589961343 0.138069168203829 0 0 8.3808214213709e-06 1.19709793479746e-05 1.52222756693235e-06 0 0 0 0 1.57233948018618e-05 9.89447918506025e-06 0 1.32230969765223e-05 0 0 0 0 0 3.42323341392861e-05 6.41853270041565e-05 0.000138609801635934 7.61113783466173e-07 0.00558312523083202 1.52222756693235e-06 0 0 0 0 0 0 0 0 0 0 0 0 0 0 0 0 0 0 0 7.61113783466173e-07 0 0 1.52222756693235e-06 6.70103597041281e-06 0 0 0 2.28334135039852e-06 0 0 0 0 0 0 0 0 0 0 0 0 0 0 0 0 0 0 0 0 0
0.00304239629694022 0.25509297548917 0.00339864690421568 0.000132312212448392 0.225413076697912 9.64880347042097e-05 0.00866852553173646 0.00197768537519725 0.000590972353838432 0.00340887943537765 0.192009455262936 0.064976027774853 0.00360022120160215 0 0 0.0115849271489414 0 6.99508359482882e-05 0.0027349923398913 1.60853941404126e-06 0.00274200328736002 0.00840164478007278 0.009251312946724 2.88363259206374e-05 0.168651861682575 0.00168473320897559 0.00127486004960551 0 0.129623173207099 0.00167135145273887 0.283757620237529 0.0003202998916914 0.003090130430182 0.00106850121790797 1.99722385883622e-05 0.00154253041243197 6.67349072064879e-05 0 9.18992687774798e-05 6.64815819425386e-06 2.76374791855235e-05 5.7036072751177e-05 0.000798716634745943 0.00498525521527206 7.57040852291286e-05 0.319050202140427 0.00742883526156633 0 0 3.0476957955534e-06 0 0 0 0 4.75453937871467e-06 0 0 3.083805109393e-06 0 0 1.60853941404126e-06 0 0 0.00250854179694315 0 0 1.60853941404126e-06 0 0 9.88296584494996e-06 0.000365245864678565 0 8.04269707020631e-07 0.0018036204047892 7.62372401334397e-05 0 0 0 0 0 9.5452782338646e-06 5.62158982336916e-05 0 1.93968832335188e-05 1.95764737045615e-05 0 0 0 0 8.96519135978137e-05 6.73562404261573e-05 0.0023252170766767 5.62988794914442e-06 9.11702170271154e-06 4.02134853510316e-06 0
0 0 2.43610106896115e-06 0.109866549164917 7.30830320688345e-06 0.125107480230498 0 0.0405262766102297 0 0 2.43610106896115e-06 3.38450234892352e-06 0 0 0 0 0.0106407643729916 7.40652959649227e-06 0 0.365737690118354 0 0 0 0.134995203320706 0 0 0 0.0094382521463963 0 0 0 0 0 0 0.0021071587733046 0 0 0 0.000122892336214802 7.53146541562384e-06 0 1.46166064137669e-05 2.43610106896115e-06 0 0.0147706683607425 0.000841272081868197 1.7052707482728e-05 0.000856830934198114 0 0 0 0.00172531495233712 0 0.0010515496418356 0 0.00448161395085205 0 0 0 0 0 0 0.00616175600028023 0 0.00761225375193543 2.14952065689351e-06 0 0.00687676438117402 0 0 0 0.00119603288984121 0 0 0 0.000312850330148461 0 0 0 0 0 0 0.00026500527316423 0 0 0 2.43610106896115e-06 3.85106459120155e-06 0 0 2.43610106896115e-06 0 0.00425703438488517 0 0 0.00176520407617077
0.309113629726775 0.0109732130579419 0.143162020917116 0.000304027792515009 0.051190011598538 0.0128344449972023 0.0206895565553049 0.00609449014305756 0.00725924979051692 0.421071428757587 0.0339147414597046 0.0167042076509933 0.0512385540257275 0.0115849271489414 0 0 0 0.00050595061332309 0.0216862666319772 2.76269281253231e-06 0.0477681165355567 0.0187560701940729 0.122973951950913 6.59651861921282e-05 0.00679846192981724 0.119520403315905 0.0267146533959927 4.03303942537842e-05 0.00276355604518533 0.0030677215652561 0.00502524842196206 0.00330393969891724 0.0120620015473375 0.0243586180789432 0.000345745024962463 0.0149794140500665 0.0062731023665302 2.04402001504399e-05 0.00696753121222336 0.00515214356616912 0.0277765040821016 0.0141093993626558 0.113258934068096 0.163463901157233 0.00448602592187063 0.0808946601916669 0.0896169013813441 0.000186046000555451 4.71758429596926e-05 0.000760378199329066 1.2219159318963e-05 2.39888691647076e-06 2.28322414861014e-05 1.2549597267861e-05 0.000272231495784758 1.08697424414529e-05 1.22390931321553e-06 0.000839394929478769 3.1082682647075e-05 9.13764249647023e-06 7.01241372539738e-06 0.000126522225759703 0 0.0603530941251885 0 4.29904131378703e-06 8.16907882934508e-05 0 1.25843899877756e-05 0.000906821603269966 0.031042183261942 4.08268804180673e-06 0.000125222270439842 0.0813257189175378 0.000884929154413375 1.44697826416035e-05 1.03730350878285e-06 6.63889639492868e-05 4.89563725286211e-06 0 0.000886478416451129 0.00449479949769643 0 0.00124813732664659 0.00307647234097342 2.00157724286738e-06 1.24011012177881e-05 0.000123101826434915 9.31068354383237e-06 0.0253857349738609 0.000982023476125734 0.0346265329555479 7.85265472696644e-05 0.000899297422793906 0.000713986217648158 2.68685750519907e-06
1.61603102779573e-05 0 3.45109016030215e-05 0.00847525323274077 1.29282482223659e-05 0.220051354898894 0 0.000817785052844346 0 0 0 0 0 0 0.0106407643729916 0 0 0 0 0.353318641515216 0 0 0 7.90094366475399e-05 0 0 0 0.0612026435713614 0 0 0 0 0 0 9.98611929418109e-06 0 0 0 1.85908161368284e-06 1.32963163885077e-06 0 0 0 0 0.0209792144777418 0.0013677548016229 0 0.196283349042685 0 0 0 0.0225799827199507 0 0.0213693558916745 0 0.0103686929685228 0 0 0 0 0 0 0.0270128169147358 0 0.13455023023365 2.04282273107396e-05 0 0.0141795272223619 0 0 0 0.000684528055909373 0 0 0 4.9808228145091e-05 0 0 0 0 0 0 7.18083497468336e-05 0 0 0 5.98786232621105e-06 2.82992704448079e-06 2.32767088595809e-06 5.21857758815642e-06 2.21039415748616e-06 0 0.00702721450841938 4.84133835331187e-06 0 0.00235185884357368
0.000709758497749889 6.21235040326122e-05 0.000801014205085952 0.000288432008151234 0.00102126465905725 5.41356372823717e-05 0.000174958321837287 0.319563398390905 4.05767998854724e-05 0.00107440952348706 0.00137706077932729 0.335867141908622 0.000332504419255633 6.99508359482882e-05 7.40652959649227e-06 0.00050595061332309 0 0 9.15739494942072e-05 0.00117883867944207 0.000238356039255415 7.79393673851132e-05 8.48562630276056e-05 0.130348260198292 1.96347157482201e-06 0 0 0.000714730106061504 1.05986094624385e-05 1.05649799889873e-05 0 3.6582643660212e-05 3.40956171474717e-05 0 0.000101214466096073 1.66430889573105e-06 3.80082173765968e-06 0.00294020537282199 0.00119470837704687 5.87302360116658e-05 0 0.000466358225377175 2.22195887894768e-05 7.43841184424413e-06 0.0205865655101353 0.0248413441711537 0.00482969635819636 2.9936348993911e-05 0 0 0 0 0 1.85163239912307e-06 0 1.48130591929845e-05 0 0 0 0 0 0 1.85163239912307e-06 0 0 0 0 2.22195887894768e-05 0 0 0 2.95148052443422e-05 0 0 0 1.85163239912307e-06 0 0 0 0 0 0 5.5548971973692e-06 0 0 0 0 0 0 7.40652959649227e-06 5.5548971973692e-06 0 8.22031584298609e-05 0 0 6.81480343936113e-05
0.00425968153613846 0.00450478602864601 0.000637421930679338 1.67961938572667e-05 0.0022606965632379 2.37412738446787e-05 0.00822773208715154 0.000306818200601837 0.00125254377539757 0.082543918324665 0.00085193535782597 0.00046183073825955 0.360114045730239 0.0027349923398913 0 0.0216862666319772 0 9.15739494942072e-05 0 0 0.190853182296578 0.165891370108868 0.522066303259769 0 1.71877076311037e-05 0.000847642729799175 0.0202357238936485 0 0 0 0 0 0.000101942959000337 0.0012022220160254 0 0.000108373214942975 0.000127076566862781 0 0 0 0 2.56792681928435e-05 0.000341717303486938 0.000112940557071655 0 0.00291776000132408 0 0 0.00064165135372125 0.000153075131665703 9.018439027789e-05 6.54669928842296e-05 0.000507030298571119 0 0.000543999614339156 0.000276903919501195 0.000372463147540938 0.00373851077113153 0.000443752726475187 8.58940062963675e-05 0.00366193403078118 0.000260557971042384 0 0.00133240409338102 0 4.26104521005659e-05 0.0273961529121583 0 0.00134150878362837 0.000252117631232223 0.0120239923465855 0 6.32163199251519e-07 0.000211848089463716 0.000141153794083944 0 0 0 0 0 1.41303517076065e-05 1.29996507802442e-05 0 2.60544777671673e-05 0 0 0 0 0 3.88300513031951e-06 1.32710731044936e-05 6.69206772207636e-06 1.26432639850304e-06 0.000286779964238748 2.52865279700608e-06 0
9.7790138451278e-07 0 6.47936968691686e-06 0.0311008749520224 3.03175000189484e-05 0.105326484031639 0 0.0312323756597341 0 2.34833291846118e-06 1.36103801832865e-05 0.000148182962832876 7.61113783466173e-07 1.60853941404126e-06 0.365737690118354 2.76269281253231e-06 0.353318641515216 0.00117883867944207 0 0 1.13768231359075e-06 0 0 0.0952727566501123 0 0 2.33907551607578e-05 0.373000611170577 0 0 0 3.89342833057704e-06 0 3.79748117940839e-06 0.245173712420547 0 1.90041086882984e-06 0 0.00672617203964093 0.00106268760673907 0 3.70290779506976e-05 3.07756699863356e-06 0 0.122988423577837 0.000828459469296037 5.40253047227726e-05 0.00879234532551853 0 0 0 0.0239837706625387 0 0.0159388814746648 0 0.0463088267090104 0 0 0 0 0 0 0.0852551003181984 0 0.101909574760257 1.93456859120416e-05 0 0.115469923021113 0 0 0 0.0144270381562569 0 0 3.78321058685841e-06 0.00828484257388669 0 0 0 0 0 0 0.00788914766540977 0 0 0 3.79869373908985e-05 8.7887423212533e-05 1.53878349931678e-06 1.0128165062397e-05 0.000279191424034507 0 0.0512788671657113 1.59947532241449e-05 4.61635049795034e-06 0.0128693043576575
0.0855643607363565 0.00681854375631101 0.00267802430866276 0.000496413947340945 0.00830009368494847 4.96032683999927e-05 0.148522026302 0.00243207798992496 0.297023616660891 0.191500740207157 0.00536587452011187 0.00156832870430852 0.379026968401625 0.00274200328736002 0 0.0477681165355567 0 0.000238356039255415 0.190853182296578 1.13768231359075e-06 0 0.00888407945363869 0.0977598831200431 0 0.000344872874438472 0.00287646707882801 0.000177679017825386 0 0 0 4.00537403763494e-05 0 0.00156741270785001 0.000229120149041102 0 0.00134495894254397 1.1402465212979e-05 0 0 0 0 0.000129033618604334 0.000392444199423922 0.000575634669922597 2.27536462718151e-06 0.0045353811765627 6.18069924804162e-06 0 9.12362142080332e-07 1.33160602689652e-05 0 0 0 0 2.55599359427667e-05 0 1.13768231359075e-06 1.3652187763089e-05 1.13768231359075e-06 1.13768231359075e-06 1.75310343134935e-06 2.63698214057155e-06 0 0.000504188374616183 0 0 2.08494973728696e-05 0 1.13768231359075e-06 7.48731552889561e-05 0.000571127290560366 0 0 0.000242373371068829 5.68841156795376e-06 0 0 0 0 0 2.76711446629369e-05 4.10291012392665e-06 0 1.23950756843321e-05 2.27536462718151e-06 0 0 0 0 7.96377619513527e-06 6.69615294215383e-06 0.000136372084683926 1.13768231359075e-06 7.16802496878654e-06 0 0
0.00600768396863712 0.0543053453932347 0.00154121236270005 3.34314516603291e-05 0.00544133807977167 7.46635918945254e-05 0.21015304170263 0.000255116841968585 0.00443702173855026 0.00810194517329218 0.00127084945149071 0.000518950510842796 0.168802589961343 0.00840164478007278 0 0.0187560701940729 0 7.79393673851132e-05 0.165891370108868 0 0.00888407945363869 0 0.142491636038824 0 0.00192898887113719 0.00223707124547445 0.052667223852914 0 0 7.02156462928947e-07 0.000336909625063458 5.88661207815066e-07 0.180739951759906 0.102830131175496 0 0.112070867075004 0.00945267167031702 0 0 0 3.45468489819044e-06 0.000585460296591749 0.00178450853559719 0.0034067519234046 7.55005966129981e-06 0.00499281898853336 2.49592412843579e-05 0 1.28446094145994e-05 1.4512256630555e-05 7.02156462928947e-07 0 0 0 0.000794637574058239 2.71743561036321e-06 0.000169790084127206 2.96324769820035e-05 1.61240910043696e-06 0 0.000490582642363182 2.90361275283869e-06 0 0.000369862367893791 0 0 0.0012681606788401 0 6.2601842440719e-05 0.00408431804979719 0.00587837560018436 0 1.19366598697921e-05 0.00235045210740432 0.00262108778239756 0 0 0 7.02156462928947e-07 0 0.000793056098231066 0.000151993187212941 0 0.000682209709159549 0 0 0 0 0 6.19945431013863e-06 1.96603809620105e-05 5.78697629206108e-05 0 2.44882098551717e-05 1.39954188477265e-05 0
0.00860957089829681 0.0230303711753269 0.00205360099572226 4.33588623441913e-05 0.00690316247532908 0.000104366434090738 0.0119060882832928 0.00042148097363106 0.00851567469157866 0.163903212961621 0.00223344941751415 0.000891774850944174 0.138069168203829 0.009251312946724 0 0.122973951950913 0 8.48562630276056e-05 0.522066303259769 0 0.0977598831200431 0.142491636038824 0 0 0.000405750394500454 0.0664449512335263 0.203815348542163 1.5006164230076e-06 0 0 3.29732084255653e-05 5.88661207815066e-07 0.00676824687091006 0.00613130219109096 0 0.0111705294112514 0.000274207519318919 0 0 0 0 0.000376090231065151 0.0103036395377474 0.0027625081911973 2.66679801639426e-06 0.00877452451109019 1.04746173337821e-05 0 0.000182280852376888 0.000296464449697252 1.87099490915043e-05 2.45320292046407e-05 0.000192160652524409 0 0.000842639195118289 0.000108695789003831 0.000201439049605266 0.000969193696438024 0.00016877686652531 3.52058123974304e-05 0.000910278569313266 9.34863034188462e-05 0 0.0103614811623282 0 1.93456859120416e-05 0.00332498543306533 0 0.000369211676193444 0.0044771990357161 0.0477357037341377 0 4.24510116514762e-05 0.00969092199405043 0.00290381210437805 0 0 1.1465401754523e-06 0 0 0.000889580702197331 0.0006163627983788 0 0.000656479448803902 0.000175663145817078 0 0 0 0 0.000210130424774605 0.000155970985311304 0.00492193269435997 9.12363747956239e-06 0.000414991541452313 0.000268545035950796 0
0 8.23110539018313e-06 2.39625002840075e-05 1.20833198463103e-05 2.29454322910344e-05 7.56931827541459e-06 0 0.349129775559781 0 0 0.000476975492300236 0.0558638604247866 0 2.88363259206374e-05 0.134995203320706 6.59651861921282e-05 7.90094366475399e-05 0.130348260198292 0 0.0952727566501123 0 0 0 0 1.96347157482201e-06 0 7.42310039149432e-07 0.0819275586514206 0 1.81282924553412e-05 0 6.74128311444306e-05 9.31947005637094e-05 7.90544188032065e-06 0.210989129248499 3.3286177914621e-06 2.24618560134403e-05 0.0745710916119978 0.337928226122456 0.00395955399765861 1.69334125053858e-05 0.0013813897174631 4.16959057005839e-05 2.8897746795796e-05 0.0937692421284929 0.00805131779527904 0.00358359570473951 0.00606452224262277 0 0 0 0.000177236664203314 0 3.46251158335459e-05 0 0.000558862498546902 0 0 0 1.55733645631204e-06 0 0 0.0116837979587709 0 9.33427593869054e-05 2.14952065689351e-06 0 0.0231020383339194 0 0 0 0.011036788997998 0 0 7.85549480639572e-06 0.00450947301424101 0 6.03380135519178e-07 0 6.02867963475847e-07 0 1.82754549674514e-06 0.0119977481468688 0 0 0 0.00015418297419777 0.000225174167881151 0 3.58187384951769e-05 0.00151060992547043 0 0.0283807723241527 4.67200936893612e-06 1.55733645631204e-06 0.0141206666120724
0.00100001683029069 0.321683829691089 0.00042469434544089 0 0.000922963106759431 1.97413500897409e-05 0.00772566640253746 2.94520736223302e-06 0.000490549577576438 0.000245720896054825 8.37102289263988e-05 0.000235843401801487 0 0.168651861682575 0 0.00679846192981724 0 1.96347157482201e-06 1.71877076311037e-05 0 0.000344872874438472 0.00192898887113719 0.000405750394500454 1.96347157482201e-06 0 0.0146837842868915 0.0079218664738108 0 0.224453032202576 0.0030730196524818 0.47527582724465 0.00105978816133254 0.0225190972611105 0.0057026033595508 0 0.00333124818000425 0.00158538702242857 4.08804003008797e-06 4.69989901477669e-06 1.96347157482201e-06 0 0.00217750746023509 0.00207860363389857 0.03938859738507 0.000120877277024195 0.115071960007581 0.000420585931004098 0 0 2.31935490533088e-05 2.94520736223302e-06 0 0 0 6.2686734072968e-06 0 0 1.6700156442928e-05 9.81735787411006e-07 7.80844936689092e-07 0 9.81735787411006e-07 0 0.0175244306152278 0 0 0 0 0 8.38046696576206e-06 0.00200320916877213 0 5.70277934651322e-06 0.0135981391858186 0.000779081607456582 0 0 1.81014040655754e-05 0 0 3.68581335757892e-05 0.000349604894190629 0 0.000238451645364543 0.000156834154554534 0 0 0 0 0.000647401719100968 0.000266068262018119 0.01642663556513 3.90797989882951e-05 6.17685045629995e-05 3.79668222771423e-05 0
0.00118940328626953 0.00598827864151239 4.43822237863793e-05 0 0 4.39299738727411e-06 0.000130123643846821 0 6.10604987421537e-06 0.0887168445164058 1.51226446480961e-06 0 8.3808214213709e-06 0.00168473320897559 0 0.119520403315905 0 0 0.000847642729799175 0 0.00287646707882801 0.00223707124547445 0.0664449512335263 0 0.0146837842868915 0 0.505945150143764 0.00550647645378955 0 0.000100123379024709 0.0022990439358766 0.00204355362599962 0.00268549914013782 0.0300729938294746 0 0.00140075105195954 0.00089568384969128 0 0 0 0 0.00645142196094072 0.0126504889731199 0.0365680711976651 0.000141445247947114 0.000804291476264306 3.05302493710769e-06 0 3.07398277103843e-05 0.000515325810766696 3.05302493710769e-06 1.19944345823538e-06 0 0 0.00018262262592081 9.84661396301572e-06 3.05302493710769e-06 6.51788151889963e-05 2.02741452506156e-05 1.4554634558498e-05 1.61714885367204e-05 0.000126769868764133 0 0.0277182080888471 0 6.10604987421537e-06 7.69583937564689e-05 0 2.10480291619775e-05 0.00796268282950107 0.00783491418166903 6.10604987421537e-06 0.000442067688029337 0.286030357642461 0.0199618759980227 3.9434730996679e-05 1.03730350878285e-06 0.000120072646968317 2.44241994968615e-05 3.61720778085508e-06 0.00848368279977259 0.00826046693442582 3.05302493710769e-06 0.00420991806822095 0.00412786705264703 0 3.05302493710769e-06 0 0 0.00600831732981661 0.00175530691639943 0.043111771580418 0.000419185898116135 0.000612045840571571 0.000387108489725345 0
0.0012413319471028 0.00262538918281275 5.66916590610875e-05 6.57873961874888e-06 0.000282331718926457 2.08228248931586e-06 0.00287688087504221 1.10919810674632e-05 0.000286664683226584 0.0306333564589065 0.000125517950579197 3.31940447986829e-05 1.19709793479746e-05 0.00127486004960551 0 0.0267146533959927 0 0 0.0202357238936485 2.33907551607578e-05 0.000177679017825386 0.052667223852914 0.203815348542163 7.42310039149432e-07 0.0079218664738108 0.505945150143764 0 0.135172052412872 0 0.028478399683641 0.00202412965991576 0.189653372639498 0.0384047409595593 0.459404682976224 7.42310039149432e-07 0.0765793411798225 0.0336006779302911 0 4.45386023489659e-06 0.0791589443478818 0.00147532016664844 0.00173647702937429 0.00735987018241215 0.0305861122971148 0.00079207054132338 0.000321550390620364 6.68079035234488e-06 4.45386023489659e-06 2.81131743015594e-05 0.000220400115062347 2.96924015659773e-06 0 2.40092579698732e-06 0 0.000563827755834266 7.53589906505746e-06 7.04671947070016e-05 4.89363362861797e-05 2.72343174979319e-05 1.94927355055835e-05 0.000293867750573609 2.31510688261108e-05 0 0.0101655635461793 0 1.48462007829886e-06 0.00100889621113424 0 2.3237441300951e-05 0.00798522907130115 0.00645204147724197 2.84551609223444e-06 5.6372753747186e-05 0.176688962521357 0.0654294655475288 0.0151847662548685 1.03730350878285e-06 0.0026509768026345 2.22693011744829e-06 0.00159958189448878 0.00303675551794624 0.0157189690433653 0 0.0063348137180344 0.00557780608179947 0 2.96924015659773e-06 8.95606412374958e-05 2.55036389770292e-05 0.00596630372273034 0.00185183773124344 0.0376668046241304 0.000621477935761089 0.000201405668880351 7.8702592141507e-05 7.42310039149432e-07
0 0 0.000110839811796285 3.2776279854793e-05 0 7.84974288279715e-06 0 0.00123753070602152 0 0 7.81181084499156e-06 0.000246620553202664 1.52222756693235e-06 0 0.0094382521463963 4.03303942537842e-05 0.0612026435713614 0.000714730106061504 0 0.373000611170577 0 0 1.5006164230076e-06 0.0819275586514206 0 0.00550647645378955 0.135172052412872 0 4.54226119818794e-06 0.013629069972527 0 0.0288995265350924 2.34968662454288e-06 0.00860796101897978 0.165954102032128 1.09433097574608e-05 0.00273232643750309 0 0.0511516788899066 0.342933610817248 0.0141993595015853 0.000324310018552924 0.0962280491300171 0.00124830988175167 0.159266597494839 0.000518642038567425 0.000555427384399711 0.0102987805403263 0 8.97370435413109e-07 0.000304451563775278 0.00204462833035275 0 0.000782048903268865 0 0.00558787401731066 0 0 5.44223463273484e-06 0.000191966869267312 0 1.91491276614894e-06 0.0575224940275238 0.000373653474506167 0.00592074509770854 5.68449934623058e-05 0 0.121701960819209 0 0 0 0.0148543121813123 0 7.65965106459575e-06 0.025157266760658 0.331266475378194 0 0.00734560998685152 0 0.0337559741768952 5.2734995048184e-07 0.00437979094104752 0.0249521304864388 0.000113002617909966 0.00514788822301519 2.40189269144086e-05 0.00273342022536333 0.111870156876201 0.0184800210574782 0.000385803526481596 0.0560168619478081 0.0112992265805281 0.0973754453661031 0.000741988259816171 5.6314729595526e-05 0.00204332936862697
1.05986094624385e-05 0.0375241081758082 0.00418215056924458 0 0.000467516845100356 1.64808431107929e-05 5.45071343782553e-05 0 0 0 0.000523764768782493 0.133099621351854 0 0.129623173207099 0 0.00276355604518533 0 1.05986094624385e-05 0 0 0 0 0 0 0.224453032202576 0 0 4.54226119818794e-06 0 0.0924741866184552 0.0607036093588123 0.0533708697930731 0.232100978328349 1.51408706606265e-06 2.14863256544248e-05 0.00144609150115012 0.00111671723158372 0.000146260850195402 0.00023447361164054 1.45875043789908e-05 3.86625994140272e-05 3.08760370250412e-05 0 4.54226119818794e-06 6.16192850926313e-05 0.044235295722174 0.00706109926339522 0 0 0 0 0 0 0 0 0 0 0 0 0 0 0 0 0 0 0 0 0 0 0 0 0 0 0 0 0 0 0 0 0 0 0 0 0 0 0 0 0 0 1.65581560601334e-05 0 0 0 0 0 0
0.000750611539080376 0.00608476894913458 0.00104277942957029 0 2.57087997156979e-05 1.03699725922838e-05 0.00080732652784156 0 0 0 3.44443191923747e-05 0.0175653740062516 0 0.00167135145273887 0 0.0030677215652561 0 1.05649799889873e-05 0 0 0 7.02156462928947e-07 0 1.81282924553412e-05 0.0030730196524818 0.000100123379024709 0.028478399683641 0.013629069972527 0.0924741866184552 0 0.000389262957528538 0.484541979250964 0.210675826645832 0.0796087293912449 1.68579599881284e-05 0.187415951543482 0.319444762561356 0.00547044377974948 0.0285803377149274 0.000221768158388441 0.00620113303610294 0.011725234724782 0.0561007821032953 0.0441406222172138 0.0133594288989269 0.0217591820623631 0.00635212322710435 6.26260348952266e-07 0 2.14989113331764e-06 1.25252069790453e-06 0 0 0 1.40683710150319e-06 0 0 2.95053139070347e-06 1.25252069790453e-05 4.38382244266587e-06 0 6.26260348952266e-07 0 0.000515674505985373 0 1.8787810468568e-06 0 0 0 0 3.13130174476133e-06 3.7575620937136e-06 8.879180984346e-07 9.50184569191096e-05 0.00796636962259031 0.0115836966906719 0 0.00175730189592098 0 0.000535829767062228 5.2734995048184e-07 0.00266174164848512 3.42881438456211e-06 0.000726909369534801 0.00172632331827662 0 1.25252069790453e-06 6.26260348952266e-07 0 0.00283258698639242 0.00052532369463429 0.010969882169135 0.000436080303766882 7.87187978724307e-06 0 0
0.000117107474202739 0.012386426925012 0.000314358989653926 0 0.000958655453415872 1.5302756890061e-05 0.00185926910749037 0 1.68445361028878e-05 5.00987335768074e-05 2.8531615820237e-05 2.94926421122892e-05 0 0.283757620237529 0 0.00502524842196206 0 0 0 0 4.00537403763494e-05 0.000336909625063458 3.29732084255653e-05 0 0.47527582724465 0.0022990439358766 0.00202412965991576 0 0.0607036093588123 0.000389262957528538 0 6.98154032774693e-05 0.00237627995561084 0.0007162056345836 0 0.00032746816311358 4.28207763564339e-05 0 0 0 0 0.000237946201602594 0.00155927648487719 0.0093748678571644 1.77955021293441e-05 0.127076600351556 1.65720435460282e-05 0 0 7.38338011253955e-06 0 0 0 0 0 0 0 1.47526569535173e-06 0 0 0 0 0 0.00499864483698455 0 0 0 0 0 3.86551789888722e-06 0.000644124886502714 0 3.24300483856322e-06 0.00221764247475004 0.000246468367730805 0 0 2.41352054207671e-06 0 0 2.6367497524092e-06 3.8378455431648e-05 0 1.48740908211986e-05 1.1732627498463e-05 0 0 0 0 0.000180351781653542 0.000148145611892831 0.00467071415793483 6.48600967712644e-06 1.7287875057963e-05 3.24300483856322e-06 0
0.000413629408062874 0.00360982422857423 0.00354476799893717 0 1.01361006605952e-05 3.54823225034403e-05 7.06393449378079e-05 1.47165301953767e-05 0 5.88661207815066e-07 2.91793412321177e-05 0.0627110902264657 0 0.0003202998916914 0 0.00330393969891724 0 3.6582643660212e-05 0 3.89342833057704e-06 0 5.88661207815066e-07 5.88661207815066e-07 6.74128311444306e-05 0.00105978816133254 0.00204355362599962 0.189653372639498 0.0288995265350924 0.0533708697930731 0.484541979250964 6.98154032774693e-05 0 0.0745320788827802 0.0795043789278931 1.7943606219022e-05 0.00442049912622509 0.041174362571205 0.0793578926938631 0.107992964886814 0.0693703046214276 0.0826493110848419 0.0261702088350104 0.0273642667175255 0.0209463972229505 0.111133877959708 0.0295772700640762 0.0179013212979204 2.94330603907533e-06 0 3.4207485041629e-06 4.76815578330204e-05 0 0 0 2.73847592073198e-06 1.17732241563013e-06 0 3.24124931879693e-06 8.24125690941093e-06 8.24125690941093e-06 0 5.88661207815066e-07 0 0.000489890892185625 0 5.88661207815066e-07 0 1.17732241563013e-06 0 0 5.88661207815066e-07 3.5319672468904e-06 1.47657930624967e-06 9.16194558895428e-05 0.0136726929698193 0.00794044214487624 0 0.00186928513206158 0 0.000948244119012655 1.58204985144552e-06 0.00384258827530588 4.60613680019224e-06 0.000898161540680545 0.00181273963549446 0 4.12062845470546e-06 0.000163708566656733 0.000102179519063269 0.00234645231196358 0.000566697168392828 0.00920550423175425 0.00120932246633668 1.00072405328561e-05 1.17732241563013e-06 1.7659836234452e-06
