0 0.190580442426869 0.169864879346935 0.0998233150467065 0.0802563015904631 0.00197993079919096 0.201234812957511 0.0113586137803524 0.0562382525494537 0.213553900021474 0.0128375979168335 0.000777124414336987 0.0169146397956712 0.0105148825270082 0 0.329193649236208 4.17742285957902e-05 0 0.00409387824502232 0 0.0817355483444494 0.00772450997356267 0.0130871817840175 4.56280297166873e-05 0.000152867687684289 0.00404612110031195 0.00201432874159344 0 0 0 4.22955209090622e-05 0 0.002093071513195 0 0 0.000282161688025112 0.000100389212748088 0 8.37784450482105e-05 0 4.44478309458498e-05 0.000178047122125391 0.00368673370924607 0.000834222162858206 0.00091676185487544 0.0370912422087627 0.000484667281051347 0.00504860511024725 0 0 0 0 0 0 0 0 0 0 0 0 0 0 0 0.000304585533700967 0 0 0 0 0 0.000141092650263215 0.000182321809358899 0 0 0.000309199011106513 0.000187791399928746 0 0 0 0 0 0 0.000150039732206981 0 0 0.000141780912410847 0 0 0 0 0 0.000153653783774816 0 0 0 0 0
0.190580442426869 0 0.00139305109541253 0.00161024459671116 0.186653268995653 0 0.452470734370687 0.00158065645325874 0.00554901385059067 0.0205706977011877 0.0085811460433577 0.0135920099259777 0.0467205757988617 0.289553163444509 0 0.0287602323084801 0 0.00170478450430969 0.0122809737834603 0 0.0363572887414464 0.0498826019746737 0.0304713953228322 0.000305354691595646 0.351415717286493 0.00515887215480274 0.00191682329738566 0.000198853780091534 0.025896372326891 0.00603100179122539 0.00794541879242574 0.00330413199935906 0.143584923726528 0.000504890654866769 9.19637283329478e-05 0.0037579596175854 0.00345864666833819 0.00241573133367783 0.00367788860515836 6.09121868341209e-05 0.000216058069395748 0.000292941322314428 0.0025202418823176 0.0239422410540094 0.00128169186981264 0.0304909171310129 0.00435688811120258 5.57136378449815e-05 8.8389210468498e-05 0.000391798577650955 7.43225350075862e-05 0 0 0 0.000204651243631411 0 0.000109667336174576 0.000355636082502427 4.60399761358394e-05 0 0.000182409851015777 0.000356397375101337 0 0.00270521052903891 0 0 0.000212473284249063 0 0.000136042431018687 0.00117469670648325 0.00243277784222393 0 0.000375187654173111 0.00554779682682418 0.00336621055109675 0.000180015590592376 0 0.000317856444271298 0.000218676488181025 0.000124762792384075 0.000147965701728771 0.00235518308245421 0 0.00138567933971406 0.0019142907349284 0 0 3.28414685688314e-05 0 0.000161559107105751 0.000439664295874444 0.00280636885223149 0.000184079020488877 0.000207280708219092 6.69060603327334e-05 0
0.169864879346935 0.00139305109541253 0 0.166907169059485 0.0615698575587866 0.0932783305171114 0.000994629119846201 0.0049961737257581 0.000219203406729194 0.0115190944641431 0.0160537171795576 0.00524683143798991 0.000867708725113034 0.00949703857630276 0.000123410882896348 0.140318378836649 6.91292839836765e-05 0.000529641397328778 0.000395957712024514 0.000805356310394551 0.00836629895655835 0.000514367177325348 0.00166844613830229 0.00355195804394775 0.00021473591078645 0.000146273784764213 0.00031203898846269 0.00481898568148491 9.90846106355897e-05 0.00043471309169681 0.000429713846446244 0.00217255538781758 0.00168888071646685 8.59113832172499e-05 0.00698151396213116 0.000525784293427665 0.00077474920047897 0.000742853321103722 0.0204880714741399 0.0115040061611641 0.014310206162966 0.0697564990623926 0.00697393530728242 0.00195582854582346 0.0259473262305685 0.168961863360351 0.118648135232996 0.0319840869116818 0 0 0.000968664524046629 0 0 0.00285710180625423 0 5.68687802037012e-05 0 4.13163500489748e-05 0 4.35512762061665e-05 0 0 0 0.000827528100385041 0 0 0 0.000398692626315361 0 8.17339239434976e-05 0.000117602560042298 0.00023342536472511 0 0.000111404582564671 8.74097322989954e-05 0.000313037499520238 0 3.10879874330057e-05 0 0.000118371781384571 0 0.000120923743600519 0.000193146408057887 0 0.000129534702141043 5.29094484327775e-05 0.000270239104012975 0.00344446536108116 0.000292928170310078 0.0148883855214439 0.00260653846285565 3.40738187539988e-05 0.00125679587128478 0.000192895109751574 0.000318639451036298 0
0.0998233150467065 0.00161024459671116 0.166907169059485 0 0.104310027216509 0.258969082022598 7.67026421884611e-05 0.201041710010504 4.75622292089502e-05 0.00231334640240025 0.134635916027015 0.00797985285772089 0.000888859194581696 0.018877354320374 0.120965464855288 0.00396402706573971 0.0876035868279765 0.000445787894879646 0.000458887382570781 0.0341620196168806 0.00242739458141703 0.000642523129144242 0.0020146924799613 0.000650980028203932 0.00114034333295871 0.000152491768517762 4.10419909166602e-05 0.00144909849950145 0.000976872635625237 4.85099050758177e-05 0.000472640277550269 0 0.000216561441178854 0 0.000682488415152673 7.30466207667853e-05 3.27486145906506e-05 0 0.000164612823975077 0.000340434066786804 4.02147041891022e-05 0.000795029838578032 0.00155333135524683 0.000457838672545453 0.0701046217421876 0.154513835534133 0.0112379062938002 0.059234449593822 0 0 0 0.00543634544296065 0 0.00429834965446847 0 0.0115057406378095 0 0 0.000138402610166866 0 0 0 0.0195466766432944 9.05766274395341e-05 0.029182855574968 0.000200702080389818 0 0.0153725036115037 0 6.39166762233778e-05 0.000115292085190333 0.00167472567992327 0 0.000125604394652912 0.000111307809234177 0.00324951950990201 0 0 0 0 0 8.46915464145724e-05 0.000342443048067772 0 9.67571833632496e-05 0 0 0 0 5.00424765374117e-05 2.9741276344848e-05 0 0.015833791650146 0.0002224055026532 0 0.0245823819267134
0.0802563015904631 0.186653268995653 0.0615698575587866 0.104310027216509 0 0.001466686744217 0.00144270456203043 0.0556916135546598 0.000584763198676912 0.0183337593025789 0.177371806693449 0.0255156012246392 0.00954604756579753 0.322226605718835 0 0.0336087271216173 0 0.00105748203340918 0.00507199474359098 0 0.0184129971953395 0.00625738914808269 0.018315113039664 0.000347732211629493 0.00237214884702972 0.00146152849102626 0.000332352670577156 9.79635150109831e-05 0.000952518188474054 0.000161865216366796 0.00331166202425731 6.18910060230542e-05 0.00169608192614061 4.30741792656888e-05 0.000644627480338995 0.000709179865152819 0.000387957404033701 0 0.000406337542832451 0.00053302067252037 0.000198956957567137 0.00025519081049456 0.000783254849326658 0.00520149792290248 0.00102467138254177 0.0976967045466195 0.00030794125675984 0.000216611528852493 3.48603062343042e-05 0.000128441827674262 0 0 0 0 6.14993423226143e-05 0 3.26778102263089e-05 0.000146770403024576 0 0 7.83104995818252e-05 0.000105899637459713 0 0.000748939047521271 0 0 9.0230563605832e-05 0 3.75883842069982e-05 0.000400132249579926 0.000934412392104397 0 7.65576432648261e-05 0.00117164258713158 0.000749011435999103 0 0 4.20320910127727e-05 3.5931241975356e-05 0 4.29982715226237e-05 0.0006321967663445 0 0.000139552476683392 0.000570630215335112 0 0 0 0 0 8.48858894564075e-05 0.000271504383241668 0 7.8463889487294e-05 4.34176912270672e-05 0
0.00197993079919096 0 0.0932783305171114 0.258969082022598 0.001466686744217 0 0 0.000689659858124229 0 0.000124728204211718 0.00631894399324223 0 0 5.91449540231688e-05 0.0195748132300028 0.000256644291414028 0.37035459845591 0 0 0.116935618291711 8.64585409315248e-05 0 0 0 0 0 0 0 0 0 0 3.46681570053305e-05 3.36079200757378e-05 0 0 0 0 0 0.000358806871999988 0.000151434690768407 0.000334985000038289 0.0288217083280593 0.0149757291619034 0 0.103896915851887 0.0489102742226965 0.00408554488045897 0.206200911710549 0 0 0.0136007171498918 0.0102853259053447 0 0.128378762741697 0 0.000494641827824784 0 0 0 0 0 0 0.00159490518159694 0.000294079062413312 0.0777185607424144 0 0 0.00963332250385461 0 0 0 8.38688895479613e-05 0 0 0 3.60770833894322e-05 0 0 0 0 0 0 0 0 0 0 0 0.000141367732814985 0 0.0180023579175168 6.6037691076754e-05 0 0.0270388764722464 3.3385704078147e-05 0.000274173321260552 0.0620735431038321
0.201234812957511 0.452470734370687 0.000994629119846201 7.67026421884611e-05 0.00144270456203043 0 0 0.000442633270012819 0.441515964788937 0.0167643043212298 0.00217724820706243 0.0111519047862761 0.0265567788308773 0.00447725699453049 0 0.00282392851688936 0 0.00199892879958768 0.00214107735751619 0 0.109601565402031 0.164429468197645 0.0113159910490716 0.00037510508255379 0.0032342702232747 0.00106952335441693 0.000423467699726501 5.47509411662971e-05 0.00373998032904702 0.00346446557307685 0.000540989696190232 0.00387012683859233 0.0468991528116719 0 6.1864368661449e-05 0.00353058822000499 0.00292386850747603 0.00248525504596342 0.00519988028587534 5.17848592010471e-05 0.000452098136951582 0.000597705413419363 0.000537412313172379 0.000400853038796217 0.00156453687591027 0.0141274668349335 0.000625674291382768 0 0 0 0 0 0 0 0 0 0 0 0 0 0 0 0 8.42931450861095e-05 0 0 3.19564460930923e-05 0 0 0.0002116437017893 0.000344629157842087 0 0 0.00118070935167064 0.000306267204519177 0 0 0 0 0 0 0.000149166282734987 0 0 5.73868152602825e-05 0 0 0 0 0 0.000153420205018014 0 0 0 0 0
0.0113586137803524 0.00158065645325874 0.0049961737257581 0.201041710010504 0.0556916135546598 0.000689659858124229 0.000442633270012819 0 0 0.0013392054559346 0.161584584926504 0.0764196744373708 0.000586287384209424 0.0152521215136885 0.187634205952813 0.0021864084233209 0.0623962061477139 0.286154321468026 0.000360065128485661 0.0835458139957612 0.00119547306046587 0.000502810563637559 0.0011797501258373 0.275404000199587 0.00187757946369846 8.65916229411455e-05 0.00102839592488937 0.0221253366977026 0.00194838383789055 0.00172836098219815 0.000693820981520823 0.00172659475091833 0.000583504238749455 0.00209225621473567 0.00587739856461313 0.000359214472746554 0.000782435622177345 0.000724031342388315 0.0213315161095012 0.00354485266019676 0.00038577136156809 0.0190365633857662 0.0112362031590852 0.000470498759566538 0.148528784957163 0.0853339251320811 0.000152154143666107 0.00828947879793256 0 0 0 0.000553298016823023 0 0.000145186722536585 0 0.0214931228930619 0 0 0.000185843190900245 0.000114101507155433 0 0 0.022187538659051 5.08405429064104e-05 0.0360649856972909 0.00177358532569783 0 0.0183540753889695 0 2.98968829761909e-05 6.72894547948679e-05 0.00468806063513116 0 6.07085689521767e-05 5.34354367994404e-05 0.01049880510625 0 0 0 0 0 3.92898671636978e-05 0.00617076122185169 0 3.68590803160048e-05 0 4.98047106642113e-05 0.00025416159425074 0 0.000135924574026075 0.000170519481806173 0 0.00762537878580163 0.000318977325515436 8.20445501907536e-05 0.00280406268408146
0.0562382525494537 0.00554901385059067 0.000219203406729194 4.75622292089502e-05 0.000584763198676912 0 0.441515964788937 0 0 0.00861189653561112 5.57085720447382e-05 4.05994548528023e-05 0.0637192256319911 0.00061720954136766 0 0.0012575064868026 0 0 0.00332995654496847 0 0.316882012193324 0.0179325198134562 0.00756201585523483 0 0.000638796309745575 0.00016890658275754 0.000168112708607175 0 0 0 0 0 0.00226051045477059 0 0 0.000271535906972263 0 0 0.000317892781009364 0 2.97684083915025e-05 0.000108170071433419 0.000132094655804376 6.15272306039837e-05 0.000294180031876555 0.000711195389477307 9.77139216641852e-05 0 0 0 0 0 0 0 0 0 0 0 0 0 0 0 0 0 0 0 0 0 0 5.93731055471424e-05 0.000127612211651224 0 0 0.000205657112416756 7.81838217641073e-05 0 0 0 0 0 0 2.95993412854864e-05 0 0 0 0 0 0 0 0 4.73147086580153e-05 0 0 0 0 0
0.213553900021474 0.0205706977011877 0.0115190944641431 0.00231334640240025 0.0183337593025789 0.000124728204211718 0.0167643043212298 0.0013392054559346 0.00861189653561112 0 0.00413020384036141 0.00145641223833247 0.015855251007013 0.00721964989620219 0 0.43153945371206 0 9.70061392563069e-05 0.0999445530289336 0 0.279304458772227 0.00396904037575901 0.152793376006089 8.18063617985212e-05 0.000911715956595455 0.080218767269302 0.0315796803446857 7.00889550376327e-05 0 0.000677827831020835 0.000848102152481631 0.000978029173115772 0.00156989327703619 0.000564211118903704 0 0.000823413175968235 0.00182098239203589 0 0.000148261110129765 0 0.000109551398895159 0.00560713477770108 0.00652745221211395 0.0605964766118285 0.0023103673210544 0.0229321768140484 0.000248113266226779 0.00134458882191328 7.52464716683982e-05 9.12756408714809e-05 0.000156593005482167 0 0 0 0.000128545608395383 0 8.00431535826719e-05 0.000117485266115571 0 0 0.000188074729441693 5.64533048144793e-05 0 0.00158848133517827 0 0 0.000218244619953437 0 0.000123244092135843 0.00116490276255022 0.00242015251547539 0 6.50895445319598e-05 0.00150162686421165 0.00139765184931741 3.25322889962641e-05 0 3.53617862410859e-05 0 5.47441265735239e-05 6.75515137329592e-05 0.000866990295195125 0 0.000103310299577305 0.000792819067462355 0 0 0 0 0 0.00110435436688731 0.000124317853571774 7.60692383090025e-05 4.93602877608665e-05 4.47121323947381e-05 0
0.0128375979168335 0.0085811460433577 0.0160537171795576 0.134635916027015 0.177371806693449 0.00631894399324223 0.00217724820706243 0.161584584926504 5.57085720447382e-05 0.00413020384036141 0 0.251933904187138 0.00230173314645436 0.242283202548202 0 0.00736709544569812 7.94586151148595e-05 0.00324167425216897 0.00220146738077786 0.000106587263046404 0.00299676321210515 0.0035633661574318 0.00569405260609032 0.000574344491735575 0.00835598789039994 0.00073664909536545 0.000188585470030978 0.000505138194698291 0.00990127294900336 0.0015720520347164 0.00541278937747791 0.00114531745370792 0.00326425110109514 0 0.00125259728254116 0.000116793257858077 0.000114378578660897 0.000155258732706566 0.00271423395516296 0.00149942121207206 0.00186941469554306 0.00239920606720768 0.000473424261784936 0.0013814167555831 0.00170989674629996 0.148343327632512 0 0.000448505670674009 0 5.8363232054238e-05 0 0 0 0 3.05362943350212e-05 0 0 6.82698707992695e-05 0 0 3.41349353996348e-05 6.1869570411838e-05 0 0.000355939156482741 3.0152020851157e-05 0 4.12498277550526e-05 5.12206840771673e-05 0 0.000118610353735331 0.000357068713459484 0 3.33216583492893e-05 0.000583524668057224 0.00035607326706842 3.47479511216682e-05 0 0 0 0 0 0.000176971901427522 0 5.02904600507182e-05 0.000112081444209622 0 0 0 0 3.40540976496957e-05 0.000153681302347181 0.000155740642760834 0.000109372621858373 0 0 0
0.000777124414336987 0.0135920099259777 0.00524683143798991 0.00797985285772089 0.0255156012246392 0 0.0111519047862761 0.0764196744373708 4.05994548528023e-05 0.00145641223833247 0.251933904187138 0 0.000951367545537799 0.0876406508775393 0.000327281682857101 0.00404733909590705 0 0.396605366932069 0.00061232020525984 0.00444742568481217 0.00134489240415242 0.00137067058380301 0.00271288714072393 0.0232471777954132 0.00194899205738357 0.000311701228272421 0.000318490232517142 0.00605408632507167 0.076435505201691 0.0314296210157756 0.00129925778323535 0.0487087297499608 0.0168276270064544 7.18337829976925e-05 0.010349486101975 0.000770824905501951 0.000543113962281079 0.194908296321084 0.0778491792883111 0.00632034530266578 0.00386668800524916 0.0136220542708375 0.00234238254217505 0.00109766622369624 0.0215730851998623 0.104612396090787 0 0.00014036564803472 0 0 3.04672783893672e-05 0 0 0 0 0 0 0 0 0 0 0 5.01815626634055e-05 0.000154105810968678 0 0 0 0.000258593063036245 0 7.93580331915687e-05 0.000215446907133465 9.03066045059653e-05 0 0.000242969605408676 0.000146286209873635 0.000108989927840832 0 0 0 0 0 0.000125242117283674 7.8220681624498e-05 2.93293345415303e-05 0.000113810351517177 0 8.04007932253556e-05 0.000188226826086202 0 5.51092608854342e-05 0.005806581003714 5.42058303791156e-05 0.00116232561904541 5.82952947737849e-05 0 0
0.0169146397956712 0.0467205757988617 0.000867708725113034 0.000888859194581696 0.00954604756579753 0 0.0265567788308773 0.000586287384209424 0.0637192256319911 0.015855251007013 0.00230173314645436 0.000951367545537799 0 0.0110864099143501 0 0.0218405421682262 0 7.47376372724532e-05 0.437230555360368 0 0.214625192756846 0.149043996831734 0.195853909240451 3.54292878618712e-05 0 0.000882120867489918 0.000281270584510365 0 0 0 0 0 5.6725747556381e-05 7.26622601151076e-05 0 0 0 0 0 0 0 0.000371460754071579 0.000396043978788036 0.000390038728293706 0.000137714836650037 0.00624218601168191 0 5.97230548539037e-05 0 0 0 0 0 0 0 0 0 0 0 0 0 0 0 8.31251968331076e-05 0 0 3.10727067737601e-05 0 0 0.000240254437090696 0.000300622402932676 0 0 0.00111398774894166 0.00027277964478449 0 0 0 0 0 0 0.000141523055960643 0 0 0 0 0 0 0 0 9.68638201134752e-05 0 0 0 0 0
0.0105148825270082 0.289553163444509 0.00949703857630276 0.018877354320374 0.322226605718835 5.91449540231688e-05 0.00447725699453049 0.0152521215136885 0.00061720954136766 0.00721964989620219 0.242283202548202 0.0876406508775393 0.0110864099143501 0 3.25844220698726e-05 0.0262463165584874 0 0.000509471844109273 0.00400862004820184 8.3154247958052e-05 0.0130548644078484 0.0114314644664595 0.023985473813819 0.00198901051515834 0.175873809504668 0.00320056552283495 0.000896267087633402 0.000803011028814896 0.161984708888431 0.00925046906697191 0.331701896111721 0.0015378254342553 0.00891980683232138 0.000309269032816796 0.00480436157512657 0.00386445072736677 0.00231567883748133 7.24207869842043e-05 0.00507596109100109 0.00371801308957659 0.00434946350289912 0.000697443519433024 0.00142342144628375 0.0243294224385714 0.00159967322913177 0.313778709943656 0.0141760522679884 0 9.09278376535616e-05 0.000268332464650976 4.45932036080273e-05 0 0 0 0.00011856232993239 0 6.76772704829039e-05 0.000239737141274414 0 0 0.000122875018405913 0.000217469463032295 0 0.00172553819162488 0 0 0.000148388554578831 4.55184399225654e-05 8.92973399610558e-05 0.00113811575208553 0.00195560279310725 0 0.000237105403385921 0.00281155960706281 0.0020604725673551 8.80396017441873e-05 0 0.000137504499051778 0.000103648564324501 5.77614106250001e-05 0.000112076158240903 0.00188035426410829 3.66459082655342e-05 0.000480879494371773 0.00182022526260256 0 0 0.000154578484731243 0 6.8189660859073e-05 0.000360136790278878 0.00106583594420529 0.000102068713874988 0.000125454037686553 7.00128684107563e-05 0
0 0 0.000123410882896348 0.120965464855288 0 0.0195748132300028 0 0.187634205952813 0 0 0 0.000327281682857101 0 3.25844220698726e-05 0 0 0.138756001095954 0.000459931170548757 0 0.455967082373011 0 0 0 0.0971899503376491 0 0 0 0.0573590863308458 0 3.00151399097345e-05 0 0 0 6.14237101758245e-05 0.0175179119651382 0 0 0 0.00104536648598797 0.000958935114536265 0 0.00144826022332147 0.000384229977439037 0 0.0470605385515094 0.00165396825102999 0 0 0 0 0 0.00644080807976934 9.04228839105696e-05 0.00195771661685162 0 0.0386761283742656 0 0 0.000405473483275877 0.000194977013155441 0 7.9479774730312e-05 0.0417407314378371 0 0.0789571103595162 0.00200444470442935 0 0.0494569292395177 0 0 0 0.00816249714324064 0 0 0 0.0362087756831601 0 0 0 0 0 0 0.00381605130775866 0 0 0 0 4.38028472475286e-05 0 0.000230617248874444 4.98065755095166e-05 0 0.023479531239396 0.00062372168215497 0 0.0048335124188402
0.329193649236208 0.0287602323084801 0.140318378836649 0.00396402706573971 0.0336087271216173 0.000256644291414028 0.00282392851688936 0.0021864084233209 0.0012575064868026 0.43153945371206 0.00736709544569812 0.00404733909590705 0.0218405421682262 0.0262463165584874 0 0 0 0.000215680894758178 0.00580751865002144 7.369119804964e-05 0.106103034392876 0.00294158950978301 0.0413209165534356 0.000550412992854768 0.00620132630236103 0.107758055140303 0.00253059655352469 0.00131772960248314 7.24079846952386e-05 0.00103747731516886 0.000655349859230322 0.00335921928441798 0.0100849465149222 0.000335071997139913 0.00240877897370814 0.0039530473948562 0.00182007966159218 0.000591255374462115 0.0153207896040537 0.00653454484556102 0.0120342953402548 0.0149758405825825 0.192785657904225 0.217380563045679 0.0132111928080716 0.0781916471637764 0.0100437699085899 0.00246030251883576 0.000872899796377344 0.00181774701339919 0.0010750984362198 8.5570521539806e-05 0.000107743854214829 0.000121357673746296 0.000493868718758757 0 0.000336855202021727 0.00208758230656887 0.000236915196082963 8.03415472869597e-05 0.000638449321372212 0.00138892617411443 0 0.0509855849430509 0 0 0.000658994529953513 9.80148342436711e-05 0.000438351034722908 0.00620656182097778 0.0130014681463839 5.81346253177993e-05 0.00178969702967892 0.0595333546337616 0.00825767333513345 0.00028685743088241 0 0.000146610867794497 0.000681655801223578 0.000405424000210298 0.000898950591745406 0.0213834501383327 5.5401576068669e-05 0.0029052026764466 0.0232933447818054 4.79474201926987e-05 0.000241169420717505 0.00248531220246326 0.000217832305343073 0.000178480702842078 0.0286255380526732 0.00355760807706896 0.000378749841630944 0.000802408123975221 0.00172168679630146 0
4.17742285957902e-05 0 6.91292839836765e-05 0.0876035868279765 0 0.37035459845591 0 0.0623962061477139 0 0 7.94586151148595e-05 0 0 0 0.138756001095954 0 0 5.48243541123937e-05 0 0.326830773464377 0 0 0 0.000738454641252139 0 0 0 0.00994394368331268 0 0 0 0 0 0 0.000789745440940302 0 0 0 0.000105238025682047 0.000158172098738894 0 7.67384842601529e-05 0 0 0.0302945628354191 0.00033989824426863 0 0.155993623382197 3.88191598199667e-05 0 0 0.00970172922286447 0.000123059288583326 0.0361413332866753 0 0.0280478925010604 0 0 0.000286113884431935 6.08358274674745e-05 0 6.57889345334824e-05 0.0499843277268168 0 0.276185758228321 0.000214981011477509 0 0.067607619091448 0 0 0 0.00372144363518417 0 0 0 0.0617593780733969 0 0 0 0 0 0 0.000487729864594364 0 0 0 0 0 0 0.000459275551044148 0.000209175751654797 0 0.00384584905670067 0.000987603706715265 0 0.0345591253325431
0 0.00170478450430969 0.000529641397328778 0.000445787894879646 0.00105748203340918 0 0.00199892879958768 0.286154321468026 0 9.70061392563069e-05 0.00324167425216897 0.396605366932069 7.47376372724532e-05 0.000509471844109273 0.000459931170548757 0.000215680894758178 5.48243541123937e-05 0 0 0.00654477777685854 9.59110157784893e-05 0 0.000193514181583975 0.149332284695651 0.000105832004247354 0 0 0.0021658831609194 0.000149867274850232 0.00109706283805954 6.56719218178946e-05 0.00203750912630388 0.00208601702045287 0 0.00299810213661364 0.000149666557981545 5.82949420446838e-05 0.0453766859171653 0.0383173951600744 8.47511128071477e-05 0.0003613332312096 0.00895934825826231 0.00246009393266326 0.00010633740913653 0.0171019831690335 0.0146598852889672 0 0.000472623742348222 0 0 0 0 0 0 0 4.81826559464647e-05 0 0 0 0 0 0 4.07635964544934e-05 0 0 0 0 0.000101690426291759 0 0 0 8.57090635457685e-05 0 0 0 7.88835183373636e-05 0 0 0 0 0 0 3.17334832857687e-05 0 0 0 0 0 0 0 0.000178191230885164 0 0.000365729749593687 0 0 0
0.00409387824502232 0.0122809737834603 0.000395957712024514 0.000458887382570781 0.00507199474359098 0 0.00214107735751619 0.000360065128485661 0.00332995654496847 0.0999445530289336 0.00220146738077786 0.00061232020525984 0.437230555360368 0.00400862004820184 0 0.00580751865002144 0 0 0 0 0.192159768375572 0.146087608112648 0.535706995846308 0 5.16769866474613e-05 0.0024589176321586 0.00920027253241978 0 0 0 0 0 0.000259105230975453 0.00461745998540763 0 3.38855262210438e-05 0 0 0 0 0 0.000688834240727625 0.000616867699953544 0.000635504459122031 9.67684226910521e-05 0.00378265758446099 0 0 4.31895246439448e-05 0 0 0 0 0 0 0 0 0 0 0 0.00249347371094691 0 0 0.000475938207083371 0 0 0.0575649766929306 0 9.06136935473005e-05 0.000485729815472815 0.0272560226213599 0 0 0.00267045681965099 0.000562356847490251 0 0 0 0 0 0 0.000293109869024997 0 0 0 0 0 0 0 0 0.000260116456923326 0 0 0 0 0
0 0 0.000805356310394551 0.0341620196168806 0 0.116935618291711 0 0.0835458139957612 0 0 0.000106587263046404 0.00444742568481217 0 8.3154247958052e-05 0.455967082373011 7.369119804964e-05 0.326830773464377 0.00654477777685854 0 0 0 0 0 0.0991885482576735 0 0 0.000301696320942453 0.270751066253032 3.04875725032584e-05 0.000142680531261873 0 0.000216355022828444 0 0.00032770493596834 0.176407466774161 0 7.59694318929698e-05 0 0.0020997605640965 0.00566451327802341 0 0.00292688642782252 0.000507704722066903 3.10973284832391e-05 0.0632434600267287 0.00393366352761484 0 0.00291948333085484 0 0 0 0.00726964414096971 0.000155943011987752 0.00830247664265602 0 0.0603258387276616 0 0 0.000524674494922978 0.00033348955539028 0 0.000175827975704783 0.0696050001292915 0 0.12890908291137 0.00442745100697204 0 0.100887336756541 0 0 0 0.0251050143842843 0 0 0 0.100088748266509 0 0 0 0 0 0 0.0359694201829048 0 0 0 4.11644103882432e-05 0.000180770626922733 0 0.00044415759842243 8.10730402351881e-05 0 0.0438674860227841 0.00109524784577669 6.15334126430652e-05 0.00513929767700645
0.0817355483444494 0.0363572887414464 0.00836629895655835 0.00242739458141703 0.0184129971953395 8.64585409315248e-05 0.109601565402031 0.00119547306046587 0.316882012193324 0.279304458772227 0.00299676321210515 0.00134489240415242 0.214625192756846 0.0130548644078484 0 0.106103034392876 0 9.59110157784893e-05 0.192159768375572 0 0 0.0128857543857518 0.160923537019898 4.17796248413387e-05 0.000212582677057551 0.00456539933096615 0.000561443118724171 0 0 0 0 0 0.000732930513629219 0.000499398932113553 0 0.000264078227211929 9.37090768801403e-05 0 0 0 6.13803379728403e-05 0.00380554004691814 0.00580444242603528 0.00537624787035591 0.00110325095176884 0.0192638347060206 0.000189665198433719 0.000893945169472048 6.15328461392614e-05 4.9304355271477e-05 0 0 0 0 7.17460720736282e-05 0 3.88562723898297e-05 8.86122235168372e-05 0 0 0.000197103415278644 0 0 0.00204516375098208 0 0 0.000325026235144877 0 0.000144221061490385 0.00179674306989626 0.00350575283364849 0 0 0.00172252865717468 0.00213100498427946 0 0 0 0 0 8.06158075191605e-05 0.000955901425457447 0 5.78978666161243e-05 0.00042227284872363 0 0 0 0 0 0.00134422470768599 0 0 0 0 0
0.00772450997356267 0.0498826019746737 0.000514367177325348 0.000642523129144242 0.00625738914808269 0 0.164429468197645 0.000502810563637559 0.0179325198134562 0.00396904037575901 0.0035633661574318 0.00137067058380301 0.149043996831734 0.0114314644664595 0 0.00294158950978301 0 0 0.146087608112648 0 0.0128857543857518 0 0.242490439420566 9.51905772051413e-05 0.00522830041654589 0.0463005074825059 0.091178259500407 0.000524594181235195 0 0 5.16828840493233e-05 0.000174801096298399 0.180376894098601 0.191519549639254 0.000499683827807704 0.065836520213681 0.0501194478095238 0 0.000917713822389214 0.00148953150322134 0.00141195505121353 0.00191181464786273 0.00156874542831654 0.00200648098433078 0.000648229971436665 0.0116308486282793 0.00504601644732845 0 0.000148315577864129 0.000227778553351285 0 0 0 0 0.000318981965987465 0 0.000154500548921574 0.000184479188295104 0 0 0.00054398901909163 8.82159986626874e-05 0 0.00169296598861267 0 0 0.00129861824467686 0 0.000288181062041148 0.00713492713110423 0.0118788254983963 0 0.000105827305825927 0.0401530311886113 0.0127359246502857 0 0 5.67434141941843e-05 0 0 0.000412896211712246 0.00413873204717609 0 0.000246936367154447 0.00128749380615382 0 2.93501868628564e-05 0.000249741589390555 4.24073822771068e-05 0 0.00125191845145195 0.000119742718982212 0 3.89925671746475e-05 8.959703414463e-05 0
0.0130871817840175 0.0304713953228322 0.00166844613830229 0.0020146924799613 0.018315113039664 0 0.0113159910490716 0.0011797501258373 0.00756201585523483 0.152793376006089 0.00569405260609032 0.00271288714072393 0.195853909240451 0.023985473813819 0 0.0413209165534356 0 0.000193514181583975 0.535706995846308 0 0.160923537019898 0.242490439420566 0 9.59362154478501e-05 0.000516124538808167 0.0697104732965911 0.129976286208003 0 0 0 0 0 0.0209017950029648 0.027596498748924 5.11533354069381e-05 0.00288802565635293 0.00060994454585078 0 0.000171531623827965 6.28083774140438e-05 0.000592637745944665 0.00359710429997564 0.00776524863900785 0.00438994857406317 0.00103195479451284 0.0166434904689974 0.000623388879890261 6.07126810646386e-05 0.000344219208271205 0.00019702890832351 0 0 0 0 0.00020359842994672 0 0.00018381739968817 0.000300935531723939 0 0 0.00139118220825321 7.737710281547e-05 0 0.00401679905381989 0 0 0.0260456779825924 0 0.000548428135071541 0.0142554938532834 0.108597250683675 0 0 0.0498377575888394 0.0149540958299338 0 0 0 0 0 0.000428234757874668 0.0071170178090698 0 0.000329097144998539 0.00256964362382023 0 0 0 0 0 0.00763084124308865 0 0 0 0 0
4.56280297166873e-05 0.000305354691595646 0.00355195804394775 0.000650980028203932 0.000347732211629493 0 0.00037510508255379 0.275404000199587 0 8.18063617985212e-05 0.000574344491735575 0.0232471777954132 3.54292878618712e-05 0.00198901051515834 0.0971899503376491 0.000550412992854768 0.000738454641252139 0.149332284695651 0 0.0991885482576735 4.17796248413387e-05 9.51905772051413e-05 9.59362154478501e-05 0 4.72073840805207e-05 0 0.000372440987882284 0.0421625077735476 0.000291277978779851 0.000949387253901472 3.57188597411826e-05 0.00087567723128741 0.000521808497078226 0.00132370331712956 0.10780808655585 0.000212470058967939 0.000537753192842965 0.035906820606261 0.264069062252217 0.00190080357476507 0.000383453314010756 0.00747779229238259 0.00192159290285107 0.000187112124667436 0.078529136748384 0.0267304303425765 0 3.36365104138636e-05 0 0 0 0 0 0 0 0.00316237289683836 0 0 3.93121291246941e-05 3.30720269675839e-05 0 2.9659115292572e-05 0.00499409710673464 0 0.000563683750902618 0.000325591959921703 0 0.00835488808362709 0 0 0 0.0041082818794122 0 0 0 0.00263106680299438 0 0 0 0 0 0 0.00735820555197299 0 0 0 6.15143175601046e-05 0.000357526826065107 0 0.000110893607106621 7.66390860245639e-05 0 0.00870582806884098 0.000232303223321065 0 4.70911145794091e-05
0.000152867687684289 0.351415717286493 0.00021473591078645 0.00114034333295871 0.00237214884702972 0 0.0032342702232747 0.00187757946369846 0.000638796309745575 0.000911715956595455 0.00835598789039994 0.00194899205738357 0 0.175873809504668 0 0.00620132630236103 0 0.000105832004247354 5.16769866474613e-05 0 0.000212582677057551 0.00522830041654589 0.000516124538808167 4.72073840805207e-05 0 0.00316217994567454 0.00411917037059873 0.0020140554329403 0.342357387533344 0.00531685283056372 0.428941000186989 0.000495979476265945 0.00605777720822825 0.00280071973504106 7.36966926702383e-05 0.00477672490676347 0.00717320358198689 0 0.000143145802657503 9.51840712977734e-05 0 0.000241350757012067 0.00634489706461998 0.0597789564645655 0.0177541651226317 0.0641202693249726 0.00504737069699907 0 3.60770054736432e-05 0.000218029072224732 4.84272940954136e-05 0 0 0 9.1570013442853e-05 0 5.00309128150389e-05 0.000193719724692283 3.18408055325012e-05 0 6.7765636613017e-05 0.000249205037846989 0 0.00146470412527568 0 0 7.49087322578044e-05 0 4.25154222299207e-05 0.000295040137056583 0.000904121427078897 0 0.000370604939995093 0.00444569046863071 0.00345992062783602 0.00127729276336886 0 0.00115982837459975 0.000210640218292119 9.27239477162156e-05 4.79194333209066e-05 0.00219157804818817 0 0.00186166547307188 0.00154964369643319 0 0 0 0 0.000297340974343109 0.00171984831455997 0.00444356281611628 0.000710915459410138 0.000159183835432677 0 0
0.00404612110031195 0.00515887215480274 0.000146273784764213 0.000152491768517762 0.00146152849102626 0 0.00106952335441693 8.65916229411455e-05 0.00016890658275754 0.080218767269302 0.00073664909536545 0.000311701228272421 0.000882120867489918 0.00320056552283495 0 0.107758055140303 0 0 0.0024589176321586 0 0.00456539933096615 0.0463005074825059 0.0697104732965911 0 0.00316217994567454 0 0.422897345635511 0.0353725657085414 3.04875725032584e-05 0.00296922071741338 0.000107057017374132 0.000282720637738168 0.0126214470714933 0.0428198806024769 3.46699698037238e-05 0.0119650615747864 0.0170259306121203 0 8.00386072628968e-05 5.86475530076606e-05 0.000101595042161942 0.00174022963488848 0.0215478561207161 0.0162308142358613 0.00066500438487036 0.00350297184349167 0.0020784680974596 0 0.000508088007576468 0.00249521509748728 0.000365548648292353 9.88071657947798e-05 0.000106647339875305 0 0.000459562199215019 0 0.00015486930328307 0.0030059309255413 0.000268904151567857 6.23832763187857e-05 0.000726339437290393 0.00175909507763211 0 0.071164307148694 0 0 0.00199396627554788 0 0.000317830726192784 0.0148789318212074 0.0221372914098118 0 0.00229985029119837 0.3284103002846 0.0472070772164316 0.000677998265906076 0 4.87048040179528e-05 0.000642072696138867 0.000135349839877055 0.000685039132227295 0.0184318997997535 0 0.00042989021082141 0.00649688678428942 0 9.75789373633424e-05 4.48652128913351e-05 0.000150218883793074 0.000176789922211189 0.035698476094822 0.00163480374685931 0.000107677255310691 0.000795457340736732 0.00180671579219979 0
0.00201432874159344 0.00191682329738566 0.00031203898846269 4.10419909166602e-05 0.000332352670577156 0 0.000423467699726501 0.00102839592488937 0.000168112708607175 0.0315796803446857 0.000188585470030978 0.000318490232517142 0.000281270584510365 0.000896267087633402 0 0.00253059655352469 0 0 0.00920027253241978 0.000301696320942453 0.000561443118724171 0.091178259500407 0.129976286208003 0.000372440987882284 0.00411917037059873 0.422897345635511 0 0.30298523375299 8.76517709468678e-05 0.0150998351163889 0.000238045670196642 0.167592222537806 0.0249642603895425 0.344293446733779 0.000702515583829212 0.0104557815272378 0.0363995934914766 3.34403424291065e-05 0.00124452263117257 0.0713656258758214 0.000866038334100035 0.000325456743055656 0.00395805312163133 0.0134229060338468 0.00646164475865011 0.00109409793276395 0.00117445520759431 0 0.000121248349219095 0.000919058372279209 0.000200050607530895 6.94465097254672e-05 5.88460425485929e-05 0 6.14303677996832e-05 0 3.33234241807972e-05 0.000397411481226905 0.000162701243962179 6.68397607561893e-05 6.14219116479658e-05 0.00078699220938267 0 0.00463344728780179 0 0 0.000231099810925014 0.000121688558264113 7.14494461672573e-05 0.00224601747932474 0.00251622550468909 6.70175546499e-05 0.00132871217311583 0.0547098586590817 0.0415848857176763 0.00327944406997308 0 0.00107126529630872 0.000390593188857925 0.000566089250961457 0.000353422196977469 0.0194260169141759 3.91316166776701e-05 0.00132410972311709 0.0095409865834233 0 0.000236309619402594 0.0022115454019465 0.000560588236397656 0.000148154231540111 0.00271423490928417 0.00334445422248072 0.00119998313145941 0.000463738260015687 0.00155661714384634 0
0 0.000198853780091534 0.00481898568148491 0.00144909849950145 9.79635150109831e-05 0 5.47509411662971e-05 0.0221253366977026 0 7.00889550376327e-05 0.000505138194698291 0.00605408632507167 0 0.000803011028814896 0.0573590863308458 0.00131772960248314 0.00994394368331268 0.0021658831609194 0 0.270751066253032 0 0.000524594181235195 0 0.0421625077735476 0.0020140554329403 0.0353725657085414 0.30298523375299 0 0.000206809493898998 0.0227612223480002 0.000175791835227172 0.116989144247996 0.000171504769947887 0.0242811559173321 0.154725231339472 0.000430766613750092 0.00569712370086842 9.85465944917636e-05 0.0435708139174959 0.2763326228414 0.00176888064770497 0.00391714217233521 0.0115718726149854 0.00852326770417695 0.0931477276352358 0.011714200057449 0.00109964211697945 0 0 4.2705834297055e-05 0.000813160621730271 4.45314316291511e-05 0.000131863792972228 6.45780801599506e-05 0 0.0415841368006085 0 0 0.000160507619077942 0.000821118148217784 0 0.000211543481549434 0.0286223173029165 0.000342459277820799 0.00815254491114624 0.00472366070466739 0 0.115924526664909 0 0 0 0.0529692652696394 0.000502399963154881 0 0.00982755463513441 0.268833594912492 0 0.0101745908875467 0.000329539935857569 0.0350368250800697 0 0.0191174144930899 0.0939902348730189 5.49807401599089e-05 0.0016649227673905 0.00052946933034077 0.00330028883199393 0.0541181672458909 0.00896941473868112 0.00174517541536329 0.0121351446137162 0.00521184832633557 0.050857668056876 0.00183668099513602 0.000393396591959504 8.52347370189174e-05
0 0.025896372326891 9.90846106355897e-05 0.000976872635625237 0.000952518188474054 0 0.00373998032904702 0.00194838383789055 0 0 0.00990127294900336 0.076435505201691 0 0.161984708888431 0 7.24079846952386e-05 0 0.000149867274850232 0 3.04875725032584e-05 0 0 0 0.000291277978779851 0.342357387533344 3.04875725032584e-05 8.76517709468678e-05 0.000206809493898998 0 0.146590874035233 0.0401763016853317 0.0539071866739048 0.0630639533625847 0.000110517450324312 0.000179869196676554 0.000998483667974513 0.0016534007533023 0 0.000428195890635283 0.000215049231937501 0.000233253589163579 6.73267226113622e-05 0.00042301506848271 0.000685970381323313 0.00215072279120859 0.028494017492903 0 0 0 0 0 0 0 0 0 0 0 0 0 0 0 0 0 0 0 0 0 0 0 0 0 0 0 4.19204121919802e-05 6.98673536533004e-05 3.1174184799386e-05 0 0 0 0 0 4.06500966710111e-05 0 2.91196067678375e-05 0 0 0 0 0 0 0.000151167546995323 8.63814554258987e-05 0 0 0 0
0 0.00603100179122539 0.00043471309169681 4.85099050758177e-05 0.000161865216366796 0 0.00346446557307685 0.00172836098219815 0 0.000677827831020835 0.0015720520347164 0.0314296210157756 0 0.00925046906697191 3.00151399097345e-05 0.00103747731516886 0 0.00109706283805954 0 0.000142680531261873 0 0 0 0.000949387253901472 0.00531685283056372 0.00296922071741338 0.0150998351163889 0.0227612223480002 0.146590874035233 0 0.000513472927326351 0.403556625773464 0.11311868662313 0.0820033075368407 0.000259269193450673 0.0825293799069067 0.233334201194665 0.00651873245032412 0.0215706135932231 0.0008533998492557 0.00161377278653597 0.00455163982021194 0.0303463754640719 0.0134533286825982 0.0544002258199363 0.0412022566054552 0.00945656033442713 0 0 0.000138920041883555 4.89196668373034e-05 0 3.02399463152061e-05 0 0 0 0 9.03201665304648e-05 6.23404416569946e-05 0 0 0.000267417961014015 0 0.00104344868570396 0 0 0 0 0 0 0 0 0.000798907276785582 0.00493874064368215 0.00696955911840863 0.00606007546443313 0 0.0105042042242433 0.000415358511948961 0.00528213898641917 0 0.0125958732779147 0 0.00301857356223135 0.00477726664947331 0 3.30518671361869e-05 0.000295891139296737 0.000176420220949998 0.00075777747410116 0.0119309789354561 0.00875701185067419 0.00279227845930091 0.00022226532216423 6.43070295317693e-05 0
4.22955209090622e-05 0.00794541879242574 0.000429713846446244 0.000472640277550269 0.00331166202425731 0 0.000540989696190232 0.000693820981520823 0 0.000848102152481631 0.00541278937747791 0.00129925778323535 0 0.331701896111721 0 0.000655349859230322 0 6.56719218178946e-05 0 0 0 5.16828840493233e-05 0 3.57188597411826e-05 0.428941000186989 0.000107057017374132 0.000238045670196642 0.000175791835227172 0.0401763016853317 0.000513472927326351 0 4.01682567891565e-05 0.00359178693147124 0.000223244239073493 5.55492696425382e-05 0.0037694608884493 0.00545108430809945 0 7.78393141042459e-05 8.89550726666722e-05 0 5.41727377972904e-05 0.000455231185020783 0.00411287891615235 0.0016262579374682 0.0989306346606934 0.00584050600327912 0 0 0 0 0 0 0 0 0 0 0 0 0 0 0 0 0 0 0 0 0 0 0 0 0 0 0.000128352582272492 0.00013653676653992 7.02663506763113e-05 0 8.10734470752248e-05 0 0 0 0.000177860528251895 0 4.94477541550106e-05 0.000113926625055755 0 0 0 0 0 0.000127231587729366 0.000191734957920385 3.01528602683214e-05 0 0 0
