1,0.198584335407227,0,0.5677847266225,0.370253371544807,0.245447322605805,0,0.406158303879023,0,0,0,0,0.128251433785065,0.215193281564839,0.51398624749421,0,0.241168984899591,0,0.281204160088366,0,0,0.288863217851438,0.278451787190419,0,0,0.443776150669814,0.201844956078443,0.191332066812566,0,0.298874913647247,0,0,0.195178434343269,0.320248433279954,0,0.3356066468517,0.321397672101099,0,0.171576266159743,0,0,0.290226937092514,0.280373884988802,0.225259402770833,0.136601260884401,0,0,0,0.413972520181761,0,0,0.574546561499686,0.403422650226897,0.346017047284074,0.17005897267877,0.153782960688991,0,0.137686126361655,0,0,0.357245795032928,0.14024526814974,0.345717232479059,0.133250023218794,0,0,0.29238833945733,0.256558947385745,0,0.252460281031669,0.210808061198597,0,0.17363446284832,0.382907500177984,0.341164342377497,0.167322110052987,0,0,0,0,0,0,0,0,0,0.21652827955056,0.176212766746331,0,0,0.232291245093101,0.260897867473837,0,0.129462337541441,0,0,0
0.198584335407227,1,0.166593751814618,0.137976750208669,0.448766565700282,0,0.239367851294082,0.277022058902403,0.434699476922593,0,0.572079533131997,0.696431303022138,0.610525032999075,0.360566318603532,0,0,0,0.431520361498962,0.379667293012471,0.379268668301477,0.163914792387523,0.611504040399838,0,0.505356433774675,0.301707549218679,0,0.445191650444774,0.262636310345068,0.219216023018122,0.153373479793824,0.326162093085118,0,0.447120113070161,0,0.637456658850052,0.451193422915152,0.338322855091969,0.473113153515445,0.543886391635864,0.435304104690544,0.227524063208488,0.13752780999248,0,0.202686764481982,0.245999346204625,0.211960188442476,0,0.177817818884981,0,0.868760321102281,0.171620351943191,0,0.336893670754956,0,0.399916841515984,0,0.33116517949158,0.192540487654365,0.56348198898698,0.644035506879725,0.374401960696635,0.192512370130902,0.298778340837159,0,0,0.261509773984216,0.282933634099231,0.234608942109919,0.208050091798117,0.361253079707337,0.150773111573013,0.261058008178049,0.378223474614564,0,0.244903060677448,0,0.173817001118309,0,0,0,0.613084607652429,0,0.704249354672633,0.134412069047689,0,0.570566099736568,0.39129663166081,0.331806916924505,0.280243994061699,0,0,0,0.205661134394526,0.150644303011567,0.141096919076175,0
0,0.166593751814618,1,0,0.313605295316715,0.297105917906046,0.188026600448441,0.171166232643173,0.198694170986485,0.380822602669954,0.262138361815574,0.131570081268994,0.128637494976218,0.14941972729887,0.129108432062069,0.735388507535177,0.133110654351542,0,0,0,0.128424734836286,0.225092592693498,0.268689358272098,0.131213106964048,0,0,0,0,0,0,0,0,0,0,0,0.300491151805794,0.234678369596755,0.163199710822313,0.151728214368681,0.383697035642021,0,0.182384554903984,0,0.190300835617901,0.194266246913541,0.16112923452052,0,0,0,0.185170044721285,0.793985871064197,0,0.38486229485664,0.257279702766676,0.274125673948104,0,0.176067628906438,0.335826634927202,0.505105932093518,0.24638786615364,0,0.196295890571706,0,0.571592742439894,0.270686589092892,0,0.206102400180956,0.176295995686105,0,0.169181182870761,0.317526666449242,0,0.157884803710795,0,0,0,0,0,0,0,0,0.136572316191405,0.258915176752089,0.19977626681991,0.156477259908015,0,0,0.376586723997343,0,0.20957782654521,0.199909793083838,0,0.211998659836059,0.212252129827014,0,0.188558921351087
0.5677847266225,0.137976750208669,0,1,0.425773912309486,0.71857012818208,0.184109672853476,0.592930483821986,0.219889258869671,0,0.155138894596374,0,0.159979367270511,0.371293100358507,0.315850168722011,0,0.544703882968881,0,0.405380345602815,0.317297500685111,0.237662229321094,0.354987915247251,0.582744072543999,0.176110256075033,0.227368994665087,0.502107723970789,0.450296189976783,0,0,0.413221877040538,0,0.225659807300731,0.279343121880754,0.583452187132574,0,0.365508306365798,0.457176353219552,0,0.353687573460698,0.139654375277119,0,0,0,0,0.143415037949875,0.197058870073539,0.332217279103018,0.365475875877476,0,0,0.236985884465381,0.830830627053305,0.417847164002806,0.741881071703183,0,0.366989382738585,0.142985411802587,0,0,0,0.515746335010605,0.237752197357434,0.262301841127428,0.149922156979632,0.448180240720803,0,0.562856098202511,0.235288155901969,0.154232013101983,0.481001297425164,0.507594675970016,0.155026363864232,0,0.477419777291742,0.56532595482567,0,0.153468607323047,0.267955182284954,0.230382553903384,0.173936926743993,0.192337357646709,0.336349083591431,0.251420545480342,0.310625895398401,0,0,0.295213460217817,0.188157187561783,0,0.151255292238455,0,0.168539822213468,0.149199079573311,0.193049137529638,0.221864711184994,0.135166952831099
0.370253371544807,0.448766565700282,0.313605295316715,0.425773912309486,1,0,0,0.20656251611605,0,0.139223269891404,0.685492978010209,0.508354063324781,0.196137904053491,0.704022154203081,0,0.194029508688557,0,0.333205558141189,0.313371062719236,0.494418066514232,0,0.336308116995007,0.223029466337069,0,0.179778618468465,0.292510569342391,0,0.485965710237346,0.419111558643366,0.231713717514795,0.286767294547094,0.133501053883719,0,0.299394379367206,0.503802873143812,0.316075056327423,0.257664166001451,0.16623622501473,0,0.391369779973963,0,0,0,0.146843124309593,0.282431954227005,0.58507518909901,0.288063611188009,0.146676434204086,0,0.389042291735452,0.281336373623564,0.262248898079655,0.625429551223055,0,0.140811585615336,0,0,0.227164316815352,0.368596009875998,0.463168803193372,0.341669418146017,0.623792631727708,0.204027566217273,0,0,0.239392475198673,0.334877571758996,0,0,0.342316476504799,0.126829476963599,0,0.460048798866314,0.387144932244439,0.199231268408798,0.406716923002827,0.5273089787893,0.138542442226167,0,0,0.240295373288878,0.251287131402176,0.247149063347008,0.142027263914325,0,0.315147810321635,0,0.132372871067375,0.177496004716671,0,0.130004264580069,0,0.252647828711599,0.539461466722132,0.207441098070926,0.247617434440601
0.245447322605805,0,0.297105917906045,0.71857012818208,0,1,0.365844065502876,0.492269873362358,0.309265300004535,0,0.147799230714363,0.204433502340021,0,0,0.429415019025099,0,0.706064338986078,0.207194615574955,0.306924970281991,0.307814380686,0.340503350839287,0.229951877934795,0.514798834633046,0,0.327306644173161,0.145424568690163,0.443052547014075,0.251086243920888,0.252128818046277,0.330447398219989,0.258984873303537,0.248618283718149,0.456723162058726,0.555300633047454,0.15466887109176,0.216538033887427,0.380144393342696,0.129475696790941,0.196300473271013,0.362770643960384,0,0,0.249080503753279,0,0.177362089215043,0,0.259985334546541,0.514022727966296,0,0,0.342858997910755,0.681272041480766,0.197731559001447,0.903001189126227,0.222324895137291,0.456139761416732,0.30395822936904,0,0.190065332452905,0.159218783829162,0.369676426016546,0,0.529103246636271,0,0.729119849048997,0.352595772386312,0.436144672668053,0,0.155925867636471,0.330216316339203,0.431568807188677,0,0.256460148133324,0,0.304079916845198,0.228256717930732,0.267847616949499,0.281380162600347,0.333285376072607,0.177460444701122,0.46543822813945,0.386564411716107,0.21166494262079,0.358216361955091,0.265373632507474,0,0.199344512401176,0.181192188288651,0,0,0.184664668369219,0.306572326803417,0.199949839467613,0,0.1509772033098,0.204311079903558
0,0.239367851294082,0.188026600448441,0.184109672853476,0,0.365844065502876,1,0.434198605275373,0.733188319294747,0,0.203329271976994,0.433650812434789,0.344648115694522,0,0,0,0.222335105860281,0.183721984272166,0.559202133156578,0.458103893634763,0.543078812386738,0.391994774273278,0.450392886155002,0.157908504847194,0,0,0,0.165195687457672,0,0.351682257222574,0.1289337549731,0.262973358395915,0,0.473533723803829,0.316070087596085,0.356738108096026,0.450868616211227,0,0.286323283304724,0.162994232072243,0.178343093873246,0.139972999112996,0.190427234393109,0,0.451267304698299,0.137672886353617,0,0,0,0.360641657172143,0.183170150671076,0,0.188346172010806,0.336219498808611,0.257144026388295,0.2552336741911,0.618836289945835,0,0.292956941509464,0.403596567689767,0.57236944714587,0,0,0,0.327382593027054,0,0.54672440957029,0.216875528928324,0.360700946984942,0.378549023329963,0.298597338200512,0,0,0,0,0,0,0.35047569899524,0,0.236829298429244,0,0.216248819566845,0.229455219805307,0.230177964548675,0.441947384798745,0.243133976186534,0.12737576077112,0.300639251990125,0,0.160190011958,0.170181170264702,0.26180231886986,0.401679785825233,0.182494669835811,0.190805101775425,0.152532748284427
0.406158303879023,0.277022058902403,0.171166232643173,0.592930483821986,0.20656251611605,0.492269873362357,0.434198605275373,1,0.515464518636142,0,0,0.231057837267544,0.20067619505821,0,0.512618215893319,0.189642972686574,0.295738194324998,0.261491235127245,0.532031410973702,0.335438836858696,0.408392268741512,0.426842935196557,0.460519146293556,0.194509395000964,0.177511337237356,0.391011913267781,0.16893120936179,0,0.217930612229987,0.4335019656928,0.172097425185491,0.370573986559364,0,0.386072218146073,0.34496670429742,0.450289387158652,0.486321598725204,0,0,0.210096368377175,0.303140943834063,0,0,0.221366894491132,0.222140148630795,0,0.199362867327003,0,0,0.207671329181358,0.230395843176876,0.511777779433868,0.346551889182152,0.574104171288314,0,0.706773016183224,0.362785252788882,0,0,0,0.485228335806325,0,0.435286739850848,0.301632014720404,0.268125825830595,0,0.553272499930613,0,0.292514423275111,0.512430754089965,0.423765858454914,0,0,0.250161396161538,0.181219707112679,0.14039002915912,0,0.346747557025567,0.163978875571993,0.300045810649563,0,0.214195380255898,0,0.32724634816821,0.231462432001524,0,0,0.228475297181045,0.288929804647948,0,0,0.183183008224954,0.175541876551397,0,0,0
0,0.434699476922593,0.198694170986485,0.219889258869671,0,0.309265300004535,0.733188319294747,0.515464518636142,1,0.236499091615217,0.250132546831591,0.439749056235064,0.370305440570863,0,0,0,0.209755570194529,0.328347354752748,0.583031783784875,0.332157180730238,0.686408841899574,0.540537748994485,0.411123548211417,0.313642536020199,0,0,0.15466985296883,0.136842580946705,0,0.318694337312704,0,0.177870321007655,0.162239585116899,0.330945007143509,0.458950276913353,0.473060043935058,0.458261147425627,0.211662637928319,0.410533388052798,0,0.13280598126343,0.24675538958485,0.183740948660098,0,0.355574175552042,0,0,0,0.166994375600737,0.481421972815703,0.281913375095113,0,0.215158181376439,0.36039137223006,0,0.334521494713823,0.748642124960644,0,0.231172422277307,0.434983115996635,0.560191749891692,0,0,0,0.276765915285036,0,0.538135618768096,0.223796700522987,0.426318251051965,0.528639967638435,0.269469628086119,0.239573662397804,0,0,0,0,0,0.264211969532561,0.133215258416314,0.166080547377277,0.245045409848746,0,0.425657240776177,0.145817444958713,0.33409191651248,0.36481715673693,0.364245984413386,0.250194735343571,0,0.229835469776605,0.143952816340929,0.243466283663349,0.338703763192285,0,0,0
0,0,0.380822602669954,0,0.139223269891404,0,0,0,0.236499091615217,1,0,0.180349603525306,0,0,0.132673945512361,0.548379769123181,0,0.196391735276889,0,0,0.235869010369064,0,0,0.137477921566624,0.134972135396236,0,0,0.140366979128875,0,0,0,0,0.197002572368591,0.214102953057757,0,0.194801843540646,0.223323660617997,0,0,0.224804147116312,0.202619187844463,0,0,0,0,0,0,0,0,0,0.391777870842045,0,0.2546263632676,0,0.145755111030004,0,0,0.60195124564824,0.352084271609987,0.211833876270653,0,0.243155132565925,0.303844720778754,0.501244000934637,0,0.225200259168858,0.127740674414197,0.25364137407681,0,0,0.189232831815345,0,0.127199707436538,0,0,0.143904270098616,0,0.160368357332983,0.159371427835355,0,0.155168098242195,0.170842583276832,0,0.233018193911607,0.183336702966062,0,0,0,0.172606301636015,0.20552136946806,0.126360764786868,0.178644437259743,0,0.195921138523414,0.177860470045121,0.163415328075558
0,0.572079533131997,0.262138361815574,0.155138894596374,0.685492978010209,0.147799230714363,0.203329271976994,0,0.250132546831591,0,1,0.675278463918102,0.369841213398269,0.588522202403786,0.251700900055369,0.171150160851051,0,0.456046983899176,0.296692427740366,0.478777140791664,0,0.323862338823585,0,0.145191651266214,0.477890602983651,0,0.315349652373279,0.432148735091327,0.512847845464312,0,0.433513018545636,0,0.440532727590838,0,0.547174138077735,0.233045631625719,0.232277395919245,0.370050996820166,0.258244015891006,0.545128245131802,0,0,0.189804954091028,0.149420140807408,0.182486822636195,0.523563166438564,0.171218336503497,0,0.127280950518435,0.560289356901718,0.193096244143043,0,0.381454011270917,0.145655205208381,0.201882591548689,0.199930429112731,0,0.236643192658764,0.555374414380242,0.553220595769366,0.371481382577844,0.480924036349543,0.291261724057183,0,0,0.28928355801808,0.280999535774376,0.256969030192804,0,0.205051217881482,0,0,0.565131427275948,0.197802495751026,0,0.309893093077884,0.480456824826145,0,0.217844773082236,0,0.477874955190606,0,0.346978293538359,0,0,0.499941072919399,0.161423407786471,0.266897287565303,0.3140400888711,0,0.199056385650685,0,0.139635594877745,0.487600280698787,0,0.309088950529249
0,0.696431303022138,0.131570081268994,0,0.508354063324781,0.204433502340021,0.433650812434789,0.231057837267544,0.439749056235064,0.180349603525306,0.675278463918102,1,0.520313727764427,0.509390365246925,0.25926700525657,0,0,0.657129490468275,0.499488300468194,0.411806415379451,0.258108146966839,0.477634592304205,0.16195340861076,0.410967940837329,0.391318305055133,0.234256870604753,0.369128661085286,0.522831470711656,0.413776043183978,0,0.400142748515866,0,0.553194698678674,0,0.692011679571168,0.341103399124956,0.342407268533096,0.451058032996991,0.504055078145448,0.651963862095072,0.133320146839864,0,0,0,0.267980801432382,0.414781806139321,0,0.12694733381676,0,0.644712891300319,0.129206329715685,0,0.277574694751046,0.141610907958176,0.292598585353697,0,0.316150369388863,0.148306833303782,0.565047287314462,0.814138774622114,0.412433125716452,0.442834126324897,0.384383324195376,0,0.164653630300997,0.450406049567689,0.423147534880263,0.172856896831919,0.329618348470668,0.342958875090612,0,0.170680793173474,0.438216735615162,0.239090702119172,0.139666962901765,0.340415195982027,0.403738324387911,0.150574520112237,0.172975638346786,0.130625553727819,0.687546121403315,0,0.444822453273462,0,0,0.606210863576629,0.304765495536582,0.416584081874726,0.167817930337048,0,0,0,0.259862836441038,0.389941600689772,0,0.246842654126555
0.128251433785065,0.610525032999075,0.128637494976219,0.159979367270511,0.196137904053491,0,0.344648115694522,0.200676195058211,0.370305440570864,0,0.369841213398269,0.520313727764427,1,0.400796057010197,0,0.186184019453007,0,0.392778996476358,0.36588391390522,0.217511322271742,0,0.322928783085195,0,0.344908175151474,0.364954086665547,0,0.360390503205695,0.186609739405261,0.392310217573556,0,0.362922393324344,0,0.396321199761644,0,0.269122561050523,0.180209746426362,0,0.373495537645931,0.308315529340324,0.194394156889563,0,0.149530021337762,0.161005450822794,0.174597240639493,0.190236929434487,0.213187025702174,0,0.200348190872246,0,0.532459984755441,0.175196211260785,0,0,0,0,0.132420336480876,0.168053191453065,0,0.314218088430793,0.400099535955147,0.436465264344356,0.214689026035228,0.186858284789894,0.168499982536774,0,0.236858822167243,0.39262759369098,0,0.193585957800193,0,0,0,0.321576774158343,0,0.212643099633582,0,0.227521537741611,0,0,0,0.509893051614047,0.126159952669443,0.343413216596405,0.230366469037686,0,0.455432330298549,0.172543742288384,0.292642766511677,0,0.133331921777494,0.192239062009393,0.128367612409823,0,0.189667429397589,0,0
0.215193281564839,0.360566318603532,0.14941972729887,0.371293100358507,0.704022154203081,0,0,0,0,0,0.588522202403786,0.509390365246925,0.400796057010197,1,0.20399273275886,0,0,0.344783496565009,0.254363476930835,0.263205999238982,0,0.194363831077763,0.238064883196825,0,0.493598865367773,0.20693279044679,0,0.60773291264275,0.793651437685855,0,0.644617415311742,0.292778245709011,0.226831401073259,0.211161473474525,0.248875090391882,0.161137568186696,0,0.325045123443488,0,0.545343377298832,0.263894503554635,0,0,0.285894554981672,0.204426571296092,0.585414313022649,0.199255399136706,0,0.202916339432551,0.326502933156276,0,0,0.281381393585767,0,0,0.292840428459215,0,0,0.366118877991791,0.420505303899198,0.342899553901126,0.854523928256495,0.288436771846828,0,0,0.294375573026416,0.328970318808997,0,0.137257679885048,0.192242668951796,0,0,0.716187666181298,0.240422151142277,0.135405846524106,0.521071928583034,0.76877229514199,0,0.423542073141581,0.146746742934061,0.347700492199645,0.144040558395095,0,0,0.129220071345464,0.43138115399417,0,0.375315113805087,0.147290922312159,0,0,0.229523660750311,0,0.560576965512512,0.295588646242282,0.257173450539203
0.51398624749421,0,0.129108432062069,0.315850168722011,0,0.429415019025099,0,0.512618215893319,0,0.132673945512361,0.251700900055369,0.25926700525657,0,0.20399273275886,1,0,0.256200787128821,0.263283692417992,0.157418720959685,0,0.138233520058934,0,0.206201685013024,0,0.140796943183688,0,0,0,0.259774830036303,0.265026334395121,0,0.16679079392913,0.254011049081985,0.132218774264255,0.170671328642186,0.180738004216621,0.196471673604026,0,0,0.390910711272022,0.19668484125682,0,0,0,0,0.206000992969447,0,0,0.272442464970834,0,0.171914448905837,0.395362262551198,0.189966948331282,0.425725114475381,0.293255027720039,0.406389151743968,0,0.212671491295898,0,0.219816675235064,0,0.157273820688939,0.754629686308082,0,0.169798894766998,0.29750884051868,0,0,0,0,0,0,0,0.178843944838037,0,0,0.3125617370496,0,0,0,0.284726148679243,0,0,0,0.178827980517193,0,0.171657725410463,0,0.167487654053548,0,0,0,0,0.241163368649244,0,0
0,0,0.735388507535177,0,0.194029508688557,0,0,0.189642972686574,0,0.548379769123181,0.171150160851051,0,0.186184019453007,0,0,1,0,0.29475503679697,0,0.133956274510067,0,0.149529661295712,0,0,0,0,0,0,0.133981792139252,0.177044943878599,0,0.160048236523039,0.262946739564572,0.251260165454665,0,0.257985758338796,0.319652968214938,0,0,0.240598563039551,0.129096872266934,0,0.258686331641424,0,0.214518958941331,0.129080835320874,0,0.198791069523253,0,0,0.704160517900068,0,0.36914717087437,0,0,0,0,0.293370860752357,0.461758947591407,0.198021043601254,0,0,0.132801871870086,0.77600026681281,0,0.317619599945646,0.173593593930515,0.345477518102419,0,0.143813194899904,0.180303346314136,0,0,0.165554652629044,0,0,0,0.141856386230308,0,0,0.235196549932626,0.212239587890679,0.146163175323789,0.232210256968605,0.26893798442437,0,0,0.341253101737381,0.149948442886335,0.154043571265027,0.340073489291363,0,0.285193256151876,0.259586802911614,0,0.288276946823542
0.241168984899591,0,0.133110654351542,0.544703882968881,0,0.706064338986078,0.222335105860281,0.295738194324998,0.209755570194529,0,0,0,0,0,0.256200787128821,0,1,0.135782658727393,0.200447508253003,0.461734062054235,0.296634297870419,0.289794739324767,0.291860474877955,0.13746753823273,0.308184329342917,0,0.33204126283656,0,0.188851250037269,0.306755380306226,0,0.157646878184415,0.394158534664088,0.55568272004466,0,0.288079668822092,0.38243224479791,0,0,0,0,0.138747591640298,0.339720624679075,0,0.408228343744422,0,0.290435920516016,0.511954905916585,0,0,0.200015682641727,0.551678571731716,0.273939013512215,0.704242924297595,0.185953216174763,0.340918805316456,0.407559159702055,0,0.138239696441305,0,0.416267840831226,0,0.311025792773305,0,0.814819324992594,0.315542981909431,0.357706949491251,0.244407114329411,0.206852708446511,0.401794310771064,0.270425239645082,0,0.206554625718604,0,0.301625281892132,0,0.213468212065457,0.193179418105339,0.154493386378788,0.196173319032719,0.342371016486897,0.415640729527119,0,0.370314359859572,0.213784343898608,0,0,0,0,0.141441621894934,0.318764478413961,0.239391846059149,0.483160167417023,0,0.144092562145082,0.301176840800356
0,0.431520361498963,0,0,0.333205558141189,0.207194615574955,0.183721984272166,0.261491235127245,0.328347354752748,0.196391735276889,0.456046983899175,0.657129490468274,0.392778996476358,0.344783496565009,0.263283692417992,0.29475503679697,0.135782658727393,1,0.433251355393383,0.299140499507263,0.146506287746409,0.482027679339172,0.188861913212446,0.528468926092778,0.18510189506868,0.264262806225959,0.348053626061267,0.50934303388337,0.366343196379135,0,0.255400026829419,0,0.593506898960728,0,0.725359264365089,0.2472229098202,0.181090092887205,0.325121722918963,0.415874812978483,0.431350382575584,0,0,0,0,0.221638689354221,0.395883571523166,0.152280303870118,0,0,0.390430945821075,0.183246487731716,0,0,0,0.407845921600591,0,0,0.137559484727908,0,0.459154445228978,0.212191678633177,0.204817245884791,0.517478729557291,0.385779862262204,0.140779193024322,0.644722097431865,0.432253263270022,0,0.137184646727246,0.379309956125159,0,0.26418117001129,0.242075115391579,0.292011076505041,0,0.348878434848922,0.40726685953876,0,0,0.128813982372773,0.662298463227017,0,0.286970831531703,0.169727704040663,0.231921190993414,0.488519630751467,0.355205131285777,0.133389939096192,0,0.133809150343144,0.184980092438361,0,0.188526523581586,0.226459506264092,0,0.129223001901426
0.281204160088366,0.379667293012471,0,0.405380345602815,0.313371062719236,0.306924970281991,0.559202133156578,0.532031410973702,0.583031783784875,0,0.296692427740366,0.499488300468194,0.36588391390522,0.254363476930835,0.157418720959685,0,0.200447508253003,0.433251355393383,1,0.343565480708718,0.399230355331812,0.419357910624015,0.681732125745258,0.316592926920392,0,0.400815449588473,0.132416061378114,0.415379231419724,0,0.381552572028815,0,0.219082486278285,0.273188363936193,0.388258504702616,0.557824367791446,0.35532452989905,0.533869091584458,0.187293430193016,0.340189495728677,0.295113874735013,0.181364169198016,0,0,0,0.40018338117966,0.430562849410241,0.377862677979663,0.21318118949065,0,0.398049096764965,0.16868152149945,0.414152172542361,0.485979294249552,0.390838764876639,0,0.380273656087408,0.412924472364442,0,0.252441449948252,0.544074985332511,0.588251719702554,0.266846038472324,0,0.153788062124196,0.20574471275421,0.292195986189233,0.776683362935403,0,0.354028079938707,0.375518595924585,0.479076402006199,0.403347447467042,0.225683427260924,0.210601976772197,0,0.310219571571525,0.267426345791885,0.222546808450861,0,0.224860064475213,0.32769026841406,0,0.26788766913146,0,0.163304617675296,0.565870436489443,0.338021835548279,0.2758095650268,0.184716520937572,0,0,0.156761939874899,0.438900262187385,0.310134342539426,0.205452737293418,0.279602907125948
0,0.379268668301477,0,0.317297500685111,0.494418066514232,0.307814380686,0.458103893634763,0.335438836858696,0.332157180730238,0,0.478777140791664,0.411806415379451,0.217511322271742,0.263205999238982,0,0.133956274510067,0.461734062054235,0.299140499507263,0.343565480708718,1,0.251036627582736,0.337543586305849,0.284401914231853,0.217084116630141,0,0.139362984667088,0,0.371087527733238,0,0.141476424527067,0.243595858349882,0,0,0.425386602444668,0.52651329790171,0.228709137317911,0.363540957999072,0.229365077274764,0.237070508400042,0.238869945765994,0,0,0.136404125816723,0,0.350367204161729,0.39054510600978,0.152902206756766,0.237645858108767,0,0.387159882253346,0,0.258829463145248,0.341604800058799,0.31370724202302,0,0,0.401854819162026,0.141194718395282,0.205472433847571,0.408733055323136,0.450213326118597,0.206460142039431,0,0,0.297331138802968,0,0.404060202148413,0.565314980271467,0.274933437550953,0.330696086805073,0.242236281133175,0,0.168563319197519,0.15420180911564,0,0.350008514162941,0,0,0,0,0,0.425409623513247,0.284309159853647,0.191183438901606,0.179619024659356,0.228537990160962,0,0.147856236783148,0.274370485965739,0,0,0.249629571299995,0.41155928242967,0.320658465441272,0,0.310865873378263
0,0.163914792387524,0.128424734836286,0.237662229321094,0,0.340503350839287,0.543078812386738,0.408392268741511,0.686408841899574,0.235869010369064,0,0.258108146966838,0,0,0.138233520058934,0,0.296634297870419,0.146506287746409,0.399230355331812,0.251036627582736,1,0.410872438441013,0.416967460855006,0.144224170036758,0.277407530978108,0,0,0.154100025230766,0.188813138640274,0.300993080806655,0.247120949971876,0.144479458808525,0,0.431751827632815,0.268212441170682,0.411676971907022,0.345172495903099,0,0.153275992837503,0,0,0,0.336174625651409,0.144422562115095,0.441766672446923,0.141502174486996,0.159632010741365,0.243761957963424,0.25357745960357,0.333710838622414,0.192036565709634,0.216448169442068,0.233097152536821,0.453013500498541,0.186771041514203,0.410997705334182,0.470681525081978,0.152323143355412,0,0.249759589173323,0.300973076123236,0,0,0,0.348527265403298,0.171410924854634,0.495751182978194,0.131093657602224,0.704085359299643,0.622554444453739,0.335722082242785,0,0,0,0,0,0.130586619337865,0.386665214462025,0,0.330012605371926,0,0.172855937419387,0.152761370686208,0.417817930589733,0.355701197045661,0,0,0,0,0,0.389901948088414,0.259238527885678,0.476441410121343,0,0,0.219768275556662
0.288863217851438,0.611504040399838,0.225092592693498,0.354987915247251,0.336308116995007,0.229951877934795,0.391994774273278,0.426842935196557,0.540537748994485,0,0.323862338823585,0.477634592304205,0.322928783085195,0.194363831077763,0,0.149529661295712,0.289794739324767,0.482027679339172,0.419357910624015,0.337543586305849,0.410872438441013,1,0.160442151140093,0.360060988106916,0.13889125609456,0.252964778646724,0,0.190286243584777,0,0.36407164397177,0,0.186836452513976,0,0.412176344963003,0.537308307433805,0.783505105151352,0.640073443982038,0.258006366885129,0.36233071322603,0.324765257573058,0.170015014145908,0.184593716301439,0.204946165276056,0,0.550851003650871,0,0,0,0,0.553646513323394,0,0.2832778260098,0.307590559828362,0.375936163002123,0.327229413304443,0.293500059445264,0.350279822081036,0.198910925210663,0.243477549718536,0.395238661386266,0.411640301163612,0,0.187484721969442,0,0.20018231982812,0,0.416801564052435,0,0.219475927886119,0.833882022924945,0,0,0,0,0,0,0,0.274385494593002,0.287705806254346,0.252368814776516,0.238794866115278,0.180193451203914,0.448751388967825,0.283512149570282,0.226533341856335,0.331790632825613,0.309950312570355,0.171689484122482,0,0.202084428125791,0,0.210069181272991,0.547509387469418,0,0,0.166831381332975
0.278451787190419,0,0.268689358272098,0.582744072543999,0.223029466337069,0.514798834633046,0.450392886155002,0.460519146293556,0.411123548211417,0,0,0.16195340861076,0,0.238064883196825,0.206201685013024,0,0.291860474877955,0.188861913212446,0.681732125745258,0.284401914231853,0.416967460855007,0.160442151140093,1,0,0.142013332079323,0.503778034974954,0.287377074492362,0.265555256228738,0,0.347016399046057,0,0.170504056975525,0,0.530872707370203,0.262836744845181,0,0.372295047668149,0,0,0,0.142210310909818,0,0,0.184704962055147,0.2382290454895,0.289790905755401,0.284343546076095,0.29130790178292,0,0,0.365308560951329,0.585738937189364,0.327079200698894,0.539387933361459,0.171942078685074,0.361346618216323,0.350176873330158,0.217031133765229,0,0.176642412805094,0.588414042542463,0.197997631873757,0.217533409812281,0.198321697070473,0.334691083856308,0.145306210224513,0.761821194802273,0,0.327157242652503,0.327549445141391,0.882180037738794,0,0,0.428721514667255,0.393743086187878,0.203457618668951,0.238924701572332,0.242655545785434,0,0.15876593459182,0,0.228437808628557,0.187584243097594,0.158705569970119,0.13262772470453,0.177667447467643,0,0,0,0.167987684599856,0,0.337512232687187,0.248855054693407,0.236755665424008,0.191133753449023,0.155026800431584
0,0.505356433774675,0.131213106964048,0.176110256075033,0,0,0.157908504847194,0.194509395000963,0.313642536020199,0.137477921566624,0.145191651266214,0.410967940837329,0.344908175151473,0,0,0,0.13746753823273,0.528468926092778,0.316592926920391,0.217084116630141,0.144224170036758,0.360060988106916,0,1,0.132874687966944,0.152229714774938,0.515614069005859,0.169311947137656,0,0.175880384655561,0,0,0.472077906392488,0.20898101250525,0.534506816110339,0.130048764373294,0.126523608345487,0.534986375818527,0.674072499326025,0.221486047615538,0,0.142598082812807,0,0.13171982450877,0.266101946033883,0,0,0,0.164933540086661,0.601164752608912,0,0.158157859075669,0,0,0.482868837836227,0,0,0,0.161532184118667,0.33022184129196,0,0.150256891229034,0.133637462914196,0.227842844839132,0.221405909352031,0.197376696251351,0,0.29374013553108,0,0,0.169580101715237,0.498319462232113,0,0.200043875658196,0.524264065454891,0,0,0,0.13604914042703,0,0.436071586216079,0.130187637932599,0.593377815859182,0.235700048949832,0,0.393547874614241,0.486044629184637,0.262820702817051,0.158661382761865,0,0,0,0.18324118972642,0,0.354155622146686,0.158271294907484
0,0.301707549218679,0,0.227368994665087,0.179778618468465,0.327306644173161,0,0.177511337237356,0,0.134972135396236,0.477890602983651,0.391318305055133,0.364954086665547,0.493598865367773,0.140796943183688,0,0.308184329342917,0.18510189506868,0,0,0.277407530978108,0.13889125609456,0.142013332079323,0.132874687966944,1,0,0.384567289597647,0.299163193791808,0.764812139076138,0.565445305499069,0.828574622005853,0.564546033277396,0.444885330078066,0.316491139724077,0,0.19313697493391,0.205541228860483,0.583343172084653,0.304721833659657,0.445339157157845,0.396409375805997,0,0.374266572525064,0.386126594168329,0.195128573575644,0.213826079834852,0.189887218744114,0.282347263527896,0.208907648880609,0.314216215584252,0,0.411677322646854,0,0.386944740099121,0,0.486447162259412,0,0,0.39311234377283,0.281181560119545,0,0.463765145224889,0.213067823550517,0,0.365937058741182,0.211162023156643,0,0.3312804441912,0,0.297881862309443,0.239582700483649,0.222379701626207,0.79446836206989,0.13404883344894,0.241902656051575,0.256752184029456,0.59593240306321,0.475997963239156,0.669351641905354,0.518414516247751,0.451937983041588,0.136212700907358,0.240012227118422,0.496878822239287,0.311119131502535,0.440652063205609,0.200436766087006,0.347956681144767,0,0,0.317615746710018,0.332308989935872,0.269814557182346,0.219130385025332,0.139282899754941,0
0.443776150669814,0,0,0.502107723970789,0.292510569342391,0.145424568690163,0,0.391011913267781,0,0,0,0.234256870604753,0,0.20693279044679,0,0,0,0.264262806225959,0.400815449588473,0.139362984667088,0,0.252964778646724,0.503778034974954,0.152229714774938,0,1,0.555937694248209,0.181536208036005,0,0.198967625375967,0,0,0,0.487173221497197,0.295489988784202,0.193301161846149,0.376030849466238,0,0.273987723564048,0,0,0,0,0.335382035956676,0,0.201183937024752,0,0,0,0,0,0.542695802405789,0.331963972214834,0.294849632465677,0,0.181763056028752,0,0.129960966975993,0,0,0.355400345106356,0.241199191471498,0,0.27349714062874,0,0.217938976744934,0.406653859504395,0.306978634426566,0,0.348554019097137,0.470461122133614,0,0,0.820717179930595,0.60174548295726,0,0.29438261379587,0,0,0,0,0.312744953653208,0.205475754032846,0.168980478820589,0,0,0.28655381244862,0.132415263986524,0,0,0.129136804725172,0.25519816610144,0.135104477672101,0.241247456824972,0,0
0.201844956078443,0.445191650444774,0,0.450296189976783,0,0.443052547014075,0,0.16893120936179,0.15466985296883,0,0.315349652373279,0.369128661085286,0.360390503205695,0,0,0,0.33204126283656,0.348053626061267,0.132416061378114,0,0,0,0.287377074492362,0.515614069005859,0.384567289597647,0.555937694248209,1,0.332514014405276,0.229293811187594,0.166435598226686,0.316009193682553,0.13626338335099,0.619046951787848,0.498803948268773,0.336193514136,0,0.166939936452688,0.370764179184211,0.588497657190808,0.398803802693526,0,0,0.154704206615734,0.290811857886283,0.200954310227622,0.165704139691809,0,0.30355286804857,0,0.525919721020722,0,0.514449992971947,0.13711431768787,0.413957376664889,0.220497309259543,0.185158123931818,0,0,0.345140304230155,0.374585394634272,0,0,0.326760165190205,0,0.263336496261074,0.253126213190355,0,0.207333208922935,0,0.153475990747959,0.37395123940975,0.410982209567932,0.342516453889919,0.45927204399888,0.765882427549598,0.279492948926998,0,0,0.185399703395292,0,0.607854286946908,0.492142149607027,0.528070140746775,0.369515562917035,0,0.457760875556708,0.544018077722441,0.378628800856512,0,0,0,0.336444504033728,0,0,0,0
0.191332066812566,0.262636310345068,0,0,0.485965710237346,0.251086243920889,0.165195687457672,0,0.136842580946705,0.140366979128875,0.432148735091327,0.522831470711656,0.186609739405261,0.60773291264275,0,0,0,0.50934303388337,0.415379231419723,0.371087527733238,0.154100025230766,0.190286243584777,0.265555256228738,0.169311947137656,0.299163193791807,0.181536208036005,0.332514014405276,1,0.566581141781027,0,0.474254081290433,0.287706440539189,0.350852741524492,0.188432654836611,0.486701165654999,0.260511182970444,0.231054716029683,0.369489916309717,0.32088486138651,0.630196590616026,0.217225676864859,0,0.201841602125684,0,0.269141385932416,0.598142425249668,0.215638198474896,0,0,0.309600858595604,0,0,0.287381486501303,0.132928673313325,0,0.133847571663736,0,0.151850081306571,0.285699625724495,0.5370191139211,0.262010787237575,0.614298472283636,0.243958691742362,0,0.131233129403776,0.402539269832998,0.328588970306797,0,0.208614662540932,0.216208170281461,0,0.297091622930408,0.568176720504178,0.183797430024502,0,0.907784930638537,0.588560704585141,0,0.426311039585432,0,0.443812685344662,0,0.157122240879163,0,0.237355783530283,0.623021770723664,0.263683873257572,0.415499465917997,0,0,0,0.183559362755165,0.284126785064159,0.499685073763364,0.155127520635845,0.266011470444212
0,0.219216023018122,0,0,0.419111558643367,0.252128818046277,0,0.217930612229987,0,0,0.512847845464312,0.413776043183978,0.392310217573556,0.793651437685855,0.259774830036304,0.133981792139252,0.188851250037269,0.366343196379135,0,0,0.188813138640274,0,0,0,0.764812139076137,0,0.229293811187594,0.566581141781027,1,0.493480260207984,0.757522367631204,0.566909907538776,0.489115947965384,0,0.168344375231687,0.141382229859084,0.150360565638327,0.535304192896549,0.172136456980771,0.512885259509986,0.550766517785047,0,0.362197572431358,0.294990503946083,0,0.453005706144348,0,0,0.15804816233212,0.256783120698096,0,0.179159898810191,0,0.278334825836468,0,0.49617532850134,0.177177880760132,0,0.208791995917728,0.289631939198263,0.126507566049913,0.669417213374022,0.351058432093304,0,0.268186905605955,0.356954522607165,0,0,0,0,0,0,0.789767636065771,0.170950781099453,0,0.492548916718647,0.858249101014175,0.37819954771364,0.560036795659563,0.416147388816868,0.525831676902084,0.132377438036538,0,0.417213902245885,0.393752595819494,0.489138262035821,0.146127350296756,0.321607874834751,0.151541793470856,0,0.334598364697118,0.292452631034197,0.175602986378195,0.42128710197262,0,0.180611711627811
0.298874913647247,0.153373479793824,0,0.413221877040538,0.231713717514795,0.330447398219989,0.351682257222574,0.4335019656928,0.318694337312703,0,0,0,0,0,0.265026334395121,0.177044943878599,0.306755380306226,0,0.381552572028815,0.141476424527067,0.300993080806655,0.36407164397177,0.347016399046057,0.175880384655561,0.565445305499069,0.198967625375967,0.166435598226686,0,0.493480260207984,1,0.407889269929111,0.841719255574769,0.230928536094634,0.425868292775656,0.230460648677879,0.579704467043775,0.569111639477236,0.426518470322331,0,0.143445213808672,0.761989108417546,0,0.341664289511521,0.143963657579468,0.382818667638402,0,0.364285789676589,0,0,0,0,0.459791748419385,0.554215547413529,0.38266659339063,0.132917961344173,0.494856491199243,0.253864157139698,0.239342181713755,0,0.206351411019038,0.377893086381137,0,0.129021792086126,0.135372547388212,0.370468118368265,0,0.348864557138269,0.162669716536817,0,0.409769795796081,0.294774351786875,0.144362363963895,0.297929085792547,0.152170144343327,0.273775940436273,0,0.28031903822197,0.719518797525217,0.440125738600878,0.716346476958345,0.127885213952566,0.146863450582477,0,0.462450005760137,0.54963918695354,0,0,0,0.215670968459918,0,0.287049293611685,0.127377749186785,0.415629809659734,0,0.314734667189591,0
0,0.326162093085118,0,0,0.286767294547094,0.258984873303537,0.1289337549731,0.172097425185491,0,0,0.433513018545636,0.400142748515866,0.362922393324344,0.644617415311742,0,0,0,0.255400026829419,0,0.243595858349882,0.247120949971876,0,0,0,0.828574622005853,0,0.316009193682553,0.474254081290433,0.757522367631204,0.407889269929111,1,0.499325658181373,0.372109562699884,0.147971101886737,0.187872180799084,0,0.137838397099251,0.502063753015407,0.287723369060379,0.498204337887645,0.318168962803786,0,0.274829326965823,0.460203281146216,0,0.346523321540323,0,0.20105494882004,0.249359565375074,0.241079568375066,0.136695016150482,0.159226860170446,0,0.265056168979528,0,0.463649476554906,0,0,0.318935982576302,0.359538716953688,0,0.510392358171566,0.227038079232064,0,0.200976571309331,0.323901704673734,0,0.267217244286373,0,0.187371843777305,0.1639812874097,0.200452341804492,0.760326752717806,0,0,0.487094484671622,0.621134873050551,0.441558417557497,0.592726566785376,0.39017845489799,0.4369835359208,0,0.195546222241566,0.420162488686104,0.259824891743407,0.491967803650318,0.248455535676102,0.445131314524611,0.129004229380058,0.182272660342988,0.211339348370059,0.313226134389645,0,0.306247036712421,0,0
0,0,0,0.225659807300731,0.133501053883719,0.248618283718149,0.262973358395915,0.370573986559364,0.177870321007655,0,0,0,0,0.292778245709011,0.16679079392913,0.160048236523039,0.157646878184415,0,0.219082486278285,0,0.144479458808525,0.186836452513976,0.170504056975525,0,0.564546033277396,0,0.13626338335099,0.287706440539189,0.566909907538776,0.841719255574769,0.499325658181373,1,0,0.169825366836253,0.185712574029282,0.297815870151306,0.344513227396578,0.529205056403268,0.185062111352316,0.30601225470542,0.800838376576557,0.150727130221842,0.330334950529425,0.145811699534971,0.198188144185514,0,0.335409756289082,0,0,0,0,0.327207784320833,0.373830369355831,0.261686190882793,0,0.483789370747875,0,0.14633686839425,0,0,0.189851900730644,0.21781090238555,0.157516216796988,0,0.312419079345371,0,0.210719059345458,0,0,0.220431107144712,0.213370686880324,0.218159435107757,0.430089497073098,0,0.16138832774505,0.29024899597906,0.394858035878275,0.780287983479742,0.523428405471228,0.839802604981988,0.136827880899923,0.130772670743797,0,0.400806802014032,0.539359275757552,0.296759228401123,0.157365205169069,0.305129314805493,0.436013434098553,0,0.208961743669062,0.141823315047744,0.225007677502241,0,0.203812657444306,0
0.195178434343269,0.447120113070161,0,0.279343121880754,0,0.456723162058726,0,0,0.162239585116899,0.197002572368591,0.440532727590838,0.553194698678674,0.396321199761643,0.226831401073259,0.254011049081985,0.262946739564572,0.394158534664088,0.593506898960728,0.273188363936193,0,0,0,0,0.472077906392488,0.444885330078066,0,0.619046951787848,0.350852741524492,0.489115947965384,0.230928536094634,0.372109562699884,0,1,0.540982339053284,0.506976115443835,0.126410127499067,0,0.353213054620314,0.490748292328928,0.420178664785035,0,0.126696784322451,0.332495291878752,0,0,0.298259882964888,0,0.238988255631398,0,0.517967311901149,0,0.371741168632356,0,0.370833254389247,0.431083923758268,0.192980887639576,0.132719789377807,0,0.228705479643857,0.429907837371986,0,0.147340114229585,0.502426573336908,0.190332947995642,0.36015436512876,0.516958202967547,0,0,0,0,0,0.376933002806709,0.42871226240047,0,0.414468263731408,0.238515150613217,0.417974323743841,0,0.200649193838743,0,0.886433218830393,0.550642662938241,0.378435744026365,0.573804229584004,0.28943969237495,0.478333571536832,0.467150862028793,0.212543337719486,0.189484159551327,0.139946233017863,0.334922705831817,0.150725664095498,0,0.191163806601161,0.136152666139998,0
